0 0.3265625 0.20627515220462783 0.159375 0.2596190336118279
0 0.83671875 0.3254999264620967 0.2359375 0.24398871642535305
0 0.2609375 0.3371948883644634 0.1859375 0.2982013725471326
0 0.58203125 0.38934095608241087 0.1109375 0.2217078567298018
0 0.9078125 0.4541780247889414 0.184375 0.3106377055509382
0 0.5140625 0.42329019174795485 0.1140625 0.4124601907221905
0 0.26875 0.45391947334543536 0.2 0.2503368755128822
0 0.97421875 0.5959463721272031 0.0515625 0.17085101087441484
0 0.16640625 0.5684992850947027 0.1171875 0.3063375247145794
0 0.90234375 0.6992676903022611 0.1875 0.29201503954332714
0 0.9515625 0.7481482006823844 0.071875 0.1857411818249421
0 0.25390625 0.6400333868815886 0.1703125 0.2272522025851888