0 0.1832983434660247 0.3438528155491499 0.3665966869320494 0.3939556310982999
0 0.4175127158823814 0.33184092886476957 0.1968536910658786 0.243035178245597
0 0.43179557795965595 0.5799167098820163 0.20972187220695981 0.3184718258882322
0 0.5963482295312326 0.5938444309316842 0.1720720148871962 0.24655828453190337
0 0.8003807580672799 0.6174404044625514 0.3637244755977818 0.4113956881703945
0 0.18581325971990967 0.6794821004953381 0.37162651943981934 0.4089642009906761
0 0.15602521402035463 0.11296453453190332 0.3000471575674326 0.18235885152879533
0 0.538591271716131 0.841783047352185 0.33283404052775933 0.31643390529563015
0 0.20085600496465333 0.8889684164587728 0.40171200992930667 0.20507722166884043
0 0.8208023041811197 0.8886859342414531 0.2891139656729845 0.22262813151709376
0 0.8085808256833443 0.23966000681991634 0.3609633486333113 0.41906263895618273