0 0.290625 0.21640625 0.13203125 0.23828125
0 0.80859375 0.2515625 0.21171875 0.21015625
0 0.24140625 0.35703125 0.15390625 0.2734375
0 0.56484375 0.35703125 0.08671875 0.2078125
0 0.909375 0.36640625 0.18125 0.2828125
0 0.50234375 0.4015625 0.06484375 0.40234375
0 0.26328125 0.471875 0.1734375 0.22265625
0 0.9796875 0.49765625 0.0359375 0.16484375
0 0.1765625 0.6015625 0.08203125 0.29375
0 0.91953125 0.6125 0.15625 0.26796875
0 0.9734375 0.653125 0.05078125 0.17734375
0 0.271875 0.65859375 0.146875 0.2046875