0 0.33087702227409455 0.37323159935506917 0.1992098631835546 0.2278016109416668
0 0.46763339382539204 0.38569261892236073 0.13177670171816516 0.22155030452090294
0 0.5853907818850329 0.40876448337940924 0.14592108887329508 0.22344011284152784
0 0.8698343809350935 0.46315581696690905 0.21341620533620978 0.3202073164887501
0 0.5881140694242756 0.5502798361529508 0.15078565128862387 0.1673719507974308
0 0.48001496438132146 0.5473204499444094 0.16155273292582972 0.1941526563445141
0 0.3323587143813214 0.550757187310972 0.2234728787873867 0.21432099240055572
0 0.7305582762308234 0.6861965395158327 0.15956086499257688 0.27525718597979176
0 0.6146024055840371 0.6974996750587843 0.12693207146044044 0.1886650693385418
0 0.8685838986866321 0.7228763090831243 0.18479323835289668 0.3398288322563195
0 0.5262326243763726 0.7277158115516663 0.19846623473485198 0.2433902433504862
0 0.33412701153150237 0.7337515252668748 0.2399919934412793 0.26152330072118063