0 0.18271614660917784 0.38420391935868065 0.3654322932183557 0.4246578387173613
0 0.39122204363264046 0.32738339672181566 0.22428948635114887 0.25559766136218043
0 0.4401346168347855 0.5694896280633153 0.24802239288512418 0.32927151869827115
0 0.6049976375129499 0.554211168085587 0.2024872609582548 0.25690562269254436
0 0.7956055208875614 0.5400139501113586 0.3795335661683225 0.4369942067154522
0 0.20957716842549806 0.7135374306969986 0.4191543368509961 0.43790327339272467
0 0.1300128316792004 0.15699598201781736 0.2600256633584008 0.20774196403563475
0 0.5846315177871896 0.8189970900302258 0.3717895326698766 0.36200581993954833
0 0.24498251282479075 0.8965301020050906 0.433116522745079 0.20693979598981863
0 0.8413909400369306 0.8156957501193126 0.2549230562435249 0.276255606699544
0 0.7630692725401913 0.19804407877144972 0.4113614549196175 0.3827066960534521