0 0.49296875 0.54921875 0.09140625 0.12890625
0 0.384375 0.5953125 0.146875 0.12421875
0 0.75 0.66953125 0.14921875 0.25078125
0 0.9 0.70625 0.17578125 0.265625
0 0.37109375 0.7140625 0.134375 0.1265625
0 0.5171875 0.72421875 0.18046875 0.14921875
0 0.81875 0.72421875 0.16796875 0.21484375
0 0.1234375 0.7921875 0.209375 0.23046875
0 0.51171875 0.8328125 0.13203125 0.14453125
0 0.3765625 0.83828125 0.1390625 0.14921875
0 0.27421875 0.86484375 0.1296875 0.16171875
0 0.8453125 0.89765625 0.2765625 0.2046875
0 0.16953125 0.93671875 0.21875 0.1265625