0 0.44921875 0.265625 0.103125 0.134375
0 0.5625 0.26796875 0.115625 0.14453125
0 0.8640625 0.39765625 0.1921875 0.1515625
0 0.19609375 0.43671875 0.259375 0.2203125
0 0.53828125 0.49765625 0.3265625 0.3140625
0 0.85546875 0.53046875 0.15859375 0.18203125
0 0.10234375 0.58828125 0.1421875 0.1671875
0 0.259375 0.6140625 0.16796875 0.17734375
0 0.86328125 0.64921875 0.1734375 0.16171875
0 0.50703125 0.075 0.11796875 0.1265625
0 0.5328125 0.76484375 0.14921875 0.1671875
0 0.58046875 0.85859375 0.10546875 0.09609375
0 0.48828125 0.86796875 0.11796875 0.11171875
0 0.8484375 0.871875 0.1875 0.25546875
0 0.19140625 0.8796875 0.24296875 0.240625
0 0.5890625 0.92890625 0.10546875 0.0984375
0 0.48671875 0.953125 0.1515625 0.09375
0 0.55078125 0.16796875 0.09140625 0.11171875
0 0.46171875 0.16953125 0.09140625 0.12421875
0 0.19453125 0.18203125 0.28125 0.33671875
0 0.84765625 0.18515625 0.2359375 0.23046875