0 0.3546875 0.4015625 0.071875 0.19765625
0 0.42890625 0.40390625 0.1078125 0.1875
0 0.6296875 0.4671875 0.1078125 0.18515625
0 0.55390625 0.5390625 0.071875 0.26328125
0 0.38359375 0.54921875 0.134375 0.18203125
0 0.615625 0.55078125 0.08671875 0.21484375
0 0.6078125 0.80390625 0.1390625 0.27578125
0 0.2015625 0.828125 0.1390625 0.27109375
0 0.4953125 0.86171875 0.08671875 0.24296875
0 0.41953125 0.1484375 0.10078125 0.2203125
0 0.209375 0.34453125 0.1109375 0.20234375
0 0.72734375 0.3453125 0.103125 0.2078125
0 0.521875 0.3515625 0.1078125 0.16484375