0 0.15082821067863547 0.47548016331159193 0.30165642135727094 0.31778967337681613
0 0.38481971892407907 0.5240700152769117 0.3036372943712749 0.3876476400381801
0 0.8124372137329944 0.5948241265515962 0.27692360495108836 0.3311249200349984
0 0.5946504742563381 0.5942354225811858 0.28526672596954084 0.3671351453691802
0 0.7603917824170772 0.8718047972231414 0.25289529977412106 0.24028174403245323
0 0.5010013718654985 0.8482785799252307 0.36848947867096393 0.2947158000477252
0 0.09605116346476317 0.7971011719844098 0.19210232692952633 0.3089226560311804
0 0.262113177113053 0.8346631646244564 0.2532284997176514 0.29962038136536223
0 0.4020798975385732 0.17736992731540993 0.3177152049228535 0.35473985463081986
0 0.6457165054734333 0.21343031791059502 0.30523061547443203 0.3345771840388164
0 0.1748572448795025 0.14958637466184113 0.24247301024099502 0.29917274932368226
0 0.8668487818523797 0.27721845588005095 0.25428974175455643 0.37145901869827125