0 0.44306775758835437 0.5549530971855692 0.20354150329870535 0.2919093258882322
0 0.5945022254559008 0.5932986213783902 0.15439329796757129 0.21160108767505648
0 0.8091270151102018 0.6377165171589986 0.3581955625490476 0.4052184627775004
0 0.16858956096620198 0.622994505995856 0.33717912193240396 0.3647390119917121
0 0.20498536520197935 0.07995513544152612 0.28377926959604133 0.15365165467194847
0 0.509565969649913 0.8421180143704674 0.3108371777510269 0.315763971259065
0 0.1803584720906885 0.8315711393704674 0.360716944181377 0.144392278740935
0 0.8071025477048739 0.9024926460901945 0.317347939033798 0.19501470781961103
0 0.20588365782578127 0.9414384449948201 0.41176731565156255 0.1141268899896403
0 0.8366947032860701 0.2548869005336101 0.3262468805748785 0.43337769602827736
0 0.44761181974169056 0.31812518527491035 0.16546719028743925 0.21679800992479742
0 0.18740306010827215 0.29790461476336166 0.3748061202165443 0.36753868031251163