0 0.15234375 0.53828125 0.2984375 0.265625
0 0.421875 0.54296875 0.2234375 0.3515625
0 0.8609375 0.54296875 0.209375 0.29609375
0 0.6453125 0.57734375 0.209375 0.33203125
0 0.87890625 0.853125 0.19453125 0.27109375
0 0.615625 0.859375 0.3078125 0.28125
0 0.146875 0.865625 0.240625 0.26796875
0 0.37265625 0.865625 0.1921875 0.26796875
0 0.3578125 0.1953125 0.24296875 0.32890625
0 0.6078125 0.19765625 0.23828125 0.29375
0 0.12734375 0.21015625 0.18046875 0.2734375
0 0.8546875 0.22265625 0.2046875 0.3390625