0 0.45322079444186203 0.3329618227036359 0.23896857864272913 0.331858588873295
0 0.2153182470162282 0.3804665072360892 0.4109793575113371 0.42343301447217846
0 0.6605698338338137 0.42950370929293874 0.26145125241907435 0.23645755766563054
0 0.25367363367852197 0.5709620324508599 0.34329205759604164 0.3310950282669884
0 0.47534423635171014 0.5389628392119793 0.2107386208772782 0.19485655585660827
0 0.14680054935059805 0.688421770126388 0.20905429451244922 0.246173394391219
0 0.7056757494353026 0.6289205331282284 0.28017043131591723 0.2904014292169281
0 0.8637502288121383 0.6596769674335391 0.27249954237572355 0.676086623699004
0 0.4474368571584012 0.7789682049975256 0.4684880206231643 0.4420635900049488
0 0.25993612813450145 0.8557520330166868 0.35598947867096387 0.2884959339666263
0 0.7403824913310334 0.8351766796691837 0.3013621628294786 0.32964664066163263
0 0.6203789313865045 0.23423879692303834 0.2885135523343699 0.3266664778374471