0 0.10625 0.74453125 0.121875 0.1484375
0 0.203125 0.73125 0.1234375 0.15
0 0.30546875 0.67421875 0.1421875 0.2046875
0 0.23203125 0.8703125 0.1375 0.1609375
0 0.12890625 0.8796875 0.11875 0.153125
0 0.33828125 0.840625 0.13125 0.1609375
0 0.42109375 0.46015625 0.2234375 0.2078125
0 0.45390625 0.6390625 0.21875 0.2109375
0 0.4875 0.80703125 0.2171875 0.1875
0 0.64140625 0.62578125 0.1953125 0.1921875
0 0.66640625 0.78359375 0.203125 0.1734375
0 0.84140625 0.728125 0.215625 0.225
0 0.0359375 0.18828125 0.071875 0.2421875
0 0.1609375 0.1703125 0.1703125 0.2203125
0 0.40546875 0.1140625 0.1625 0.215625