0 0.2421875 0.2046875 0.165625 0.2015625
0 0.446875 0.20703125 0.1859375 0.215625
0 0.234375 0.39375 0.1953125 0.20625
0 0.40859375 0.4015625 0.159375 0.2078125
0 0.621875 0.2140625 0.1859375 0.2203125
0 0.56953125 0.40703125 0.1765625 0.2078125
0 0.2609375 0.5921875 0.2203125 0.221875
0 0.25390625 0.81015625 0.203125 0.2296875
0 0.4828125 0.59921875 0.2140625 0.2234375
0 0.478125 0.7984375 0.2328125 0.221875
0 0.69765625 0.59921875 0.21875 0.2078125
0 0.70703125 0.79765625 0.225 0.221875
0 0.72109375 0.41171875 0.1546875 0.1921875
0 0.88203125 0.30078125 0.175 0.2078125
0 0.903125 0.5171875 0.190625 0.259375
0 0.90390625 0.76640625 0.1921875 0.2828125