0 0.1875 0.0421875 0.190625 0.084375
0 0.40390625 0.07734375 0.3171875 0.1546875
0 0.71328125 0.12265625 0.3609375 0.2390625
0 0.21328125 0.5421875 0.30625 0.26875
0 0.15703125 0.74765625 0.2984375 0.26875
0 0.4578125 0.60078125 0.2984375 0.2671875
0 0.41484375 0.80546875 0.296875 0.265625
0 0.7125 0.61953125 0.2890625 0.2984375
0 0.66328125 0.84921875 0.2984375 0.2828125
0 0.9625 0.1921875 0.075 0.209375
0 0.9234375 0.5046875 0.153125 0.23125
0 0.896875 0.69765625 0.18125 0.2359375
0 0.85859375 0.88984375 0.1734375 0.2203125