0 0.203125 0.77578125 0.2234375 0.34375
0 0.17734375 0.109375 0.19453125 0.20078125
0 0.36171875 0.09765625 0.1890625 0.1953125
0 0.54765625 0.08828125 0.20078125 0.1765625
0 0.50859375 0.36640625 0.2234375 0.14921875
0 0.51796875 0.51171875 0.2140625 0.14140625
0 0.525 0.6546875 0.2140625 0.14609375
0 0.52578125 0.8125 0.21484375 0.1734375
0 0.72578125 0.6171875 0.21015625 0.18984375
0 0.73359375 0.80078125 0.21015625 0.1828125
0 0.84765625 0.559375 0.1765625 0.1796875
0 0.91484375 0.7796875 0.1703125 0.2265625