0 0.0984375 0.528125 0.196875 0.246875
0 0.08125 0.7625 0.1625 0.24375
0 0.11640625 0.06875 0.1703125 0.1375
0 0.35859375 0.07734375 0.2296875 0.1546875
0 0.328125 0.37578125 0.2515625 0.2203125
0 0.315625 0.57421875 0.2640625 0.2140625
0 0.290625 0.78515625 0.275 0.240625
0 0.7046875 0.09140625 0.3234375 0.1765625
0 0.93203125 0.11640625 0.1359375 0.1703125
0 0.546875 0.40703125 0.0953125 0.0828125
0 0.57578125 0.728125 0.209375 0.3515625
0 0.7890625 0.43125 0.2 0.2140625
0 0.76796875 0.61796875 0.1859375 0.2
0 0.77265625 0.80859375 0.20625 0.2015625