0 0.33359375 0.1453125 0.2015625 0.2296875
0 0.5296875 0.20390625 0.2234375 0.246875
0 0.27421875 0.32421875 0.23125 0.2390625
0 0.4390625 0.38046875 0.1984375 0.234375
0 0.69609375 0.259375 0.225 0.2515625
0 0.5921875 0.4296875 0.2140625 0.2375
0 0.24453125 0.52265625 0.2578125 0.259375
0 0.17734375 0.73046875 0.24375 0.2640625
0 0.45625 0.590625 0.2515625 0.259375
0 0.396875 0.78125 0.2703125 0.2625
0 0.6625 0.65 0.2546875 0.2453125
0 0.6171875 0.84296875 0.2625 0.2609375
0 0.73671875 0.47578125 0.1890625 0.2171875
0 0.9078125 0.41328125 0.184375 0.2359375
0 0.88203125 0.6265625 0.2359375 0.290625
0 0.81875 0.85625 0.25 0.2875