0 0.17734375 0.72109375 0.290625 0.3953125
0 0.57734375 0.38359375 0.2640625 0.1921875
0 0.553125 0.5328125 0.2421875 0.1875
0 0.52890625 0.68125 0.2296875 0.1703125
0 0.49375 0.8453125 0.2546875 0.2078125
0 0.74765625 0.68984375 0.24375 0.221875
0 0.71171875 0.8875 0.2359375 0.225
0 0.87265625 0.8890625 0.1546875 0.221875
0 0.88828125 0.66640625 0.2109375 0.23125
0 0.2984375 0.07265625 0.21875 0.1453125
0 0.48828125 0.08984375 0.2171875 0.1796875
0 0.68515625 0.1140625 0.225 0.20625
0 0.88359375 0.15234375 0.2328125 0.2078125