0 0.37890625 0.26796875 0.09609375 0.16171875
0 0.275 0.4046875 0.0875 0.1703125
0 0.36015625 0.42421875 0.096875 0.165625
0 0.24375 0.58125 0.0953125 0.17109375
0 0.35234375 0.5796875 0.09609375 0.14296875
0 0.48828125 0.40703125 0.1234375 0.13671875
0 0.25625 0.725 0.0953125 0.12578125
0 0.35546875 0.71328125 0.12109375 0.14609375
0 0.278125 0.846875 0.11640625 0.12578125
0 0.3734375 0.846875 0.08828125 0.1390625
0 0.45546875 0.84609375 0.0859375 0.1375
0 0.5421875 0.8484375 0.08828125 0.14296875
0 0.62734375 0.8515625 0.0921875 0.15390625
0 0.7125 0.86171875 0.096875 0.1515625
0 0.4859375 0.67890625 0.10859375 0.13203125
0 0.59375 0.6796875 0.11328125 0.13359375
0 0.7046875 0.67734375 0.11328125 0.134375
0 0.4859375 0.54296875 0.09609375 0.1390625
0 0.6265625 0.3421875 0.10625 0.07578125
0 0.63203125 0.43515625 0.11171875 0.109375
0 0.63125 0.2453125 0.09609375 0.1296875