0 0.04140625 0.2109375 0.0828125 0.1875
0 0.19765625 0.1515625 0.3234375 0.234375
0 0.503125 0.0984375 0.36875 0.196875
0 0.26953125 0.67578125 0.31875 0.2875
0 0.31953125 0.86953125 0.3109375 0.2609375
0 0.51171875 0.60859375 0.3125 0.284375
0 0.57421875 0.80859375 0.309375 0.2828125
0 0.74375 0.5015625 0.3046875 0.3140625
0 0.81171875 0.7265625 0.3125 0.2984375
0 0.79609375 0.0453125 0.1796875 0.090625
0 0.88515625 0.2921875 0.196875 0.2390625
0 0.921875 0.48046875 0.15625 0.2421875
0 0.95625 0.675 0.0875 0.246875