0 0.13671875 0.26640625 0.1640625 0.21875
0 0.265625 0.23359375 0.1609375 0.203125
0 0.37578125 0.19296875 0.16875 0.2140625
0 0.609375 0.10625 0.178125 0.2125
0 0.41953125 0.53359375 0.2296875 0.21875
0 0.4640625 0.7109375 0.23125 0.21875
0 0.50859375 0.88046875 0.228125 0.1921875
0 0.64921875 0.6859375 0.2109375 0.1953125
0 0.68359375 0.8375 0.2046875 0.1796875
0 0.85390625 0.76015625 0.21875 0.221875
0 0.96171875 0.73203125 0.0765625 0.1765625
0 0.31328125 0.76484375 0.159375 0.203125
0 0.2171875 0.83125 0.1328125 0.1515625
0 0.1203125 0.85625 0.1296875 0.159375
0 0.25234375 0.94375 0.1453125 0.1125
0 0.36171875 0.9203125 0.1421875 0.159375
0 0.1484375 0.96015625 0.11875 0.0796875