0 0.16640625 0.15625 0.19140625 0.21328125
0 0.03671875 0.18828125 0.0734375 0.20625
0 0.38515625 0.12734375 0.1484375 0.2546875
0 0.55546875 0.14375 0.14296875 0.20859375
0 0.6890625 0.13125 0.1421875 0.19765625
0 0.8203125 0.11015625 0.15703125 0.2140625
0 0.05859375 0.48671875 0.1171875 0.1828125
0 0.05703125 0.66796875 0.1140625 0.196875
0 0.06015625 0.8453125 0.1203125 0.18359375
0 0.18203125 0.71484375 0.11796875 0.18671875
0 0.18359375 0.87265625 0.128125 0.13046875
0 0.39765625 0.71328125 0.1078125 0.15
0 0.40078125 0.85859375 0.1046875 0.15078125
0 0.50625 0.715625 0.11640625 0.1578125
0 0.509375 0.86640625 0.11875 0.16015625
0 0.625 0.67890625 0.1234375 0.1921875
0 0.6296875 0.8625 0.11953125 0.1703125
0 0.784375 0.484375 0.2140625 0.19453125
0 0.79140625 0.6734375 0.2171875 0.190625
0 0.796875 0.8625 0.2296875 0.18984375