0 0.48359375 0.2390625 0.153125 0.1875
0 0.33359375 0.32109375 0.1484375 0.190625
0 0.403125 0.37421875 0.15625 0.190625
0 0.2328125 0.4703125 0.15625 0.1953125
0 0.3328125 0.5125 0.1453125 0.1703125
0 0.52734375 0.41015625 0.16875 0.175
0 0.1859375 0.60625 0.1375 0.153125
0 0.28125 0.6359375 0.1703125 0.1828125
0 0.15625 0.7265625 0.1578125 0.1625
0 0.24296875 0.765625 0.1375 0.1625
0 0.31875 0.7984375 0.134375 0.1609375
0 0.396875 0.83515625 0.1390625 0.1671875
0 0.4734375 0.87265625 0.146875 0.178125
0 0.546875 0.9140625 0.15 0.171875
0 0.4140625 0.6578125 0.153125 0.1640625
0 0.5125 0.70234375 0.1578125 0.16875
0 0.61484375 0.7453125 0.1578125 0.16875
0 0.46953125 0.53359375 0.14375 0.165625
0 0.6796875 0.40703125 0.128125 0.1125
0 0.646875 0.49453125 0.146875 0.1453125
0 0.7234375 0.32109375 0.140625 0.1578125