0 0.41640625 0.2515625 0.1203125 0.175
0 0.29296875 0.3703125 0.1125 0.18125
0 0.3734375 0.403125 0.121875 0.178125
0 0.234375 0.53984375 0.1203125 0.184375
0 0.34140625 0.55546875 0.1171875 0.15625
0 0.503125 0.40625 0.14375 0.1546875
0 0.22421875 0.684375 0.1140625 0.1390625
0 0.32421875 0.68828125 0.1421875 0.1625
0 0.2265625 0.8078125 0.134375 0.1421875
0 0.32109375 0.82265625 0.109375 0.1515625
0 0.4015625 0.83515625 0.10625 0.15
0 0.4875 0.85078125 0.109375 0.1546875
0 0.57109375 0.8671875 0.115625 0.1671875
0 0.653125 0.890625 0.11875 0.165625
0 0.4578125 0.67421875 0.128125 0.146875
0 0.56484375 0.6921875 0.1328125 0.15
0 0.67421875 0.70703125 0.1328125 0.15
0 0.4796875 0.540625 0.1171875 0.153125
0 0.65 0.3640625 0.1171875 0.0921875
0 0.640625 0.45625 0.128125 0.125
0 0.66953125 0.26875 0.115625 0.14375