0 0.15234375 0.79296875 0.1390625 0.1875
0 0.16171875 0.9265625 0.1453125 0.146875
0 0.2625 0.76953125 0.15 0.171875
0 0.284375 0.91796875 0.153125 0.1640625
0 0.38203125 0.70859375 0.1671875 0.2109375
0 0.41484375 0.903125 0.1421875 0.1796875
0 0.08984375 0.21796875 0.178125 0.2375
0 0.275 0.228125 0.1515625 0.190625
0 0.39453125 0.21484375 0.140625 0.1625
0 0.50625 0.19453125 0.1484375 0.184375
0 0.5109375 0.4984375 0.2203125 0.2078125
0 0.54375 0.66953125 0.234375 0.21875
0 0.575 0.8625 0.25 0.2203125
0 0.734375 0.6765625 0.209375 0.2015625
0 0.76953125 0.834375 0.21875 0.1984375
0 0.915625 0.7765625 0.16875 0.24375