0 0.1109375 0.73515625 0.11328125 0.171875
0 0.096875 0.8859375 0.12109375 0.16484375
0 0.2234375 0.72890625 0.12734375 0.153125
0 0.2203125 0.88984375 0.128125 0.16796875
0 0.35078125 0.6875 0.13828125 0.1921875
0 0.353125 0.88515625 0.11875 0.16328125
0 0.1390625 0.15703125 0.14609375 0.2171875
0 0.3203125 0.19609375 0.12578125 0.1734375
0 0.440625 0.2015625 0.11953125 0.1453125
0 0.55390625 0.19921875 0.1234375 0.1671875
0 0.5109375 0.5 0.1953125 0.1796875
0 0.51640625 0.67421875 0.2078125 0.1890625
0 0.5171875 0.86953125 0.22265625 0.18828125
0 0.70390625 0.7109375 0.184375 0.175
0 0.7140625 0.87265625 0.19453125 0.16953125
0 0.89765625 0.84375 0.2 0.21484375