0 0.22578125 0.77890625 0.22578125 0.35859375
0 0.55390625 0.37109375 0.23984375 0.1484375
0 0.55859375 0.521875 0.21796875 0.14921875
0 0.56328125 0.67265625 0.2078125 0.13359375
0 0.559375 0.83984375 0.2265625 0.16796875
0 0.7796875 0.6390625 0.21171875 0.18515625
0 0.78203125 0.8421875 0.203125 0.19453125
0 0.9453125 0.83203125 0.109375 0.2484375
0 0.9125 0.5890625 0.175 0.2015625
0 0.21484375 0.08828125 0.1890625 0.1765625
0 0.40859375 0.08671875 0.18828125 0.1734375
0 0.6078125 0.0859375 0.1953125 0.171875
0 0.8171875 0.08515625 0.21796875 0.16953125