0 0.2057356296875 0.5582730015624999 0.31639103749999997 0.6171095265625001 0.38124237499999997 0.49514189843749995 0.27058696718749997 0.4363053734375 0.2057356296875 0.5582730015624999
0 0.34276437187500003 0.62748284375 0.46771249218750005 0.6939189390625 0.5285385125000001 0.57952183125 0.4035903921875 0.5130857375 0.34276437187500003 0.62748284375
0 0.1417307703125 0.657640971875 0.1995417640625 0.688379621875 0.2568512125 0.580596228125 0.19904021875 0.5498575781249999 0.1417307703125 0.657640971875
0 0.2878908796875 0.7486838328125 0.3506794890625 0.7820691296875 0.41100569218749994 0.6686120421874999 0.3482170828125 0.635226746875 0.2878908796875 0.7486838328125
0 0.20351528437500002 0.6929147015625 0.2607082140625 0.723324721875 0.316009465625 0.6193181953125 0.258816534375 0.588908175 0.20351528437500002 0.6929147015625
0 0.155073153125 0.40761385 0.23588493124999999 0.450582234375 0.2675519484375 0.39102523749999996 0.1867401703125 0.3480568515625 0.155073153125 0.40761385
0 0.1227599421875 0.47289921250000005 0.2023245578125 0.51520446875 0.23399157499999998 0.455647471875 0.154426959375 0.413342215625 0.1227599421875 0.47289921250000005
0 0.05085634375 0.5826228125 0.1248363140625 0.6219586609375 0.186162153125 0.5066215328125 0.11218218124999998 0.467285684375 0.05085634375 0.5826228125
0 0.5367967734375 0.65546283125 0.6051810640624999 0.691823403125 0.638356459375 0.629429559375 0.5699721671875 0.5930689874999999 0.5367967734375 0.65546283125
0 0.6045574828125 0.6914918390625 0.6611213125 0.7215673609375 0.6942967078125 0.6591735171875001 0.6377328765625 0.6290979953125 0.6045574828125 0.6914918390625
0 0.50241253125 0.73662479375 0.576392503125 0.7759606421874999 0.6140930328125 0.70505625625 0.5401130609375 0.6657204078125 0.50241253125 0.73662479375
0 0.5810132718750001 0.77477868125 0.6413075546875 0.8068377203124999 0.6694579984375 0.7538944375 0.6091637140625 0.7218353984375 0.5810132718750001 0.77477868125
0 0.4993419796875 0.8113868015625 0.5938284078125 0.8616261265625 0.621479034375 0.8096228625 0.5269926046875 0.7593835375 0.4993419796875 0.8113868015625
0 0.67959335 0.7168336546875 0.71253833125 0.7343508125 0.7396802140625 0.6833043562500001 0.7067352312499999 0.6657871984375 0.67959335 0.7168336546875
0 0.7149934906250001 0.741728196875 0.7491856359375 0.759908484375 0.7783446406250001 0.705068375 0.7441524937499999 0.6868880875000001 0.7149934906250001 0.741728196875
0 0.7565327609375 0.7625984765625 0.787612515625 0.779123875 0.815263140625 0.7271206109375 0.7841833859375 0.7105952125 0.7565327609375 0.7625984765625
0 0.6547883796875 0.773988846875 0.6889805265625 0.7921691328125 0.71462295625 0.7439427375000001 0.680430809375 0.7257624515625001 0.6547883796875 0.773988846875
0 0.694688934375 0.7964101234375 0.7239034625 0.8119437640625 0.7495458921875 0.76371736875 0.7203313640625 0.748183728125 0.694688934375 0.7964101234375
0 0.7289948625 0.8158674546875 0.7607037171875 0.8327273515625 0.7858374046875001 0.7854577625 0.7541285484375 0.7685978640625 0.7289948625 0.8158674546875
0 0.621969834375 0.840211296875 0.6561619796875 0.8583915828125 0.68632061875 0.80167143125 0.6521284734374999 0.7834911453125 0.621969834375 0.840211296875
0 0.6649118671875 0.8509216046875 0.696620721875 0.867781503125 0.7222631515625 0.8195551062499999 0.690554296875 0.8026952093749999 0.6649118671875 0.8509216046875
0 0.700464959375 0.8710420624999999 0.7340280046875 0.88888785 0.75816205625 0.8434983015625 0.7245990109375 0.8256525140625 0.700464959375 0.8710420624999999
0 0.1753223453125 0.10721445 0.213289090625 0.12740172656249998 0.234504565625 0.087501225 0.19653781875 0.067313946875 0.1753223453125 0.10721445
0 0.263333384375 0 0.2458332703125 0.032912928125000004 0.266538390625 0.0439220375 0.289892153125 0 0.263333384375 0
0 0.29432333125 0 0.2660880984375 0.053102753125 0.282312259375 0.06172929218749999 0.3151343078125 0 0.29432333125 0
0 0.2801795453125 0.07407418437499999 0.2932913171875 0.0810458359375 0.327064709375 0.017527325 0.3139529375 0.010555671875 0.2801795453125 0.07407418437499999
0 0.317801878125 0.1223602859375 0.32747015468749996 0.127501 0.35621859375 0.07343304843750001 0.3465503171875 0.068292334375 0.317801878125 0.1223602859375
0 0.33678861875 0.11830935468749999 0.3612904140625 0.131337190625 0.3816669078125 0.0930145796875 0.3571651125 0.07998674375 0.33678861875 0.11830935468749999
0 0.0193694078125 0.3697266671875 0.0863299453125 0.4053302171875 0.113686034375 0.3538808953125 0.046725496875 0.31827734531249996 0.0193694078125 0.3697266671875
0 0 0.42696319374999997 0.019060460937500003 0.3911156796875 0.0017988359374999999 0.3819375109375 0 0.38532062968749997 0 0.42696319374999997
0 0.0026980375 0.426867925 0.09900554687499999 0.478075534375 0.13752720624999998 0.40562683125000004 0.041219696875 0.3544192203125 0.0026980375 0.426867925
0 0.2023579546875 0.2986881828125 0.2316938890625 0.3142863765625 0.250678034375 0.2785823921875 0.22134209999999999 0.2629842 0.2023579546875 0.2986881828125
0 0.10879979687500001 0.20652488125000001 0.132617309375 0.2191888765625 0.15467176093749999 0.1777104828125 0.13085425 0.1650464875 0.10879979687500001 0.20652488125000001
0 0.0882003890625 0.24943365312500002 0.1085633671875 0.2602608421875 0.1292165453125 0.2214178625 0.10885356718750001 0.2105906734375 0.0882003890625 0.24943365312500002
0 0.0633191546875 0.28872000625 0.09059119843749999 0.303220809375 0.1112443765625 0.2643778296875 0.0839723328125 0.24987702656250002 0.0633191546875 0.28872000625
0 0.096200565625 0.3001529390625 0.1262318203125 0.316120840625 0.1401910140625 0.28986741875 0.110159759375 0.2738995171875 0.096200565625 0.3001529390625
0 1 0.5565954468750001 0.97998821875 0.594232134375 1 0.6048725875 1 0.5565954468750001
0 1 0.5019062984375 0.9800156156250001 0.5394914609375 1 0.550117346875 1 0.5019062984375
0 0.870294125 0.8148613375 0.8925719953125 0.8267066921874999 0.9139570499999999 0.786487253125 0.8916791796875 0.7746418984375001 0.870294125 0.8148613375
0 0.855346259375 0.7921856984375 0.8747711062500001 0.802514071875 0.892229021875 0.769680509375 0.8728041734374999 0.759352134375 0.855346259375 0.7921856984375
0 0.830908746875 0.838145975 0.85033359375 0.8484743484375 0.8708439671875 0.8098999453125 0.8514191203125 0.7995715718749999 0.830908746875 0.838145975
0 0.8524466859375 0.860116159375 0.8697193484374999 0.869300196875 0.8897923828125001 0.8315483125 0.8725197203124999 0.822364275 0.8524466859375 0.860116159375
0 1 0.563105428125 0.9839942859375 0.593207796875 1 0.6017181859375 1 0.563105428125
0 0.8543932609375 0.63880355625 0.8688956765625001 0.6465146265625 0.8840687109375001 0.6179782968749999 0.869566296875 0.6102672265625 0.8543932609375 0.63880355625
0 0.8730801218750001 0.6479105640625 0.8863022624999999 0.6549409015625 0.9021625468750001 0.62511204375 0.8889404078125 0.6180817078125 0.8730801218750001 0.6479105640625
0 0.8416957828125 0.628736296875 0.8561981984375 0.6364473671875001 0.869996734375 0.6104960937499999 0.8554943203125 0.6027850234375001 0.8416957828125 0.628736296875
0 0.8290127484375001 0.6186551875 0.843084725 0.6261373906250001 0.8558479265625 0.6021333015625 0.8417759484375 0.5946510984375 0.8290127484375001 0.6186551875
0 0.811076271875 0.652375478125 0.8247178125 0.6596288140625 0.8388555109375 0.6330396703125001 0.825213971875 0.6257863343750001 0.811076271875 0.652375478125
0 0.82403161875 0.6609326703125 0.8393838703125001 0.66909560625 0.85386965625 0.6418518062499999 0.8385174046874999 0.63368886875 0.82403161875 0.6609326703125
0 0.2084230890625 0.19421125781249998 0.230507815625 0.205953915625 0.2710555203125 0.1296947734375 0.24897079375 0.117952115625 0.2084230890625 0.19421125781249998
0 0.22552803593749998 0.3495928296875 0.23887158125000002 0.35668771875 0.2701191078125 0.2979196671875 0.2567755625 0.290824778125 0.22552803593749998 0.3495928296875
0 0.2507701296875 0.3576205859375 0.261806975 0.3634889796875 0.28933264531249997 0.311720721875 0.2782958015625 0.30585232812499996 0.2507701296875 0.3576205859375
0 0.8054004515625 0.7494371656250001 0.8242624203125001 0.7594662515625 0.8424879125 0.7251890859375 0.8236259453124999 0.7151599984375 0.8054004515625 0.7494371656250001
0 0.8348477828125 0.783956403125 0.8458846281250001 0.7898247984375 0.8603971906250001 0.7625306375 0.8493603453125 0.75666224375 0.8348477828125 0.783956403125
0 0.7890047234375 0.784719534375 0.805571028125 0.7935279953125 0.8230557203125001 0.7606440703125 0.806489415625 0.7518356109375001 0.7890047234375 0.784719534375
0 0.90907758125 0.5389260734375 0.9284030968750001 0.5492016328125 0.9421659328124999 0.523317503125 0.9228404171875001 0.51304194375 0.90907758125 0.5389260734375
0 1 0.40599457812499995 0.9952621703125001 0.40347542968749994 0.9811244718750001 0.43006457343750004 1 0.440100871875 1 0.40599457812499995
0 0.9446658609374999 0.43759387343749995 0.966287040625 0.449090059375 0.9807996015624999 0.42179589999999995 0.9591784234375 0.410299715625 0.9446658609374999 0.43759387343749995