0 0.6038121921874999 0.6914416906249999 0.7291181046874999 0.6936289140625 0.7315289265625 0.5555130703125 0.6062230140625 0.553325846875 0.6038121921874999 0.6914416906249999
0 0.4342255234375 0.68525861875 0.5757164703125001 0.687728353125 0.5779776515624999 0.5581853484375 0.4364867046875 0.5557156156249999 0.4342255234375 0.68525861875
0 0.671458440625 0.8104255734375 0.7369234687499999 0.81156826875 0.7390539234375 0.6895146171875 0.6735888953125 0.688371921875 0.671458440625 0.8104255734375
0 0.49384883281249997 0.8190952390625 0.5649505031250001 0.8203363234375001 0.5671931031249999 0.6918577953125 0.496091434375 0.6906167125 0.49384883281249997 0.8190952390625
0 0.6010193375 0.8113351625 0.665784471875 0.8124656421875001 0.6678402734375 0.69468890625 0.6030751390625 0.6935584265625 0.6010193375 0.8113351625
0 0.754958453125 0.584823775 0.8464695125 0.58642110625 0.8476467203125001 0.5189789078125 0.7561356609375001 0.5173815765625001 0.754958453125 0.584823775
0 0.7529815359375001 0.657614046875 0.8430803109375 0.6591867265625 0.8442575187499999 0.591744528125 0.7541587437499999 0.5901718484375 0.7529815359375001 0.657614046875
0 0.7689988203125 0.7885504125 0.852773559375 0.7900127046875001 0.8550533218749999 0.6594052234375 0.7712785828125 0.65794293125 0.7689988203125 0.7885504125
0 0.3150087375 0.6167797375 0.3924469421875 0.6181314265625 0.3936802234375 0.547476790625 0.31624201875 0.5461251015624999 0.3150087375 0.6167797375
0 0.2516621375 0.6156740187499999 0.3157148796875 0.6167920625 0.3169481609375 0.5461374265625001 0.25289541875 0.5450193828125001 0.2516621375 0.6156740187499999
0 0.29939723749999997 0.7043247953125 0.3831719765625 0.7057870890625 0.384573478125 0.6254951359375001 0.3007987390625 0.62403284375 0.29939723749999997 0.7043247953125
0 0.22765174843749997 0.69985905625 0.2959288484375 0.7010508375 0.296975328125 0.6410979921875 0.22869822968750003 0.6399062109375 0.22765174843749997 0.69985905625
0 0.242616 0.770796421875 0.3496122015625 0.772664046875 0.3506401015625 0.713775678125 0.2436439 0.7119080531249999 0.242616 0.770796421875
0 0.200494259375 0.6019272109375 0.2378010765625 0.602578403125 0.2388100640625 0.544773521875 0.20150324687499999 0.544122328125 0.200494259375 0.6019272109375
0 0.15605119843749998 0.6065134875 0.1947703 0.6071893328125 0.1958542734375 0.5450885265625 0.15713517187499998 0.5444126828125 0.15605119843749998 0.6065134875
0 0.11312648593750001 0.6046899265625 0.148321125 0.6053042515625 0.149349025 0.5464158828125 0.1141543859375 0.5458015578125 0.11312648593750001 0.6046899265625
0 0.19306750156250002 0.6639173046875 0.231786603125 0.6645931484375 0.23273985000000003 0.609981696875 0.1940207484375 0.6093058515625 0.19306750156250002 0.6639173046875
0 0.15293628125 0.6642816109375 0.1860187421875 0.6648590671875 0.1869719875 0.6102476140624999 0.153889528125 0.6096701578125 0.15293628125 0.6642816109375
0 0.11067396874999999 0.6646182281249999 0.14658100000000002 0.6652449890625001 0.147515334375 0.6117170203125 0.111608303125 0.6110902609375 0.11067396874999999 0.6646182281249999
0 0.18966596875 0.7377475109375 0.22838507031250002 0.7384233546875001 0.2295062046875 0.6741935953125 0.190787103125 0.6735177515624999 0.18966596875 0.7377475109375
0 0.14972763125 0.7263453328125 0.1856346609375 0.7269720921875 0.1865879078125 0.6723606390625 0.150680878125 0.6717338796875 0.14972763125 0.7263453328125
0 0.10677792500000001 0.72666995 0.144784634375 0.727333359375 0.1456818078125 0.6759343453125 0.10767509687500001 0.6752709359375 0.10677792500000001 0.72666995
0 1 0.1037989390625 0.9577410015625001 0.10306130625000001 0.9561948375 0.19164096875 1 0.192405590625 1 0.1037989390625
0 0.9314022375000001 0.31311841406249996 0.9743956890625001 0.31386886875000003 0.9751843656249999 0.2686856359375 0.9321909140625 0.2679351828125 0.9314022375000001 0.31311841406249996
0 0.9253011078125001 0.21428965937500002 0.9487475375000001 0.21469891875 0.9505116890625 0.1136306640625 0.9270652609375001 0.1132214046875 0.9253011078125001 0.21428965937500002
0 0.9028718421875 0.22221691250000003 0.92124404375 0.22253760156250002 0.92249955625 0.15060939375 0.9041273546875 0.15028870625 0.9028718421875 0.22221691250000003
0 0.8839044968750001 0.23378879062500002 0.898752234375 0.2340479578125 0.900007746875 0.1621197515625 0.8851600078124999 0.1618605828125 0.8839044968750001 0.23378879062500002
0 0.8314891015624999 0.2578491625 0.842437434375 0.2580402671875 0.8435061453125 0.1968138515625 0.8325578140625 0.196622746875 0.8314891015624999 0.2578491625
0 0.8000494140625 0.2448079828125 0.8277951874999999 0.2452922875 0.8285526750000001 0.2018958578125 0.8008069015625001 0.20141155312499998 0.8000494140625 0.2448079828125
0 0.9077008031249999 0.6177511640625 0.983526753125 0.6190747109375 0.9845437046875001 0.560813625 0.9087177546874999 0.559490078125 0.9077008031249999 0.6177511640625
0 0.9723274640625 0.700944959375 0.9918744875 0.701286153125 0.9929743875 0.6382729375 0.9734273640625 0.6379317437500001 0.9723274640625 0.700944959375
0 0.8613468421875 0.6752304 0.9704052296875 0.6771340203125 0.9718372562500001 0.5950932843750001 0.8627788687500001 0.5931896640625001 0.8613468421875 0.6752304
0 0.8247015640625 0.4676485890625 0.8579215031249999 0.46822844531249996 0.8586272312500001 0.427797340625 0.8254072906250001 0.427217484375 0.8247015640625 0.4676485890625
0 0.9574600765625 0.43250772031249995 0.9844309671874999 0.4329784984375 0.9852508328124999 0.38600846718750004 0.958279940625 0.3855376890625 0.9574600765625 0.43250772031249995
0 0.9585860437499999 0.480091653125 0.98164503125 0.4804941484375 0.9824128046875 0.436508453125 0.9593538171875 0.43610595781250006 0.9585860437499999 0.480091653125
0 0.9534774515625 0.5263783671875 0.9843602468749999 0.526917428125 0.9851280203125 0.48293173281249996 0.9542452234375001 0.482392671875 0.9534774515625 0.5263783671875
0 0.9160514 0.5203820734375 0.9500587203125 0.5209756734375001 0.950577646875 0.4912463609375 0.916570328125 0.4906527609375 0.9160514 0.5203820734375
0 0.0088496078125 0.349266503125 0.0345081984375 0.34971437656250004 0.0356114171875 0.286511075 0.009952825 0.286063203125 0.0088496078125 0.349266503125
0 0.032914824999999995 0.30133319062499997 0.0610230421875 0.301823821875 0.0619477546875 0.2488471015625 0.0338395359375 0.2483564703125 0.032914824999999995 0.30133319062499997
0 0 0.5954518328125 0.02348565625 0.5958617765625001 0.0242806359375 0.5503173828125 0 0.5498935640625 0 0.5954518328125
0 0.0255560734375 0.5828921312500001 0.047552721874999995 0.583276084375 0.0482017125 0.5460954375 0.0262050640625 0.545711484375 0.0255560734375 0.5828921312500001
0 0.02464761875 0.6349374375 0.0466442671875 0.6353213890625 0.047406732812500005 0.5916398296875001 0.025410082812500002 0.5912558765625 0.02464761875 0.6349374375
0 0 0.643795696875 0.017155403125 0.644095146875 0.017901609375 0.6013450031249999 0 0.6010325296875 0 0.643795696875
0 0.0107291859375 0.346513715625 0.031501021875 0.3468762890625 0.0325879828125 0.28460440625 0.011816146875 0.2842418328125 0.0107291859375 0.346513715625
0 0.10632487187499999 0.44930040781249997 0.1227473703125 0.44958706406250004 0.1233114203125 0.41727259375000003 0.10688892187500001 0.41698593749999996 0.10632487187499999 0.44930040781249997
0 0.0870155890625 0.44823131250000003 0.10198830781249998 0.4484926625 0.10257790781250001 0.4147145375 0.0876051875 0.41445318750000004 0.0870155890625 0.44823131250000003
0 0.122311040625 0.44665124375 0.13873353906250002 0.4469379 0.13924649375 0.417550740625 0.12282399531249999 0.4172640859375 0.122311040625 0.44665124375
0 0.13877871718749998 0.443991471875 0.154713790625 0.4442696203125 0.1551882578125 0.417087446875 0.139253184375 0.4168093 0.13877871718749998 0.443991471875
0 0.1386058171875 0.4821881875 0.1540534640625 0.4824578265625 0.1545790265625 0.4523483453125 0.1391313796875 0.4520787046875 0.1386058171875 0.4821881875
0 0.12118900156250001 0.483357784375 0.13857385312499998 0.48366123906249997 0.13911235625 0.452810425 0.1217275046875 0.452506971875 0.12118900156250001 0.483357784375
0 0.8782595453125 0.373473903125 0.9032682359375 0.37391043125 0.9047755796875 0.28755476562500004 0.8797668890624999 0.2871182375 0.8782595453125 0.373473903125
0 0.797867234375 0.5012538234374999 0.8129774328125 0.5015175734375 0.814139046875 0.4349687765625 0.7990288484375 0.4347050265625 0.797867234375 0.5012538234374999
0 0.7745101703125 0.49608304218750005 0.787008265625 0.496301196875 0.7880315203125 0.4376789484375 0.775533425 0.43746079375 0.7745101703125 0.49608304218750005
0 0.0906019625 0.56972875625 0.1119612078125 0.5701015828125 0.1126387328125 0.531286203125 0.0912794875 0.5309133765625 0.0906019625 0.56972875625
0 0.0569726375 0.585798284375 0.069470734375 0.586016440625 0.07001023281249999 0.5551086 0.0575121359375 0.5548904453125 0.0569726375 0.585798284375
0 0.0904363609375 0.6085815953125 0.109196003125 0.6089090453125 0.10984598906250001 0.5716713703125 0.091086346875 0.5713439203124999 0.0904363609375 0.6085815953125
0 0.10145678437500001 0.335338775 0.1233409515625 0.335720765625 0.12385257812499999 0.3064096390625 0.1019684125 0.30602765 0.10145678437500001 0.335338775
0 0.0875833109375 0.205133853125 0.1131044234375 0.20557932656250003 0.1136299859375 0.17546984375000002 0.0881088734375 0.175024371875 0.0875833109375 0.205133853125
0 0.0322422984375 0.211298234375 0.0577634109375 0.21174370781250001 0.058717653125000005 0.15707522812500002 0.033196540625 0.15662975625 0.0322422984375 0.211298234375
0 0.06593455312499999 0.19126532499999999 0.0857315375 0.1916108828125 0.0863815234375 0.1543732078125 0.0665845390625 0.15402765000000002 0.06593455312499999 0.19126532499999999
0 0.1168577953125 0.22941271875 0.141341565625 0.229840084375 0.1418810640625 0.198932246875 0.11739729375 0.1985048796875 0.1168577953125 0.22941271875