0 0.3288037546875 0.7463312984375 0.44927387812499997 0.7117870468749999 0.4111981921875 0.5790013515625 0.29072807031250003 0.6135456031250001 0.3288037546875 0.7463312984375
0 0.475451178125 0.7009285296875001 0.611481725 0.6619223984375 0.57576939375 0.5373787015625 0.4397388484375 0.5763848328125001 0.475451178125 0.7009285296875001
0 0.35178930468749997 0.8622721437499999 0.4147279140625 0.8442247875 0.38108024375 0.7268814156250001 0.318141634375 0.744928771875 0.35178930468749997 0.8622721437499999
0 0.5201717734375 0.8262315546875 0.5885294953125 0.80663029375 0.5531106203125 0.68310999375 0.484752896875 0.7027112546875001 0.5201717734375 0.8262315546875
0 0.42073655624999995 0.8447268125 0.48300228125 0.8268724031250001 0.45053366875 0.7136408921874999 0.3882679421875 0.7314953015625 0.42073655624999995 0.8447268125
0 0.187703578125 0.6731492875 0.2756830546875 0.647921578125 0.2570906328125 0.5830821 0.16911115625 0.608309809375 0.187703578125 0.6731492875
0 0.2098104234375 0.7425582890625 0.2964321171875 0.7177199171875001 0.277839696875 0.652880440625 0.19121800312499998 0.6777188109375001 0.2098104234375 0.7425582890625
0 0.23430771875 0.871435278125 0.314849434375 0.8483403125000001 0.2788436484375 0.72277321875 0.19830193437500002 0.745868184375 0.23430771875 0.871435278125
0 0.6344629390625001 0.586269415625 0.7089126578125 0.5649213015625 0.689434634375 0.4969933609375 0.614984915625 0.5183414749999999 0.6344629390625001 0.586269415625
0 0.7082337671875 0.5651159703124999 0.7698145937499999 0.547457953125 0.7503365703125 0.4795300125 0.68875574375 0.4971880296875 0.7082337671875 0.5651159703124999
0 0.6661088234375 0.668537746875 0.7466505375 0.64544278125 0.7245157046874999 0.568249446875 0.6439739906249999 0.5913444109375 0.6661088234375 0.668537746875
0 0.74915338125 0.6413826953124999 0.8147955390625 0.622560109375 0.7982677796875 0.5649209578125001 0.7326256203125 0.58374354375 0.74915338125 0.6413826953124999
0 0.71583410625 0.72445001875 0.8187011249999999 0.6949533765625 0.8024668171875 0.6383376203125 0.6995998 0.6678342625 0.71583410625 0.72445001875
0 0.77981395625 0.5312210546875 0.815681034375 0.5209363359375 0.799745421875 0.4653622515625 0.7638783453125 0.47564697031250003 0.77981395625 0.5312210546875
0 0.822571890625 0.5245376859374999 0.8597967499999999 0.513863628125 0.842676840625 0.454159409375 0.8054519812500001 0.46483346562500005 0.822571890625 0.5245376859374999
0 0.8669504531250001 0.51069490625 0.900786865625 0.5009924703124999 0.8845525593750001 0.444376715625 0.8507161468750001 0.45407915 0.8669504531250001 0.51069490625
0 0.8016740890625 0.5895660390625 0.8388989484374999 0.57889198125 0.8238436984374999 0.5263880875 0.7866188390625 0.5370621437499999 0.8016740890625 0.5895660390625
0 0.8459512734375 0.5779773015624999 0.87775701875 0.5688571515625 0.8627017703125001 0.5163532562500001 0.8308960234375 0.5254734078125 0.8459512734375 0.5779773015624999
0 0.8841450890625 0.568142834375 0.9186664 0.5582440078124999 0.9039098453125 0.506781784375 0.8693885343750001 0.5166806109375 0.8841450890625 0.568142834375
0 0.8240683796875 0.660000159375 0.8612932390625 0.649326103125 0.843586421875 0.587575090625 0.8063615625 0.598249146875 0.8240683796875 0.660000159375
0 0.8623983000000001 0.63787446875 0.8969196109375 0.6279756421875 0.8818643609375 0.5754717484375 0.8473430499999999 0.5853705734375 0.8623983000000001 0.63787446875
0 0.9019498984375 0.6276506609375 0.9384898578125 0.617172996875 0.9243202125 0.5677575671875 0.8877802515625 0.57823523125 0.9019498984375 0.6276506609375
0 0 0.4411570734375 0.034928923437499995 0.431141365625 0.0224728390625 0.3877018390625 0 0.39414582187499997 0 0.4411570734375
0 0.021296945312500003 0.34101788437499997 0.0389601296875 0.3359530484375 0.0191310078125 0.26680068437500004 0.001467825 0.271865521875 0.021296945312500003 0.34101788437499997
0 0.046001464062500004 0.3463147265625 0.0602762 0.3422215125 0.0404470796875 0.27306915 0.02617234375 0.2771623640625 0.046001464062500004 0.3463147265625
0 0.10660705156250001 0.354914175 0.1171328671875 0.3518959453125 0.1002540078125 0.293032371875 0.0897281921875 0.2960506015625 0.10660705156250001 0.354914175
0 0.11745095624999999 0.3388108796875 0.14412596718749998 0.3311619421875 0.13216246874999998 0.2894402625 0.10548745625 0.29708919843750003 0.11745095624999999 0.3388108796875
0 0.063767825 0.740163271875 0.1366675078125 0.7192596234375 0.1206061296875 0.6632469421875 0.047706446875 0.684150590625 0.063767825 0.740163271875
0 0.0769824203125 0.8217339796875001 0.0957750859375 0.8163452687499999 0.07840364375 0.7557638515625 0.059610978125000005 0.7611525625 0.0769824203125 0.8217339796875001
0 0.091469096875 0.7928481578125 0.1963187171875 0.7627830125 0.17370178125 0.6839083828125 0.06885216093749999 0.713973528125 0.091469096875 0.7928481578125
0 0.1460512921875 0.5619479359375 0.1779892125 0.552789884375 0.1668431921875 0.51391909375 0.134905271875 0.5230771437499999 0.1460512921875 0.5619479359375
0 0.014729176562499998 0.5606421609375001 0.0406592109375 0.5532068437500001 0.02771054375 0.508049475 0.001780509375 0.5154847921875 0.014729176562499998 0.5606421609375001
0 0.0297181390625 0.6058177015624999 0.0518872375 0.599460815625 0.039761290625 0.5571726109374999 0.0175921921875 0.563529496875 0.0297181390625 0.6058177015624999
0 0.039110671875 0.6513618953125 0.0688016421875 0.642848146875 0.056675695312499996 0.6005599421875 0.026984723437500004 0.609073690625 0.039110671875 0.6513618953125
0 0.0707055625 0.6367447125 0.1034004765625 0.627369596875 0.09520471875 0.5987875953125 0.0625098046875 0.6081627093749999 0.0707055625 0.6367447125
0 0.9107337703124999 0.23435709062500001 0.9354021484375 0.227283546875 0.9179783046875001 0.16651938125000001 0.8933099265625 0.173592925 0.9107337703124999 0.23435709062500001
0 0.8727274109375 0.1949609140625 0.8997508796875 0.18721205937500002 0.8851462921875 0.136279809375 0.8581228234375 0.144028665625 0.8727274109375 0.1949609140625
0 1 0.429729584375 0.99678655 0.418522953125 0.9725327171875 0.425477628125 0.985088365625 0.469264378125 1 0.4649885359375 1 0.429729584375
0 0.958583946875 0.4633365484375 0.9797317046874999 0.45727252656250006 0.96948176875 0.42152675000000006 0.9483340109375 0.427590771875 0.958583946875 0.4633365484375
0 0.9729317625 0.5133733281249999 0.9940795203125001 0.50730930625 0.9820374171875 0.4653134984375 0.960889659375 0.4713775203125 0.9729317625 0.5133733281249999
0 0.9129039296875 0.23083739531249997 0.932874140625 0.2251110296875 0.91570706875 0.165242334375 0.8957368578124999 0.1709687015625 0.9129039296875 0.23083739531249997
0 0.85135023125 0.3536646765625 0.8671389546875 0.3491373328125 0.8582305218749999 0.31806993906250003 0.8424417984374999 0.3225972828125 0.85135023125 0.3536646765625
0 0.8711186921875 0.3472347265625 0.8855135859375001 0.34310705625 0.8762016546875 0.3106324921875 0.8618067609375 0.3147601625 0.8711186921875 0.3472347265625
0 0.8352231234374999 0.35524330625 0.8510118468750001 0.3507159625 0.8429104140625 0.322462909375 0.8271216906250001 0.326990253125 0.8352231234374999 0.35524330625
0 0.8190967828125 0.3568019390625 0.8344168921874999 0.35240896875 0.8269233281249999 0.3262758078125 0.8116032203125 0.330668778125 0.8190967828125 0.3568019390625
0 0.8296184453125001 0.39351800937500003 0.8444699390625001 0.3892594125 0.8361693765625 0.3603119125 0.8213178828125001 0.364570509375 0.8296184453125001 0.39351800937500003
0 0.844882065625 0.3906739984375 0.8615960046875 0.385881353125 0.853091071875 0.35622113125 0.836377134375 0.3610137765625 0.844882065625 0.3906739984375
0 0.0778384140625 0.4825803296875 0.101881971875 0.47568595 0.0780754984375 0.3926629109375 0.054031940625 0.399557290625 0.0778384140625 0.4825803296875
0 0.1980797921875 0.5824703828125 0.21260685937499998 0.5783048140625 0.1942607296875 0.514324259375 0.1797336625 0.5184898296875 0.1980797921875 0.5824703828125
0 0.2218139828125 0.5707104359375 0.23382975468749997 0.56726496875 0.2176688109375 0.5109050625 0.20565304062499998 0.5143505296875001 0.2218139828125 0.5707104359375
0 0.892960315625 0.4672811 0.91349526875 0.46139279687499996 0.9027946703125 0.42407537656249994 0.8822597171875 0.42996367968750004 0.892960315625 0.4672811
0 0.9381220296875 0.471656328125 0.9501378 0.4682108609375 0.9416171468750001 0.43849581249999997 0.9296013765625 0.441941278125 0.9381220296875 0.471656328125
0 0.9056754078125 0.5040505421875 0.9237110812499999 0.498878896875 0.9134454234374999 0.46307829375000004 0.89540975 0.4682499390625 0.9056754078125 0.5040505421875
0 0.8213061078124999 0.24383190937500002 0.8423457234375 0.2377988953125 0.8342652515625 0.20961894218750002 0.8132256359375001 0.21565195468749998 0.8213061078124999 0.24383190937500002
0 0.7975107515625 0.1154755234375 0.82204695625 0.10843987968749999 0.81374639375 0.0794923796875 0.7892101890625 0.0865280234375 0.7975107515625 0.1154755234375
0 0.8525615234374999 0.1071065515625 0.877097728125 0.10007090781250001 0.8620267593750001 0.047512187500000004 0.8374905531250001 0.05454783125 0.8525615234374999 0.1071065515625
0 0.8203356296875001 0.09489841875 0.8393686125 0.0894407984375 0.8291029546875001 0.05364019531250001 0.8100699718750001 0.05909781562500001 0.8203356296875001 0.09489841875
0 0.7765149140625 0.1462179265625 0.800053809375 0.1394682578125 0.79153315625 0.10975321093749998 0.7679942609375 0.11650287968749999 0.7765149140625 0.1462179265625