0 0.68153715625 0.6202961078125 0.7932025484375 0.5633997484375 0.730489715625 0.440318884375 0.6188243234375 0.49721524375000004 0.68153715625 0.6202961078125
0 0.5288982375 0.6944528984375 0.6549867984375 0.6302075671875 0.5961665468749999 0.5147663234375 0.47007798593750005 0.5790116546874999 0.5288982375 0.6944528984375
0 0.797124796875 0.69359465 0.8554634484375001 0.663869621875 0.8000438093750001 0.55510245625 0.7417051578125 0.584827484375 0.797124796875 0.69359465
0 0.6443749828125 0.784632171875 0.707736684375 0.752347771875 0.64939976875 0.637855128125 0.5860380671875001 0.6701395265625 0.6443749828125 0.784632171875
0 0.7353577859375 0.7274669265625 0.793072734375 0.698059690625 0.7395950703125 0.5931038656250001 0.681880121875 0.6225111 0.7353577859375 0.7274669265625
0 0.7649373015625 0.4551992046875 0.8464866734375001 0.41364772343749995 0.8158638921874999 0.35354713125 0.7343145203125 0.3950986125 0.7649373015625 0.4551992046875
0 0.7973647515625 0.52039730625 0.8776555765625 0.4794870875 0.8470327953125001 0.4193864953125 0.7667419703125 0.4602967140625 0.7973647515625 0.52039730625
0 0.8729780734375 0.6284875953125 0.9476332828125 0.590448865625 0.8883296953125001 0.47405902031249997 0.8136744859375 0.51209775 0.8729780734375 0.6284875953125
0 0.3914871765625 0.689958525 0.46049563125 0.6547969609375001 0.4284142109375 0.5918336296875 0.35940575625000004 0.62699519375 0.3914871765625 0.689958525
0 0.33503634375 0.7187216609375 0.39211644843750004 0.68963789375 0.3600350296875 0.6266745625000001 0.3029549234375 0.6557583296875 0.33503634375 0.7187216609375
0 0.41880295468749995 0.7745853781250001 0.4934581640625 0.73654665 0.457000828125 0.6649950984374999 0.38234561875 0.7030338281249999 0.41880295468749995 0.7745853781250001
0 0.353358909375 0.80432483125 0.41420351875000005 0.7733229546875 0.38698135 0.7198964421875 0.3261367421875 0.75089831875 0.353358909375 0.80432483125
0 0.3998746359375 0.8599335171875 0.495223471875 0.811350859375 0.46848463906250004 0.7588729453124999 0.373135803125 0.8074556046874999 0.3998746359375 0.8599335171875
0 0.283404053125 0.7306058140625 0.316649734375 0.71366629375 0.2904028703125 0.6621539203125 0.2571571890625 0.679093440625 0.283404053125 0.7306058140625
0 0.2463162875 0.755520009375 0.280820515625 0.737939228125 0.25262304375 0.682598575 0.2181188171875 0.7001793578125 0.2463162875 0.755520009375
0 0.20755990624999998 0.7740618328125 0.23892333593749998 0.7580813671875 0.21218450312499998 0.705603453125 0.1808210734375 0.72158391875 0.20755990624999998 0.7740618328125
0 0.3059492015625 0.7888264687500001 0.34045342968750003 0.7712456875 0.315656571875 0.7225791140625 0.2811523453125 0.7401598968750001 0.3059492015625 0.7888264687500001
0 0.2706864703125 0.8079886000000001 0.3001676484375 0.7929671890625001 0.275370790625 0.744300615625 0.2458896125 0.7593220265625 0.2706864703125 0.8079886000000001
0 0.2335290953125 0.82812676875 0.2655273671875 0.8118228343749999 0.2412224765625 0.7641218015625 0.2092242046875 0.780425734375 0.2335290953125 0.82812676875
0 0.337607009375 0.8556115953125 0.3721112375 0.8380308125000001 0.34294709375 0.7807929609375 0.3084428671875 0.7983737421875 0.337607009375 0.8556115953125
0 0.2969905515625 0.8642939828125 0.3289888234375 0.8479900484374999 0.304191965625 0.7993234765625 0.27219369375 0.815627409375 0.2969905515625 0.8642939828125
0 0.25922061093750004 0.8847442687499999 0.2930899953125 0.8674869546874999 0.2697517765625 0.821683121875 0.2358823921875 0.8389404359375 0.25922061093750004 0.8847442687499999
0 0.793169978125 0.1324622703125 0.8314832578125 0.11294067968749999 0.810967375 0.07267599375 0.7726540953125001 0.092197584375 0.793169978125 0.1324622703125
0 0.7168948765625001 0 0.741385709375 0.0480659671875 0.7622798125 0.0374198890625 0.7432134265625 0 0.7168948765625001 0
0 0.695581703125 0 0.6926437671875 0.001496953125 0.7253034640625 0.06559521874999999 0.741675709375 0.057253142187499995 0.712503775 0 0.695581703125 0
0 0.7139889578124999 0.084717209375 0.7272204046875 0.07797545 0.6945607078125 0.0138771859375 0.6813292609375 0.02061894375 0.7139889578124999 0.084717209375
0 0.6790045734375 0.13056879375 0.6887610937499999 0.1255975984375 0.6609606484375 0.071036153125 0.6512041281250001 0.0760073484375 0.6790045734375 0.13056879375
0 0.6451225125 0.13381415624999998 0.66984794375 0.12121591875 0.6501433750000001 0.0825435265625 0.62541794375 0.0951417625 0.6451225125 0.13381415624999998
0 0.915259265625 0.41256417343749996 0.9828309734375 0.37813466875 0.9563769656250001 0.3262157546875 0.8888052578125001 0.3606452578125 0.915259265625 0.41256417343749996
0 1 0.3907449515625 0.9827665828125 0.399525815625 1 0.43334830156250004 1 0.3907449515625
0 0.9013160140625001 0.4850771921875 0.9985025515625001 0.435558178125 0.9612511625 0.36244821250000003 0.8640646265624999 0.41196722656249996 0.9013160140625001 0.4850771921875
0 0.771506396875 0.3189972484375 0.8011100875 0.3039134140625 0.7827519546875 0.26788354999999997 0.7531482640625 0.282967384375 0.771506396875 0.3189972484375
0 0.8722275671874999 0.22564335781249997 0.8962624671875 0.21339696406250003 0.874935271875 0.171539984375 0.8509003703125 0.183786378125 0.8722275671874999 0.22564335781249997
0 0.8955610406250001 0.267128865625 0.9161098781250001 0.2566587109375 0.8961377484374999 0.21746119843749998 0.8755889109374999 0.2279313546875 0.8955610406250001 0.267128865625
0 0.9127807171875 0.31039594843749996 0.94030168125 0.2963733171875 0.9203295515625 0.2571758046875 0.8928085875 0.2711984375 0.9127807171875 0.31039594843749996
0 0.8769203859375001 0.32267200156250003 0.9072257453124999 0.3072306484375 0.8937268640625 0.280737603125 0.8634215046874999 0.2961789546875 0.8769203859375001 0.32267200156250003
0 0 0.5952366390625 0.0184403078125 0.5858408328125 0 0.549649690625 0 0.5952366390625
0 0 0.540976646875 0.019368271875000002 0.53110801875 0 0.49309564375 0 0.540976646875
0 0.10358731406249999 0.767764325 0.0811061046875 0.7792190734375 0.10178597656249999 0.8198056062499999 0.12426718437499999 0.8083508593750001 0.10358731406249999 0.767764325
0 0.120006375 0.795927340625 0.13960851875 0.7859395499999999 0.1227262875 0.7528063031250001 0.10312414375000001 0.7627940953125 0.120006375 0.795927340625
0 0.1436380484375 0.8423071109375 0.16324019218750002 0.83231931875 0.1434061578125 0.7933928359375 0.1238040140625 0.8033806265625 0.1436380484375 0.8423071109375
0 0.123891784375 0.8627914593750001 0.14132209843750002 0.8539102703125 0.121910984375 0.8158138109375 0.10448066874999999 0.824695 0.123891784375 0.8627914593750001
0 0.12860347656249999 0.6400541953125 0.1432382578125 0.6325974015625 0.1285655609375 0.6038006109375 0.113930778125 0.61125740625 0.12860347656249999 0.6400541953125
0 0.11105248125 0.6481753984374999 0.1243953046875 0.6413768906249999 0.1090580203125 0.6112757765625 0.09571519687499999 0.618074284375 0.11105248125 0.6481753984374999
0 0.14147471875 0.6302100703125 0.15610949999999998 0.6227532765625 0.142765978125 0.5965651375000001 0.1281311953125 0.6040219312499999 0.14147471875 0.6302100703125
0 0.1547661265625 0.620130525 0.16896654375 0.6128950515625 0.156624215625 0.58867186875 0.1424238 0.5959073421875 0.1547661265625 0.620130525
0 0.1725457359375 0.6539373953125 0.1863117875 0.6469232421875 0.1726402859375 0.620091409375 0.1588742359375 0.6271055624999999 0.1725457359375 0.6539373953125
0 0.15771669375 0.6631467875 0.1732090703125 0.655253028125 0.1592009609375 0.6277605640624999 0.143708584375 0.635654325 0.15771669375 0.6631467875
0 0.7745829515625 0.21070198750000002 0.7968692515625 0.19934654999999998 0.757658628125 0.12239136718750002 0.7353723265625 0.1337468046875 0.7745829515625 0.21070198750000002
0 0.7635897921875 0.36126686406249997 0.777055128125 0.3544059328125 0.7468380046875 0.2951014890625 0.73337266875 0.3019624203125 0.7635897921875 0.36126686406249997
0 0.7405391921875 0.3676668125 0.751676775 0.36199193125 0.7250587765625001 0.30975116874999997 0.7139211953125 0.31542605 0.7405391921875 0.3676668125
0 0.17125865625 0.7537675734375 0.1902927828125 0.7440692015625 0.17266828437499998 0.7094791781249999 0.1536341578125 0.71917755 0.17125865625 0.7537675734375
0 0.1491099125 0.7837441375 0.16024749375 0.77806925625 0.146213490625 0.7505259734374999 0.135075909375 0.7562008546875 0.1491099125 0.7837441375
0 0.1893527421875 0.7881503390625 0.2060702515625 0.7796323421875 0.1891621265625 0.7464482765625 0.172444615625 0.7549662734375 0.1893527421875 0.7881503390625
0 0.0708034640625 0.5417174734375 0.0903053703125 0.5317807578125 0.07699637031249999 0.5056603749999999 0.057494465625000005 0.5155970921875 0.0708034640625 0.5417174734375
0 0 0.4319552421875 0.0201693484375 0.42167844531250004 0.006497846875 0.3948466140625 0 0.3981574328125 0 0.4319552421875
0 0.034672478125 0.44095998124999997 0.0564910015625 0.4298428890625 0.0424569984375 0.40229960781249996 0.0206384765625 0.41341669999999997 0.034672478125 0.44095998124999997