0 0.5796875 0.48515625 0.1484375 0.1578125
0 0.5265625 0.6046875 0.1421875 0.15
0 0.48203125 0.71484375 0.1390625 0.1390625
0 0.43359375 0.81796875 0.13125 0.1296875
0 0.56640625 0.20390625 0.15625 0.1609375
0 0.51796875 0.33125 0.15 0.153125
0 0.46796875 0.45 0.1453125 0.15
0 0.42109375 0.56484375 0.1421875 0.146875
0 0.37890625 0.67421875 0.134375 0.1359375
0 0.334375 0.77890625 0.1296875 0.1265625
0 0.45546875 0.159375 0.1546875 0.159375
0 0.40703125 0.2859375 0.1515625 0.1578125
0 0.359375 0.40703125 0.15 0.153125
0 0.31484375 0.53203125 0.1515625 0.159375
0 0.2734375 0.63828125 0.140625 0.1390625
0 0.2328125 0.740625 0.1375 0.1359375
0 0.26640625 0.23046875 0.15 0.1546875
0 0.2265625 0.3578125 0.1515625 0.15625
0 0.18203125 0.47734375 0.146875 0.146875
0 0.14453125 0.5953125 0.1421875 0.14375
0 0.103125 0.70625 0.1390625 0.1390625
0 0.1511771984375 0.38652915 0.1893797875 0.268811534375 0.0790330078125 0.246698015625 0.0473951203125 0.34459846875 0.1511771984375 0.38652915
0 0.1088267828125 0.50756415 0.14667770625 0.3930332890625 0.048955740625 0.3593764203125 0.0103246015625 0.47109544531249997 0.1088267828125 0.50756415
0 0 0.597747609375 0.0677865375 0.6274616296875 0.10616266562500001 0.516474209375 0.006403162499999999 0.47616875312499995 0 0.4957731671875 0 0.597747609375
0 0 0.721578071875 0.030484974999999997 0.7338948015625 0.0657729890625 0.6349725640624999 0 0.6073162437499999 0 0.721578071875