0 0.32578125 0.65390625 0.1609375 0.1359375
0 0.46796875 0.70625 0.1546875 0.1328125
0 0.43359375 0.79765625 0.1703125 0.1484375
0 0.5765625 0.378125 0.146875 0.11875
0 0.42578125 0.4078125 0.1546875 0.13125
0 0.3609375 0.5703125 0.159375 0.1328125
0 0.3 0.74921875 0.1734375 0.146875
0 0.48828125 0.61796875 0.1546875 0.1265625
0 0.39453125 0.48515625 0.15 0.121875
0 0.5171875 0.53203125 0.1484375 0.121875
0 0.5453125 0.45703125 0.15 0.1234375
0 0.603125 0.30390625 0.1375 0.1140625
0 0.4921875 0.25390625 0.1453125 0.1203125
0 0.45859375 0.3265625 0.146875 0.1203125
0 0.39375 0.09609375 0.15 0.11875
0 0.3578125 0.17109375 0.1515625 0.121875
0 0.22890625 0.10703125 0.1625 0.13125
0 0.0734375 0.434375 0.146875 0.140625
0 0.18828125 0.18203125 0.165625 0.134375
0 0.14609375 0.265625 0.16875 0.1375
0 0.325 0.246875 0.15625 0.125
0 0.11015625 0.68125 0.184375 0.1546875
0 0.203125 0.49375 0.1671875 0.140625
0 0.15859375 0.58671875 0.1703125 0.1421875
0 0.2796875 0.3265625 0.1515625 0.125
0 0.05 0.53203125 0.1 0.1390625
0 0.025 0.6265625 0.05 0.140625
0 0.1078125 0.34765625 0.1703125 0.140625
0 0.2421875 0.40703125 0.1609375 0.1328125