0 0.49921875 0.6671875 0.12109375 0.12109375
0 0.4921875 0.20625 0.10859375 0.10078125
0 0.49609375 0.31484375 0.1140625 0.103125
0 0.3359375 0.55234375 0.19609375 0.18828125
0 0.85390625 0.7609375 0.13671875 0.184375
0 0.496875 0.7953125 0.125 0.125
0 0.5 0.54375 0.11875 0.11171875
0 0.83671875 0.57578125 0.1296875 0.17265625
0 0.32890625 0.75859375 0.20390625 0.2015625
0 0.5 0.42890625 0.1140625 0.1015625
0 0.953125 0.578125 0.09140625 0.16796875
0 0.9625 0.7640625 0.0734375 0.1734375
0 0.340625 0.36171875 0.18203125 0.17265625
0 0.94765625 0.39765625 0.1046875 0.1640625
0 0.3859375 0.21640625 0.0953125 0.0984375