0 0.45390625 0.24765625 0.159375 0.1328125
0 0.5109375 0.8234375 0.1734375 0.1484375
0 0.66640625 0.7640625 0.1796875 0.153125
0 0.6296875 0.67109375 0.1734375 0.1453125
0 0.5234375 0.40390625 0.1578125 0.13125
0 0.48984375 0.325 0.153125 0.1265625
0 0.47421875 0.7296875 0.171875 0.146875
0 0.76640625 0.6125 0.1671875 0.1421875
0 0.43828125 0.6375 0.1671875 0.14375
0 0.5546875 0.48671875 0.1671875 0.1390625
0 0.65 0.3578125 0.1546875 0.1328125
0 0.3734375 0.88359375 0.1734375 0.1484375
0 0.5453125 0.13671875 0.1453125 0.11875
0 0.59453125 0.57890625 0.1703125 0.1453125
0 0.8046875 0.70546875 0.1734375 0.15
0 0.72890625 0.5234375 0.1640625 0.140625
0 0.6875 0.440625 0.1625 0.1359375
0 0.61484375 0.28125 0.15 0.125
0 0.3390625 0.7875 0.16875 0.1453125
0 0.578125 0.2078125 0.1453125 0.1203125
0 0.30546875 0.696875 0.1640625 0.1390625
0 0.15546875 0.28671875 0.146875 0.1203125
0 0.21171875 0.440625 0.1546875 0.128125
0 0.1828125 0.3625 0.153125 0.125
0 0.26953125 0.60625 0.159375 0.1328125
0 0.9015625 0.55390625 0.1546875 0.1328125
0 0.81953125 0.39765625 0.146875 0.121875
0 0.8890625 0.28515625 0.1359375 0.1203125
0 0.24140625 0.525 0.1578125 0.1296875
0 0.85703125 0.20859375 0.1375 0.1171875
0 0.74609375 0.26015625 0.1375 0.1140625
0 0.9265625 0.35703125 0.1234375 0.1078125
0 0.82421875 0.13828125 0.1359375 0.1125
0 0.78125 0.32734375 0.1390625 0.115625
0 0.7109375 0.18828125 0.140625 0.1203125
0 0.85859375 0.475 0.146875 0.1234375
0 0.13359375 0.67734375 0.16875 0.1390625
0 0.0359375 0.26875 0.071875 0.11875
0 0.021875 0.20703125 0.04375 0.0953125
0 0.065625 0.42578125 0.13125 0.1265625
0 0.0484375 0.34453125 0.096875 0.1234375
0 0.94296875 0.6234375 0.1140625 0.1625
0 0.9515625 0.43359375 0.096875 0.1140625
0 0.22734375 0.9421875 0.1671875 0.115625
0 0.97578125 0.51171875 0.0484375 0.1078125
0 0.16171875 0.765625 0.1671875 0.1359375
0 0.10234375 0.58984375 0.1640625 0.1375
0 0.07890625 0.50546875 0.1578125 0.1328125
0 0.19375 0.859375 0.175 0.15
0 0.05703125 0.7078125 0.0578125 0.096875