0 0.515625 0.1578125 0.153125 0.165625
0 0.640625 0.1859375 0.153125 0.1640625
0 0.77109375 0.21328125 0.15625 0.1765625
0 0.7328125 0.35859375 0.146875 0.1625
0 0.60859375 0.33203125 0.153125 0.165625
0 0.484375 0.30078125 0.1609375 0.1703125
0 0.44921875 0.43828125 0.1546875 0.16875
0 0.57578125 0.4671875 0.146875 0.159375
0 0.69921875 0.50234375 0.1421875 0.1609375
0 0.415625 0.5703125 0.15 0.15625
0 0.53515625 0.60859375 0.140625 0.15625
0 0.65625 0.640625 0.146875 0.1578125
0 0.621875 0.76015625 0.128125 0.1265625
0 0.58671875 0.871875 0.1328125 0.1390625
0 0.50625 0.73359375 0.1453125 0.15
0 0.38828125 0.7015625 0.15 0.15625
0 0.35625 0.8296875 0.1328125 0.1359375
0 0.47578125 0.85625 0.1421875 0.13125
0 1 0.3522708328125 0.8818739671875001 0.34086760781250003 0.879966146875 0.34296026562500004 0.8428371046875001 0.4914408328125 0.9862760406250001 0.5397549078125 1 0.494709134375 1 0.3522708328125
0 0.9406319921874999 0.6850030968749999 0.991202309375 0.5307598687499999 0.83709023125 0.485962846875 0.790757340625 0.6491352765625 0.9406319921874999 0.6850030968749999
0 0.87578714375 0.8486163140625 0.932394384375 0.68056823125 0.7772161328125 0.6526933234375 0.7392681546875 0.798100140625 0.87578714375 0.8486163140625
0 0.8389357093750001 0.9958944390625 0.883575459375 0.8364823359375 0.7412619109375 0.8048931953125 0.69025734375 0.9641023984375 0.8389357093750001 0.9958944390625
0 0.28742834375 0.311286 0.310924221875 0.17865625000000002 0.184403278125 0.16422750625 0.161867490625 0.28736422031250003 0.28742834375 0.311286
0 0.26672371250000004 0.4534259859375 0.2875141859375 0.3201716453125 0.167778553125 0.2902612015625 0.1457763 0.428036140625 0.26672371250000004 0.4534259859375
0 0.2983514046875 0.683640965625 0.3437077546875 0.46866608593750003 0.2698698828125 0.45003786874999996 0.2322244046875 0.664574746875 0.2983514046875 0.683640965625
0 0.2414410921875 0.590709459375 0.2695503078125 0.45661162187500004 0.14291054375 0.436565021875 0.123476584375 0.5647417406249999 0.2414410921875 0.590709459375
0 0.2259252109375 0.7011170265625 0.243227834375 0.5860557359375 0.128974753125 0.5663871125 0.11345745781250001 0.685284159375 0.2259252109375 0.7011170265625
0 0.1924757 0.8213163437500001 0.21355892656250003 0.7083944046874999 0.10627786406249999 0.687851334375 0.08904302187499999 0.8126356140625 0.1924757 0.8213163437500001
0 0 0.7970573515625 0.0768685015625 0.8098249046875001 0.10077830000000002 0.7000886937499999 0 0.670680690625 0 0.7970573515625
0 0 0.6663509921874999 0.1082889078125 0.689157134375 0.12753479375000001 0.5656786515625 0.0021036515625 0.5370966109374999 0 0.5511504578124999 0 0.6663509921874999
0 0.12665148125 0.554075734375 0.1409206015625 0.42438205 0.0194226703125 0.40805559999999996 0.011236043749999999 0.532496209375 0.12665148125 0.554075734375