0 0.8649938374999999 0.4208984375 0.8663674640625001 0.41748046875 0.8660927390625 0.4150390625 0.8619718593749999 0.41259765625 0.82818065 0.40087890625 0.7949388921875 0.3935546875 0.793015815625 0.39404296875 0.7916421890625001 0.3994140625 0.7913674640624999 0.40771484375 0.7932905406249999 0.4140625 0.8127960359375 0.42333984375 0.8649938374999999 0.4208984375
0 0.7625139484375001 0.6376953125 0.8119644984375001 0.63330078125 0.8322941687500001 0.6298828125 0.835041421875 0.625 0.835041421875 0.578125 0.83311834375 0.576171875 0.79548098125 0.57666015625 0.7564699921875 0.5830078125 0.74548098125 0.5869140625 0.7465798828125 0.6279296875 0.747953509375 0.63330078125 0.7512502125 0.63671875 0.7625139484375001 0.6376953125
0 0.85591605 0.79443359375 0.85591605 0.74658203125 0.8463006640625 0.740234375 0.8270698953125001 0.73876953125 0.7677292359375001 0.7451171875 0.7641578078125 0.74853515625 0.76223473125 0.7607421875 0.7611358296875 0.79541015625 0.76278418125 0.79833984375 0.8504215437499999 0.798828125 0.85591605 0.79443359375
0 0.8528926374999999 0.8525390625 0.8561893406250001 0.849609375 0.8583871421874999 0.80126953125 0.8545409890625001 0.79736328125 0.78998055 0.79345703125 0.7669036265625 0.79443359375 0.7627827468749999 0.79736328125 0.7644310984375 0.8505859375 0.765804725 0.85400390625 0.815255275 0.8544921875 0.8528926374999999 0.8525390625
0 0.648936571875 0.3785138796875 0.6470134953125 0.3804670046875 0.6472882203125 0.3912091921875 0.7154200875 0.3868146609375 0.7140464625 0.3731427859375 0.648936571875 0.3785138796875
0 0.7304653328125 0.55908203125 0.7315642343750001 0.55712890625 0.7337620359375 0.51220703125 0.732113684375 0.509765625 0.71645434375 0.50927734375 0.6612345640624999 0.517578125 0.6593114859375 0.52001953125 0.6584873109375 0.52880859375 0.657113684375 0.55419921875 0.657113684375 0.5634765625 0.6584873109375 0.56494140625 0.7304653328125 0.55908203125
0 0.7311452796875 0.609375 0.735815609375 0.607421875 0.7369145109375 0.603515625 0.735815609375 0.564453125 0.7341672578125 0.5625 0.7143870375 0.5615234375 0.6649364890625 0.56640625 0.6610903343750001 0.5712890625 0.659991434375 0.5771484375 0.6583430828125 0.607421875 0.6586178078125 0.61376953125 0.659991434375 0.615234375 0.7311452796875 0.609375
0 0.7386694312500001 0.6601771765625 0.7403177828125 0.6538295203125 0.7419661359374999 0.6118373328125 0.7180650359375 0.6123256140625 0.6702628390625 0.6181849890625 0.6675155859374999 0.6211146765625 0.6650430578125001 0.6450404578125 0.6639441578125 0.6626185828125 0.6655925093749999 0.6640834265625 0.716691409375 0.6631068640625 0.7386694312500001 0.6601771765625
0 0.7606067359375001 0.8573050359375 0.7619803625 0.8543753484375 0.7630792625 0.8245901921875 0.7606067359375001 0.8187308171875 0.6858814609375 0.8167776921875 0.6834089328124999 0.8206839421875 0.68148585625 0.8548636296875 0.6828594828125001 0.8577933171875 0.7551122296874999 0.8587698796875 0.7606067359375001 0.8573050359375
0 0.8253224171875001 0.571095284375 0.82430120625 0.5438648953125 0.824641609375 0.5353932203125 0.8238102828124999 0.52490234375 0.7595245687500001 0.52783203125 0.7416674265625 0.53173828125 0.7391948984375001 0.533203125 0.7383707234375 0.5361328125 0.7391948984375001 0.57421875 0.741117975 0.5791015625 0.8183157781249999 0.5751953125 0.8253224171875001 0.571095284375
0 0.720517021875 0.470703125 0.7229895484375 0.4697265625 0.7260115265625 0.46435546875 0.727659878125 0.443359375 0.7249126265625 0.43994140625 0.6661214171875 0.4423828125 0.6567807578125 0.4453125 0.65595658125 0.451171875 0.65568185625 0.466796875 0.6562313078125 0.47216796875 0.6576049328125 0.4736328125 0.720517021875 0.470703125
0 0.75402614375 0.77783203125 0.7551250453125 0.7607421875 0.7529272421875 0.75732421875 0.7430371328125001 0.7529296875 0.6880920781250001 0.75 0.6820481218750001 0.7529296875 0.67957559375 0.7646484375 0.67957559375 0.77490234375 0.7224327374999999 0.7802734375 0.7523777921875 0.78076171875 0.75402614375 0.77783203125
0 0.755398528125 0.8193359375 0.7600688578125 0.81396484375 0.7611677578125 0.80859375 0.7606183078125001 0.79052734375 0.7573216046875 0.78369140625 0.6880908359375 0.78125 0.6850688578125 0.78173828125 0.68342050625 0.78955078125 0.6820468796875 0.80615234375 0.6820468796875 0.81640625 0.68314578125 0.81787109375 0.755398528125 0.8193359375
0 0.9260394406250001 0.68017578125 0.9312592203125 0.67919921875 0.9331822984375 0.6767578125 0.92933614375 0.63232421875 0.9263141656249999 0.62255859375 0.8895009796875 0.623046875 0.8716438359375 0.6259765625 0.8455449359375 0.6357421875 0.8436218578125001 0.6396484375 0.8430724078124999 0.673828125 0.8485669124999999 0.6787109375 0.8856548249999999 0.68310546875 0.9260394406250001 0.68017578125
0 0.929884734375 0.7373046875 0.9416979218750001 0.73486328125 0.9444451734375001 0.72998046875 0.9436209984374999 0.69189453125 0.9416979218750001 0.67626953125 0.8664231953125 0.6826171875 0.8554341843750001 0.685546875 0.8540605578125 0.68798828125 0.8518627562500001 0.71875 0.85213748125 0.73583984375 0.8537858328124999 0.7392578125 0.929884734375 0.7373046875
0 0.9471910875 0.78955078125 0.9463669124999999 0.74169921875 0.9449932859375 0.73876953125 0.905982296875 0.73681640625 0.8573559234375001 0.74072265625 0.8581800984375001 0.7919921875 0.8933449343750001 0.7958984375 0.9441691109375 0.7958984375 0.9471910875 0.78955078125
0 0.946366434375 0.857421875 0.9496631375 0.84619140625 0.9493884125 0.796875 0.9471906109375 0.79443359375 0.8881246765625 0.7939453125 0.8691686328125 0.79833984375 0.8592785218750001 0.80419921875 0.8570807203124999 0.83740234375 0.8579048953124999 0.8466796875 0.8595532468749999 0.8486328125 0.946366434375 0.857421875
0 0.7993908984375 0.6865234375 0.842522765625 0.6806640625 0.842797490625 0.63916015625 0.8395007874999999 0.62646484375 0.792797490625 0.6298828125 0.760379909375 0.6357421875 0.7554348531249999 0.64111328125 0.7535117765625 0.65283203125 0.7535117765625 0.681640625 0.754061228125 0.685546875 0.7565337546875 0.68701171875 0.7993908984375 0.6865234375
0 0.7210981140625 0.43359375 0.7241200921875001 0.4326171875 0.72576844375 0.42919921875 0.7268673453125001 0.400390625 0.7235706421875 0.38623046875 0.654339871875 0.39208984375 0.6491200921875 0.39453125 0.648021190625 0.40283203125 0.6491200921875 0.4345703125 0.65021899375 0.4384765625 0.7210981140625 0.43359375
0 0.7224713578124999 0.51318359375 0.7246691609375 0.51220703125 0.7279658640625 0.50439453125 0.7293394890625 0.478515625 0.7274164125 0.47412109375 0.7199988312500001 0.47119140625 0.6573614671875 0.46923828125 0.6524164125 0.47412109375 0.6480208078125 0.49169921875 0.6477460828125 0.49951171875 0.6502186109375 0.51708984375 0.6518669625 0.51904296875 0.7224713578124999 0.51318359375
0 0.5834627593749999 0.34130859375 0.5831880328125 0.30712890625 0.58153968125 0.30419921875 0.5260451765624999 0.30224609375 0.5114847375 0.30419921875 0.5117594624999999 0.3408203125 0.5131330890625 0.34228515625 0.5510451765625 0.34375 0.5834627593749999 0.34130859375
0 0.5886827296875 0.3876953125 0.58950690625 0.380859375 0.5886827296875 0.35498046875 0.5853860265625 0.349609375 0.580440971875 0.34814453125 0.562309103125 0.34765625 0.5136827296875001 0.3544921875 0.5106607515625 0.3662109375 0.5106607515625 0.39013671875 0.512309103125 0.392578125 0.586210203125 0.39306640625 0.5886827296875 0.3876953125
0 0.570275659375 0.43505859375 0.5892317031250001 0.43115234375 0.5889569781249999 0.3984375 0.5156053296875001 0.3984375 0.514231703125 0.39892578125 0.514231703125 0.4365234375 0.515330603125 0.4375 0.570275659375 0.43505859375
0 0.6004930484375001 0.4931640625 0.597471071875 0.4912109375 0.547471071875 0.49169921875 0.5249435984375 0.49560546875 0.522471071875 0.49755859375 0.5210974453125 0.51416015625 0.5208227187500001 0.5341796875 0.5219216203125 0.53662109375 0.5993941484375 0.5380859375 0.6004930484375001 0.4931640625
0 0.6051626140625 0.5908203125 0.6076351421874999 0.54736328125 0.6054373390625 0.5439453125 0.59719558125 0.54150390625 0.5287889875 0.54345703125 0.5274153609375001 0.5458984375 0.524942834375 0.568359375 0.5260417359375 0.58642578125 0.5290637125 0.5908203125 0.593624153125 0.59619140625 0.6051626140625 0.5908203125
0 0.6065356671875 0.64697265625 0.60763456875 0.64501953125 0.6073598421875 0.59716796875 0.5309862171875 0.59228515625 0.5268653375000001 0.595703125 0.5252169859375 0.61083984375 0.524118084375 0.6357421875 0.5285136890625 0.63916015625 0.6024147875 0.64697265625 0.6065356671875 0.64697265625
0 0.6090063781249999 0.75341796875 0.61147890625 0.72412109375 0.6112041796875001 0.7099609375 0.609830553125 0.70361328125 0.6051602234375 0.70263671875 0.5309844 0.6962890625 0.527687696875 0.7041015625 0.5257646203124999 0.724609375 0.52521516875 0.740234375 0.5263140703125 0.7412109375 0.6076327515625 0.755859375 0.6090063781249999 0.75341796875
0 0.6103792390625 0.86572265625 0.610928690625 0.86328125 0.61395066875 0.837890625 0.6134012171875 0.8193359375 0.5334561625 0.8046875 0.529335284375 0.8046875 0.5279616578125 0.80810546875 0.5243902281249999 0.84423828125 0.5249396796875 0.8544921875 0.58895066875 0.865234375 0.6103792390625 0.86572265625
0 0.5022880437499999 0.3779296875 0.5026949625 0.3525390625 0.47220045624999996 0.35546875 0.43456309375 0.36279296875 0.4329147421875 0.3642578125 0.4323652921875 0.3701171875 0.43154111562499997 0.39501953125 0.43456309375 0.39794921875 0.503936109375 0.3935546875 0.5022880437499999 0.3779296875
0 0.5087378671875 0.43017578125 0.5087378671875 0.39404296875 0.4340125921875 0.40576171875 0.43291369062499996 0.40625 0.43291369062499996 0.4326171875 0.4818147890625 0.4326171875 0.5087378671875 0.43017578125
0 0.51340446875 0.63232421875 0.5172506218749999 0.63037109375 0.5186242484375 0.626953125 0.520547325 0.6123046875 0.5216462265625 0.58349609375 0.4842835890625 0.58349609375 0.45708578749999995 0.58984375 0.44307479843750003 0.59423828125 0.43977809375000004 0.59716796875 0.435931940625 0.62060546875 0.4373055671875 0.63623046875 0.43840446875000005 0.6376953125 0.51340446875 0.63232421875
0 0.516426446875 0.6826171875 0.5191736984374999 0.68115234375 0.5199978749999999 0.646484375 0.5158769953125 0.6435546875 0.5068110609375001 0.64306640625 0.44856930312500004 0.64697265625 0.441426446875 0.64990234375 0.43977809375000004 0.6640625 0.43922864375000004 0.67724609375 0.441426446875 0.68017578125 0.44856930312500004 0.68212890625 0.516426446875 0.6826171875
0 0.519721715625 0.69189453125 0.5188975390625 0.6865234375 0.4532381984375 0.68896484375 0.439227209375 0.6923828125 0.43757885781250005 0.7373046875 0.438952484375 0.74169921875 0.5156008359375 0.7392578125 0.519721715625 0.69189453125
0 0.518896965625 0.79736328125 0.52191894375 0.7861328125 0.5232925703125 0.7587890625 0.52136949375 0.748046875 0.5194464171875001 0.74560546875 0.49856729531250005 0.744140625 0.4513145484375 0.74609375 0.4395013609375 0.75 0.4386771859375 0.75830078125 0.43620465781249995 0.7939453125 0.4395013609375 0.7958984375 0.512853009375 0.79931640625 0.518896965625 0.79736328125
0 0.52054474375 0.85400390625 0.5221930953125 0.82861328125 0.5219183703125 0.80517578125 0.5197205687500001 0.80224609375 0.5021381500000001 0.798828125 0.4524128765625 0.7998046875 0.4463689203125 0.802734375 0.4430722171875 0.8076171875 0.4408744140625 0.83154296875 0.4405996890625 0.84912109375 0.442522765625 0.8525390625 0.5191711171875 0.85546875 0.52054474375 0.85400390625
0 0.43180847968749997 0.849609375 0.43537990937500004 0.80615234375 0.41559968906250006 0.8037109375 0.3658744140625 0.8037109375 0.36010518281250004 0.806640625 0.3526876015625 0.8154296875 0.3524128765625 0.8408203125 0.3537865015625 0.84765625 0.41367661250000004 0.85595703125 0.43180847968749997 0.849609375
0 0.415325728125 0.80712890625 0.43016089375 0.80712890625 0.433182871875 0.80322265625 0.4359301234375 0.7470703125 0.3688971578125 0.74853515625 0.35543561874999996 0.751953125 0.34939166250000003 0.78125 0.352688365625 0.7978515625 0.3636773765625 0.80322265625 0.415325728125 0.80712890625
0 0.42384383750000004 0.7431640625 0.42906361718749997 0.73876953125 0.4318108703125 0.693359375 0.3743932875 0.68994140625 0.351591090625 0.69482421875 0.3488438375 0.69775390625 0.3499427390625 0.73974609375 0.3535141671875 0.7431640625 0.40296471718750004 0.74462890625 0.42384383750000004 0.7431640625
0 0.38813108125 0.63818359375 0.429339871875 0.63818359375 0.43098822343750004 0.634765625 0.4312629484375 0.59619140625 0.4279662453125 0.58349609375 0.3710981140625 0.58984375 0.3526915203125 0.59521484375 0.35104316875 0.62646484375 0.3521420703125 0.63134765625 0.37219701562499996 0.63720703125 0.38813108125 0.63818359375
0 0.4175283109375 0.53564453125 0.42741842031250005 0.53173828125 0.43428655312500003 0.52587890625 0.435660178125 0.5224609375 0.435385453125 0.4912109375 0.43428655312500003 0.4892578125 0.3988469921875 0.4912109375 0.35791292656249996 0.4970703125 0.353792046875 0.49951171875 0.352967871875 0.5087890625 0.3524184203125 0.53125 0.3546162234375 0.53515625 0.3680777609375 0.53857421875 0.4175283109375 0.53564453125
0 0.428516653125 0.48583984375 0.4309891796875 0.48486328125 0.4331869828125 0.48046875 0.43538478437499994 0.44091796875 0.43263753125 0.43603515625 0.40626390468749995 0.43798828125 0.378516653125 0.4453125 0.3499452234375 0.45654296875 0.3499452234375 0.4912109375 0.398296871875 0.4912109375 0.428516653125 0.48583984375
0 0.37549696875 0.392578125 0.42632114374999996 0.3828125 0.42494751875 0.3466796875 0.3559914734375 0.36181640625 0.35049696875 0.365234375 0.3491233421875 0.369140625 0.347474990625 0.37939453125 0.3482991671875 0.3896484375 0.35077169375 0.39306640625 0.37549696875 0.392578125
0 0.7571192453125 0.74609375 0.75629506875 0.7177734375 0.752998365625 0.71142578125 0.69310825625 0.71728515625 0.6892621015625 0.71875 0.6848664984374999 0.724609375 0.684591771875 0.74365234375 0.68651485 0.75341796875 0.74255880625 0.75244140625 0.7571192453125 0.74609375
0 0.6008017109375 0.4873046875 0.6032742390625 0.47900390625 0.6019006124999999 0.4482421875 0.598878634375 0.443359375 0.537340171875 0.43359375 0.514537975 0.43603515625 0.514537975 0.49267578125 0.5159116015625 0.49609375 0.599153359375 0.48876953125 0.6008017109375 0.4873046875
0 0.44448331718749995 0.4833984375 0.481021778125 0.484375 0.500252546875 0.482421875 0.506571228125 0.4794921875 0.5104173828125 0.47314453125 0.5109668328125 0.44677734375 0.50986793125 0.443359375 0.5049228765625 0.4404296875 0.4576701296875 0.43994140625 0.4389888109375 0.44287109375 0.43624155781249996 0.44580078125 0.43651628281250004 0.45703125 0.4400877125 0.4775390625 0.4414613390625 0.48193359375 0.44448331718749995 0.4833984375
0 0.35217686718749996 0.3486328125 0.4175614828125 0.33642578125 0.4211329109375 0.3330078125 0.4216823609375 0.32421875 0.41783620781249997 0.30224609375 0.412891153125 0.30078125 0.338165878125 0.31689453125 0.335418625 0.3291015625 0.3351439 0.34375 0.33624280156249997 0.34619140625 0.338715328125 0.3486328125 0.35217686718749996 0.3486328125
0 0.429649203125 0.42919921875 0.43267118125000004 0.39208984375 0.43102282968749994 0.38916015625 0.41261623593749996 0.390625 0.3499788734375 0.40576171875 0.34558326875 0.41064453125 0.3466821703125 0.44140625 0.3694843671875 0.44091796875 0.427176675 0.43359375 0.429649203125 0.42919921875
0 0.41618623125000004 0.5810546875 0.4312961203125 0.57861328125 0.4367906265625 0.57421875 0.4337686484375 0.544921875 0.43074667031249997 0.5419921875 0.3771752421875 0.544921875 0.35849392343750003 0.55078125 0.35464776875 0.55419921875 0.35382359375 0.55908203125 0.3532741421875 0.58251953125 0.357120296875 0.5849609375 0.382944471875 0.5849609375 0.41618623125000004 0.5810546875
0 0.43459225 0.685546875 0.4356911515625 0.68212890625 0.4351417015625 0.64501953125 0.4318449984375 0.6416015625 0.37387796406249996 0.64501953125 0.3601417015625 0.6484375 0.349427415625 0.65478515625 0.349976865625 0.689453125 0.35135049218750003 0.69189453125 0.43129554687500005 0.6865234375 0.43459225 0.685546875
0 0.34091274843749997 0.43701171875 0.342286375 0.404296875 0.2722314296875 0.41796875 0.271132528125 0.4208984375 0.2722314296875 0.45068359375 0.284044615625 0.45068359375 0.3354182421875 0.4404296875 0.34091274843749997 0.43701171875
0 0.346406871875 0.44580078125 0.2928354421875 0.4501953125 0.27168159687500004 0.4599609375 0.2678354421875 0.46533203125 0.26838489375 0.5029296875 0.26948379375 0.50439453125 0.35245082656250004 0.4951171875 0.346406871875 0.44580078125
0 0.349702809375 0.54443359375 0.35217533749999996 0.54052734375 0.35217533749999996 0.50341796875 0.340087425 0.49365234375 0.28102149062500004 0.4990234375 0.27058193125 0.50537109375 0.2700324796875 0.5478515625 0.27113138124999997 0.552734375 0.343109403125 0.54638671875 0.349702809375 0.54443359375
0 0.29420830468750003 0.59912109375 0.3290984140625 0.59716796875 0.3480544578125 0.591796875 0.3508017109375 0.5888671875 0.3516258875 0.5849609375 0.3508017109375 0.54736328125 0.349702809375 0.54443359375 0.293384128125 0.548828125 0.2749775359375 0.552734375 0.27168083125 0.556640625 0.27113138124999997 0.58447265625 0.2719555578125 0.5947265625 0.273603909375 0.59716796875 0.29420830468750003 0.59912109375
0 0.27854829375 0.70166015625 0.3216801625 0.6962890625 0.33953730625 0.69189453125 0.343658184375 0.6875 0.343383459375 0.65673828125 0.34008675625 0.65087890625 0.2694823609375 0.65478515625 0.2664603828125 0.6572265625 0.26591093125 0.6923828125 0.2664603828125 0.697265625 0.268658184375 0.69970703125 0.27854829375 0.70166015625
0 0.34585617812499997 0.75048828125 0.3436583765625 0.7021484375 0.2804715625 0.70263671875 0.26728475 0.70556640625 0.263988046875 0.71142578125 0.26124079375 0.73876953125 0.26096606875 0.75537109375 0.263988046875 0.75732421875 0.3420100234375 0.75439453125 0.34585617812499997 0.75048828125
0 0.3447567984375 0.79833984375 0.3436578984375 0.76123046875 0.3406359203125 0.7578125 0.3285480078125 0.7548828125 0.2810205359375 0.75634765625 0.26426229375 0.7587890625 0.26151504062500003 0.7626953125 0.261240315625 0.79931640625 0.26316339218749996 0.8076171875 0.335965590625 0.80224609375 0.3447567984375 0.79833984375
0 0.3310200578125 0.87158203125 0.3403607171875 0.865234375 0.339261815625 0.8134765625 0.258492584375 0.81201171875 0.25492115625 0.81689453125 0.2532728046875 0.8466796875 0.2529980796875 0.86279296875 0.2593167609375 0.869140625 0.3123387390625 0.87255859375 0.3310200578125 0.87158203125
0 0.23871274687500002 0.685546875 0.24063582343749998 0.67138671875 0.2436578015625 0.615234375 0.244481978125 0.54638671875 0.22909736249999998 0.54638671875 0.2175589015625 0.55517578125 0.21124022031249998 0.61669921875 0.20684461562499998 0.66650390625 0.2079435171875 0.69384765625 0.23431714218750002 0.6943359375 0.23871274687500002 0.685546875
0 0.22442550312499998 0.84228515625 0.2282716578125 0.8173828125 0.236513415625 0.71875 0.236513415625 0.708984375 0.2348650640625 0.703125 0.2098650640625 0.7001953125 0.20272220624999998 0.72021484375 0.19667825156250002 0.83349609375 0.19667825156250002 0.8486328125 0.198876053125 0.85107421875 0.217832096875 0.84912109375 0.22442550312499998 0.84228515625
0 0.9164749125 0.626953125 0.9258155718750001 0.62255859375 0.9194968906250001 0.57958984375 0.9153760125 0.57470703125 0.8988924953125 0.57373046875 0.8618045828125 0.57763671875 0.8483430453125 0.57958984375 0.8365298578125 0.5859375 0.8365298578125 0.6259765625 0.8409254625000001 0.63232421875 0.8898265609375 0.63037109375 0.9164749125 0.626953125
0 0.9123544156250001 0.5712890625 0.9140027671875 0.56884765625 0.9093324375 0.515625 0.9071346359374999 0.513671875 0.84065111875 0.52880859375 0.8302115593750001 0.53369140625 0.8280137562500001 0.537109375 0.8280137562500001 0.56396484375 0.8310357343750001 0.58251953125 0.90273903125 0.57470703125 0.9123544156250001 0.5712890625
0 0.86015651875 0.52783203125 0.8895521234375 0.5224609375 0.907409265625 0.5166015625 0.9118048703125 0.5146484375 0.913453221875 0.49755859375 0.913453221875 0.49267578125 0.9082334421875 0.47216796875 0.9041125624999999 0.462890625 0.8439477265625 0.47412109375 0.825541134375 0.48046875 0.82334333125 0.484375 0.82334333125 0.52099609375 0.8249916828125 0.52685546875 0.8285631125 0.52783203125 0.86015651875 0.52783203125
0 0.8686742437499999 0.47802734375 0.88103688125 0.47021484375 0.8763665515625 0.45556640625 0.8667511671874999 0.44775390625 0.8156522671875001 0.45947265625 0.8049379812499999 0.46728515625 0.8046632562499999 0.4765625 0.8071357828125001 0.4833984375 0.8219709484375001 0.48876953125 0.8686742437499999 0.47802734375
0 0.8049368343750001 0.46484375 0.8082335374999999 0.45166015625 0.8043873828124999 0.4404296875 0.8005412296875001 0.43701171875 0.7458709 0.44140625 0.7332335375000001 0.443359375 0.730486284375 0.4462890625 0.730761009375 0.47265625 0.7318599109374999 0.47509765625 0.7843324375 0.47314453125 0.8049368343750001 0.46484375
0 0.81894763125 0.5283203125 0.8203212578124999 0.525390625 0.8203212578124999 0.49609375 0.81867290625 0.48486328125 0.815925653125 0.48046875 0.796420159375 0.4775390625 0.7477937859375 0.4775390625 0.7409256531249999 0.47998046875 0.734332246875 0.48974609375 0.734606971875 0.517578125 0.7390025765625 0.5322265625 0.8156509281250001 0.529296875 0.81894763125 0.5283203125
0 0.5164752 0.49951171875 0.5140026718749999 0.48974609375 0.5085081671875 0.48583984375 0.48543124375 0.4853515625 0.439002671875 0.4921875 0.439277396875 0.529296875 0.51098069375 0.5224609375 0.5151015734375 0.51806640625 0.5164752 0.49951171875
0 0.20301394843749998 0.49462890625 0.21702493750000001 0.4921875 0.220871090625 0.4873046875 0.2222447171875 0.43798828125 0.16098098125 0.4365234375 0.14944251875 0.4384765625 0.14229966249999998 0.44580078125 0.13625570625 0.47998046875 0.13680515625 0.4921875 0.13845350781250002 0.49462890625 0.20301394843749998 0.49462890625
0 0.21427749375 0.5419921875 0.217299471875 0.5390625 0.22142035 0.5166015625 0.22224452656250002 0.49755859375 0.22087089999999998 0.49462890625 0.2038379328125 0.49462890625 0.142299471875 0.49853515625 0.14010166875000002 0.5009765625 0.13872804218749998 0.50732421875 0.13653024062500002 0.53125 0.137079690625 0.54345703125 0.2008159546875 0.544921875 0.21427749375 0.5419921875
0 0.2096073546875 0.599609375 0.21207988281249998 0.59619140625 0.2134535078125 0.560546875 0.21235460781249998 0.5576171875 0.20576120156250002 0.5537109375 0.2002666953125 0.55126953125 0.1593326296875 0.55224609375 0.1351568046875 0.5546875 0.133783178125 0.55712890625 0.13598098125 0.5986328125 0.1376293328125 0.6025390625 0.16510186093749998 0.60546875 0.2096073546875 0.599609375
0 0.20631112968749998 0.65234375 0.20850893125 0.60986328125 0.13268475625 0.60986328125 0.1310364046875 0.61279296875 0.12499244843749999 0.634765625 0.12911332656250002 0.65283203125 0.2032891515625 0.6552734375 0.20631112968749998 0.65234375
0 0.19477247656250002 0.76513671875 0.196695553125 0.7626953125 0.1977944546875 0.755859375 0.1953219265625 0.712890625 0.1167504984375 0.7255859375 0.115102146875 0.73828125 0.11537687187500001 0.76513671875 0.1167504984375 0.7666015625 0.1807614875 0.76953125 0.19477247656250002 0.76513671875
0 0.1238932609375 0.8203125 0.18240974375000002 0.8232421875 0.18900315 0.82275390625 0.191475678125 0.81787109375 0.19504710625 0.77392578125 0.19394820468750001 0.77001953125 0.12444271093749999 0.77001953125 0.116475678125 0.7705078125 0.1129042484375 0.77392578125 0.113728425 0.8076171875 0.1159262265625 0.81494140625 0.1186734796875 0.81787109375 0.1238932609375 0.8203125
0 0.18817830468750002 0.875 0.19202445937499998 0.873046875 0.1944969859375 0.84375 0.1936728109375 0.83349609375 0.19202445937499998 0.8310546875 0.135980503125 0.828125 0.10246401875 0.82958984375 0.10163984374999999 0.8330078125 0.1032881953125 0.86865234375 0.10603544843749999 0.87158203125 0.18817830468750002 0.875
0 0.1362558015625 0.46875 0.14120085625 0.45849609375 0.13817887812500002 0.4267578125 0.134882175 0.423828125 0.054387670312500004 0.431640625 0.051640417187499996 0.43408203125 0.049992065625 0.451171875 0.050541515625 0.4736328125 0.068398659375 0.4755859375 0.12526679062499999 0.47216796875 0.1362558015625 0.46875
0 0.13652976249999998 0.52001953125 0.1379033890625 0.5126953125 0.1354308609375 0.48828125 0.132958334375 0.4853515625 0.05109020156250001 0.48291015625 0.0499913015625 0.4833984375 0.0499913015625 0.51953125 0.1348814109375 0.52197265625 0.13652976249999998 0.52001953125
0 0.12801480781250002 0.57568359375 0.1277400828125 0.541015625 0.12581700625 0.5361328125 0.044773049999999995 0.537109375 0.041201621875 0.53759765625 0.042025796875 0.58349609375 0.12609173125 0.58203125 0.12801480781250002 0.57568359375
0 0.125816815625 0.60888671875 0.1233442875 0.603515625 0.04257505625 0.59912109375 0.04230033125 0.64208984375 0.1153772546875 0.64501953125 0.1222453859375 0.6435546875 0.125816815625 0.60888671875
0 0.8436813187500001 0.7431640625 0.8510989015625 0.73681640625 0.8508241765625 0.69482421875 0.8486263734374999 0.685546875 0.8458791203124999 0.6806640625 0.8005494499999999 0.67919921875 0.7667582421875 0.6826171875 0.7618131875 0.685546875 0.7612637359375001 0.72119140625 0.7626373625 0.73291015625 0.7648351640625 0.7392578125 0.8436813187500001 0.7431640625
0 0.8030249812499999 0.427734375 0.8041238828124999 0.42333984375 0.8016988265625 0.400390625 0.8013766296875 0.3876953125 0.7313216859375 0.39990234375 0.7293986078125 0.40771484375 0.72802498125 0.43603515625 0.7288491578125 0.44189453125 0.8002777296874999 0.42919921875 0.8030249812499999 0.427734375
0 0.722252746875 0.365234375 0.722252746875 0.39453125 0.7241758234375 0.3974609375 0.7398351640625 0.3974609375 0.7956043953124999 0.390625 0.79395604375 0.3671875 0.7914835171875 0.35498046875 0.7835164828125001 0.35302734375 0.7263736265625 0.357421875 0.7236263734375 0.36083984375 0.722252746875 0.365234375
0 0.7236263734375 0.34619140625 0.725 0.34814453125 0.74395604375 0.34814453125 0.7989010984375 0.3408203125 0.799725275 0.333984375 0.7986263734375 0.31884765625 0.796153846875 0.31298828125 0.79423076875 0.30126953125 0.7892857140625 0.30029296875 0.725274725 0.30908203125 0.7236263734375 0.31591796875 0.7236263734375 0.34619140625
0 0.6618131875000001 0.7060546875 0.6623626375 0.7158203125 0.6631868125 0.71728515625 0.66923076875 0.71728515625 0.7519230765625 0.71044921875 0.752747253125 0.70849609375 0.752747253125 0.681640625 0.7513736265625 0.65966796875 0.7480769234375 0.65625 0.72445055 0.65478515625 0.67554945 0.65625 0.6648351640625 0.66259765625 0.6618131875000001 0.7060546875
0 0.6104395609375 0.80908203125 0.6120879125 0.8056640625 0.6134615390625 0.76611328125 0.6118131875 0.76171875 0.5321428578125 0.75341796875 0.528021978125 0.75341796875 0.5258241765625 0.75634765625 0.524725275 0.79248046875 0.52554945 0.802734375 0.590109890625 0.81005859375 0.6104395609375 0.80908203125
0 0.608791209375 0.69384765625 0.6101648359375 0.6640625 0.609340659375 0.6533203125 0.6074175828125 0.650390625 0.5271978015625 0.646484375 0.524725275 0.650390625 0.5225274718749999 0.671875 0.5219780218750001 0.68701171875 0.5252747249999999 0.69091796875 0.60604395625 0.69873046875 0.608791209375 0.69384765625
0 0.48049450625 0.583984375 0.5071428578125 0.578125 0.5206043953124999 0.57080078125 0.51895604375 0.53125 0.5167582421875 0.5283203125 0.4758241765625 0.53125 0.4370879125 0.5380859375 0.4373626375 0.57861328125 0.44230769218750005 0.5849609375 0.46428571406249997 0.58642578125 0.48049450625 0.583984375
0 0.34505494531249997 0.646484375 0.34945054999999997 0.640625 0.347252746875 0.5947265625 0.3456043953125 0.5927734375 0.27005494531249996 0.59912109375 0.2637362640625 0.6025390625 0.2634615390625 0.611328125 0.2631868125 0.64892578125 0.2645604390625 0.65087890625 0.33489010937499997 0.650390625 0.34505494531249997 0.646484375
0 0.20054945000000002 0.65966796875 0.197527471875 0.6533203125 0.1293956046875 0.65478515625 0.12335164843749999 0.65625 0.1208791203125 0.65966796875 0.11648351718750001 0.7001953125 0.1862637359375 0.701171875 0.2 0.6943359375 0.20054945000000002 0.65966796875
0 0.09368131874999999 0.69873046875 0.1170329671875 0.69287109375 0.11950549375 0.68994140625 0.11978022031249999 0.677734375 0.1167582421875 0.65625 0.11071428593749999 0.65087890625 0.1008241765625 0.646484375 0.07115384687500001 0.6474609375 0.0387362640625 0.65234375 0.03076923125 0.658203125 0.0299450546875 0.67333984375 0.029670329687500004 0.6904296875 0.0324175828125 0.6953125 0.0365384609375 0.6982421875 0.09368131874999999 0.69873046875
0 0.0821428578125 0.7587890625 0.103571428125 0.755859375 0.109065934375 0.75244140625 0.1101648359375 0.7490234375 0.1140109890625 0.697265625 0.028571428125 0.69921875 0.027472528125 0.70068359375 0.022802198437499997 0.73779296875 0.022527471875 0.7412109375 0.025 0.74951171875 0.028846153125000003 0.75244140625 0.0821428578125 0.7587890625
0 0.10384615312500001 0.81396484375 0.10576923125 0.810546875 0.10659340625 0.79833984375 0.1049450546875 0.7802734375 0.10054945 0.76171875 0.0266483515625 0.75439453125 0.0233516484375 0.7548828125 0.0208791203125 0.76318359375 0.018681318750000002 0.794921875 0.018956043750000002 0.80517578125 0.046703296875 0.8125 0.090109890625 0.8154296875 0.10384615312500001 0.81396484375
0 0.094779646875 0.85888671875 0.0986258 0.85302734375 0.0994499765625 0.84814453125 0.0972521734375 0.8251953125 0.0934060203125 0.8212890625 0.0313181078125 0.82080078125 0.0063181078124999995 0.8232421875 0.0035708546874999997 0.84326171875 0.0038455796875000005 0.853515625 0.0249994265625 0.8564453125 0.094779646875 0.85888671875