0 0.65625 0.5734375 0.1453125 0.11875
0 0.63046875 0.6609375 0.1546875 0.11875
0 0.7828125 0.61015625 0.15 0.115625
0 0.7671875 0.696875 0.15 0.11875
0 0.61171875 0.75078125 0.153125 0.1203125
0 0.87890625 0.1453125 0.128125 0.0984375
0 0.728125 0.88046875 0.1578125 0.1234375
0 0.58984375 0.8421875 0.1578125 0.128125
0 0.84921875 0.2875 0.134375 0.103125
0 0.7484375 0.7875 0.1546875 0.1234375
0 0.8625 0.2171875 0.1328125 0.0984375
0 0.8328125 0.36640625 0.1359375 0.103125
0 0.8171875 0.44296875 0.140625 0.1078125
0 0.8 0.5265625 0.146875 0.115625
0 0.340625 0.74140625 0.1 0.078125
0 0.95546875 0.31796875 0.0890625 0.1015625
0 0.42890625 0.7625 0.1 0.0765625
0 0.3203125 0.79609375 0.0984375 0.075
0 0.4109375 0.81953125 0.1046875 0.08125
0 0.3 0.54375 0.0828125 0.065625
0 0.31484375 0.49296875 0.0875 0.0734375
0 0.44375 0.70703125 0.0984375 0.0765625
0 0.0296875 0.71796875 0.059375 0.0703125
0 0.35234375 0.6875 0.1015625 0.0765625
0 0.2328125 0.78359375 0.08125 0.053125
0 0.4515625 0.65390625 0.0984375 0.0765625
0 0.45234375 0.31875 0.0828125 0.065625
0 0.4609375 0.60546875 0.096875 0.0734375
0 0.36484375 0.63515625 0.096875 0.071875
0 0.040625 0.659375 0.08125 0.075
0 0.28828125 0.59140625 0.0828125 0.065625
0 0.4703125 0.55390625 0.09375 0.075
0 0.91796875 0.6359375 0.1390625 0.1125
0 0.2734375 0.63828125 0.0921875 0.0703125
0 0.37421875 0.58359375 0.096875 0.0734375
0 0.94765625 0.38984375 0.1046875 0.1046875
0 0.26484375 0.68203125 0.084375 0.053125
0 0.19609375 0.44609375 0.0890625 0.065625
0 0.4015625 0.484375 0.0890625 0.065625
0 0.48359375 0.5 0.0921875 0.0734375
0 0.3875 0.53359375 0.090625 0.065625
0 0.4359375 0.3625 0.0796875 0.05625
0 0.9421875 0.471875 0.115625 0.109375
0 0.2453125 0.74765625 0.078125 0.0546875
0 0.25625 0.715625 0.0734375 0.05
0 0.096875 0.74921875 0.096875 0.0765625
0 0.11640625 0.69296875 0.0953125 0.0734375
0 0.87890625 0.81171875 0.1265625 0.115625
0 0.41328125 0.440625 0.08125 0.05625
0 0.35 0.3796875 0.0796875 0.0625
0 0.053125 0.6109375 0.0875 0.06875
0 0.93515625 0.553125 0.1296875 0.109375
0 0.89765625 0.725 0.134375 0.1125
0 0.21015625 0.3953125 0.0890625 0.0703125
0 0.24765625 0.2640625 0.084375 0.0625
0 0.0734375 0.5625 0.0875 0.065625
0 0.13515625 0.6421875 0.1 0.078125
0 0.103125 0.46328125 0.0921875 0.0734375
0 0.08984375 0.51328125 0.0890625 0.071875
0 0.153125 0.58984375 0.0984375 0.0734375
0 0.4265625 0.40078125 0.08125 0.0625
0 0.85859375 0.90625 0.115625 0.109375
0 0.071875 0.3203125 0.090625 0.075
0 0.18359375 0.49609375 0.0953125 0.0765625
0 0.16953125 0.53984375 0.0953125 0.075
0 0.4890625 0.45546875 0.0859375 0.059375
0 0.3375 0.421875 0.078125 0.0578125
0 0.22421875 0.353125 0.0921875 0.071875
0 0.13203125 0.37421875 0.078125 0.0625
0 0.36015625 0.3484375 0.065625 0.0359375
0 0.23203125 0.309375 0.084375 0.0609375
0 0.02734375 0.49921875 0.0546875 0.0734375
0 0.09921875 0.23046875 0.0796875 0.04375
0 0.496875 0.409375 0.078125 0.0515625
0 0.0140625 0.596875 0.028125 0.15
0 0.11953125 0.4171875 0.0828125 0.0578125
0 0.15859375 0.2953125 0.071875 0.0546875
0 0.146875 0.32890625 0.071875 0.04375
0 0.05625 0.3640625 0.0765625 0.046875
0 0.04453125 0.40390625 0.0734375 0.0546875
0 0.03125 0.45390625 0.0625 0.0421875
0 0.325 0.45234375 0.075 0.04375
0 0.084375 0.26875 0.0765625 0.05