0 0.82421875 0.51015625 0.13046875 0.08203125
0 0.52421875 0.7625 0.14140625 0.18125
0 0.69609375 0.69140625 0.14140625 0.09296875
0 0.38203125 0.7625 0.13671875 0.1875
0 0.684375 0.49296875 0.134375 0.08515625
0 0.67734375 0.40703125 0.128125 0.0796875
0 0.68984375 0.5921875 0.13984375 0.090625
0 0.67109375 0.2390625 0.12265625 0.07578125
0 0.81796875 0.42265625 0.12734375 0.08125
0 0.84375 0.6984375 0.1328125 0.09140625
0 0.52265625 0.39453125 0.1328125 0.16328125
0 0.8328125 0.60390625 0.1265625 0.08828125
0 0.384375 0.571875 0.13203125 0.17421875
0 0.52109375 0.5734375 0.13515625 0.1703125
0 0.8078125 0.33828125 0.1296875 0.07734375
0 0.8453125 0.7953125 0.12734375 0.0921875
0 0.07578125 0.66640625 0.1234375 0.121875
0 0.08984375 0.540625 0.11640625 0.1140625
0 0.67421875 0.321875 0.12578125 0.07890625
0 0.8046875 0.25390625 0.12421875 0.075
0 0.69921875 0.7953125 0.14921875 0.09765625
0 0.10234375 0.425 0.11484375 0.10234375
0 0.11171875 0.3078125 0.1171875 0.1046875
0 0.0703125 0.796875 0.125 0.12578125
0 0.1140625 0.20078125 0.11171875 0.103125
0 0.0203125 0.35546875 0.03984375 0.18046875
0 0.01328125 0.5546875 0.02421875 0.18671875