0 0.1375 0.1765625 0.08125 0.084375
0 0.1328125 0.2703125 0.08984375 0.08984375
0 0.12265625 0.36796875 0.090625 0.0953125
0 0.1125 0.47265625 0.0953125 0.09765625
0 0.1078125 0.57890625 0.0953125 0.1046875
0 0.10546875 0.6921875 0.10625 0.10859375
0 0.0984375 0.8109375 0.09609375 0.1078125
0 0.19765625 0.8109375 0.10234375 0.10625
0 0.2046875 0.6921875 0.09609375 0.10546875
0 0.20625 0.5796875 0.09921875 0.10234375
0 0.21171875 0.47265625 0.0953125 0.103125
0 0.2171875 0.36953125 0.09140625 0.09296875
0 0.2234375 0.2671875 0.08984375 0.0921875
0 0.22734375 0.1765625 0.08671875 0.090625
0 0.31796875 0.175 0.08359375 0.09296875
0 0.3203125 0.27109375 0.084375 0.09296875
0 0.3125 0.37421875 0.0875 0.0953125
0 0.31015625 0.475 0.0890625 0.103125
0 0.30703125 0.5859375 0.09609375 0.10546875
0 0.30546875 0.69140625 0.0953125 0.115625
0 0.303125 0.81015625 0.0984375 0.11640625