0 0.49140625 0.609375 0.1109375 0.115625
0 0.11328125 0.33671875 0.103125 0.1015625
0 0.46015625 0.5140625 0.1078125 0.1125
0 0.41796875 0.746875 0.1140625 0.1203125
0 0.278125 0.2890625 0.0984375 0.1
0 0.2453125 0.49765625 0.1046875 0.10625
0 0.43046875 0.425 0.10625 0.1109375
0 0.19609375 0.3203125 0.1015625 0.103125
0 0.33046875 0.46328125 0.103125 0.10625
0 0.15390625 0.51328125 0.1078125 0.109375
0 0.3875 0.64921875 0.109375 0.1140625
0 0.52421875 0.70859375 0.109375 0.115625
0 0.303125 0.37578125 0.1015625 0.103125
0 0.303125 0.6859375 0.1109375 0.115625
0 0.18203125 0.60390625 0.1109375 0.1140625
0 0.5578125 0.809375 0.1140625 0.121875
0 0.74375 0.74765625 0.1140625 0.1234375
0 0.65390625 0.78046875 0.1203125 0.125
0 0.271875 0.5875 0.10625 0.109375
0 0.171875 0.2421875 0.096875 0.0953125
0 0.3578125 0.55390625 0.1078125 0.1125
0 0.13671875 0.42421875 0.1 0.1015625
0 0.2359375 0.8015625 0.1171875 0.1234375
0 0.221875 0.40703125 0.103125 0.103125
0 0.61875 0.678125 0.115625 0.1171875
0 0.26328125 0.91015625 0.121875 0.1265625
0 0.4515625 0.85078125 0.1171875 0.1234375
0 0.39609375 0.33515625 0.1046875 0.1046875
0 0.209375 0.7 0.1109375 0.115625
0 0.89296875 0.49140625 0.1609375 0.184375
0 0.9375 0.64453125 0.125 0.1953125
0 0.35703125 0.884375 0.115625 0.1171875
0 0.83125 0.340625 0.15 0.1734375
0 0.628125 0.45390625 0.1109375 0.1140625
0 0.54453125 0.4828125 0.109375 0.109375
0 0.33125 0.7828125 0.1140625 0.11875
0 0.0890625 0.25 0.1 0.1
0 0.48046875 0.30390625 0.103125 0.103125
0 0.59609375 0.36796875 0.1078125 0.109375
0 0.665625 0.55 0.1109375 0.1125
0 0.36875 0.153125 0.096875 0.1
0 0.559375 0.28046875 0.0953125 0.1
0 0.253125 0.2125 0.0953125 0.09375
0 0.51015625 0.3921875 0.103125 0.1078125
0 0.371875 0.24921875 0.096875 0.0984375
0 0.70390625 0.6484375 0.1109375 0.1140625
0 0.45234375 0.21796875 0.1109375 0.109375
0 0.5265625 0.1921875 0.0953125 0.1015625
0 0.578125 0.578125 0.1140625 0.11875
0 0.97421875 0.49609375 0.0515625 0.1453125
0 0.946875 0.3671875 0.103125 0.1390625
0 0.03125 0.6359375 0.053125 0.1015625