0 0.53671875 0.49765625 0.2375 0.2140625
0 0.4734375 0.61953125 0.109375 0.0765625
0 0.571875 0.6390625 0.1 0.078125
0 0.3640625 0.6734375 0.1046875 0.071875
0 0.46171875 0.6921875 0.103125 0.0734375
0 0.5609375 0.70390625 0.1015625 0.0703125
0 0.346875 0.73515625 0.1015625 0.0671875
0 0.44765625 0.75703125 0.10625 0.071875
0 0.54921875 0.76640625 0.0984375 0.071875
0 0.3375 0.79609375 0.0984375 0.06875
0 0.32734375 0.853125 0.1015625 0.0671875
0 0.42578125 0.871875 0.10625 0.0828125
0 0.5296875 0.82265625 0.0875 0.0703125
0 0.5171875 0.88125 0.090625 0.0546875
0 0.32578125 0.4234375 0.1078125 0.196875
0 0.27109375 0.6953125 0.10625 0.1671875
0 0.7054250921875 0.3441794453125 0.853981975 0.369120925 0.8905946703125001 0.22144195781249998 0.73665788125 0.18131539218749998 0.7054250921875 0.3441794453125
0 0.812706221875 0.5272557921875001 0.8456865812500001 0.38018950625 0.7061086640625 0.35456860625000003 0.6744034203125 0.50412248125 0.812706221875 0.5272557921875001
0 0.7703696890625 0.6714193203125001 0.806930903125 0.5400219359375 0.6644594359375 0.5007923296875 0.6385257515625 0.6356403937499999 0.7703696890625 0.6714193203125001
0 0.596658484375 0.7811396796875 0.7353492140625 0.798075846875 0.7645129765625 0.6766522640625 0.6252596578125 0.66311811875 0.596658484375 0.7811396796875
0 0.701522384375 0.9299553765624999 0.7341041796875001 0.8091344875 0.594838865625 0.7956515546875 0.563086715625 0.915570403125 0.701522384375 0.9299553765624999
0 0.9079713546875 0.68000006875 0.9411930187499999 0.5517124296875 0.8086672046875 0.5347036968750001 0.7777889015625 0.6614799703124999 0.9079713546875 0.68000006875
0 0.8674107546875 0.8180801515624999 0.9000636609375 0.69301809375 0.7769222859375 0.6705125953125 0.7446393375 0.7964322375 0.8674107546875 0.8180801515624999
0 0.8370594828125 0.9513084984375 0.8664988749999999 0.8267884375 0.7421386296875 0.8070777015624999 0.715389546875 0.9198770234375001 0.8370594828125 0.9513084984375
0 0.0750809203125 0.5797019765625 0.15914618281249998 0.59452495 0.1712798640625 0.5257114203125 0.088328446875 0.5158228312500001 0.0750809203125 0.5797019765625
0 0.20859375 0.5609375 0.0921875 0.0796875
0 0.11640625 0.6171875 0.0921875 0.06875
0 0.196875 0.63203125 0.0921875 0.0625
0 0.10703125 0.67109375 0.0875 0.0640625
0 0.18984375 0.68984375 0.0859375 0.0609375