0 1 0.451855475 0.9771376078125 0.3342386609375 0.8803815437500001 0.3458845421875 0.8943556578124999 0.4705078359375 1 0.4553858703125 1 0.451855475
0 1 0.457364784375 0.892492353125 0.4736997921875 0.9070059734375 0.59255868125 1 0.5777942781250001 1 0.457364784375
0 1 0.5814955578125 0.907648775 0.5962067578125 0.920229284375 0.7045939578125 1 0.6979631656249999 1 0.5814955578125
0 1 0.7026395703125 0.9181539609374999 0.71490155 0.9322161937500001 0.8263021296874999 1 0.8124870046874999 1 0.7026395703125
0 0.845151221875 0.6649504234375 0.9100893234375 0.6551575046875 0.8868270031250001 0.4672549765625 0.8225507953125 0.47691923750000004 0.845151221875 0.6649504234375
0 0.9308781906249999 0.8303352343749999 0.909420321875 0.6571740578124999 0.8438320703125 0.671809634375 0.8643570437499999 0.8366628437499999 0.9308781906249999 0.8303352343749999
0 0.5637719671875 0.9148990421875001 0.455849421875 0.33785263125 0.32655585625 0.3573252171875 0.45424149687500004 0.940905890625 0.5637719671875 0.9148990421875001
0 0 0.364279928125 0.059255092187500004 0.3498580828125 0.028544315625 0.221885271875 0 0.2265511359375 0 0.364279928125
0 0 0.5120516140625 0.0956830453125 0.49086842812500003 0.0624352421875 0.3662185359375 0 0.37773095 0 0.5120516140625
0 0 0.548144525 0.019942040624999997 0.6507374265625 0.1272960453125 0.6262119140625 0.0950705921875 0.50136329375 0 0.5207131046875 0 0.548144525
0 0.1269803953125 0.63004629375 0.0213593453125 0.6580288296875 0.0450405859375 0.7798582484375001 0.158183496875 0.7550936375 0.1269803953125 0.63004629375
0 0.0461114828125 0.7853675359375 0.0554445265625 0.8333818859375001 0.073526503125 0.90360515625 0.1917469515625 0.87590915 0.15977357187500002 0.7632738640625 0.0461114828125 0.7853675359375
0 0.159933934375 1 0.218943078125 0.9885297843749999 0.189878925 0.8772155125 0.076259053125 0.904017259375 0.1025607390625 1 0.159933934375 1
0 0.29296875 0.51640625 0.146875 0.1546875
0 0.32578125 0.65390625 0.1390625 0.1484375
0 0.35234375 0.78359375 0.140625 0.134375
0 0.3796875 0.9015625 0.1265625 0.1265625
0 0.11015625 0.2734375 0.1546875 0.1578125
0 0.14375 0.4171875 0.1421875 0.1484375
0 0.171875 0.553125 0.1453125 0.1421875
0 0.2046875 0.684375 0.1328125 0.1375
0 0.23515625 0.809375 0.1375 0.134375
0 0.26640625 0.9234375 0.1359375 0.125