0 0.93359375 0.49765625 0.1328125 0.2109375
0 0.88125 0.6671875 0.1921875 0.215625
0 0.79296875 0.83984375 0.1875 0.20625
0 0.70390625 0.94765625 0.1921875 0.1046875
0 0.58203125 0.9171875 0.2015625 0.165625
0 0.671875 0.77734375 0.20625 0.2296875
0 0.6046875 0.5171875 0.2609375 0.2484375
0 0.5171875 0.69921875 0.2640625 0.2546875
0 0.42578125 0.87109375 0.2671875 0.2578125
0 0.34921875 0.7421875 0.1890625 0.325
0 0.265625 0.646875 0.3609375 0.4734375
0 0.06015625 0.73671875 0.1203125 0.1515625
0 0.10390625 0.62265625 0.15 0.15625
0 0.15703125 0.50546875 0.1546875 0.1625
0 0.2171875 0.390625 0.1546875 0.1578125
0 0.27578125 0.27265625 0.15625 0.1640625
0 0.33359375 0.153125 0.153125 0.1578125
0 0.1703125 0.2234375 0.15625 0.1609375
0 0.1125 0.33984375 0.1546875 0.1609375
0 0.065625 0.4578125 0.13125 0.165625
0 0.0359375 0.575 0.071875 0.15625