0 0.69921875 0.59765625 0.42421875 0.484375
0 0.253125 0.17109375 0.0875 0.0921875
0 0.25234375 0.26640625 0.0875 0.08984375
0 0.2484375 0.3703125 0.08984375 0.09375
0 0.24140625 0.475 0.0890625 0.103125
0 0.23984375 0.578125 0.090625 0.1
0 0.23515625 0.69375 0.0875 0.1140625
0 0.2296875 0.815625 0.09296875 0.12109375
0 0.134375 0.8125 0.0953125 0.1109375
0 0.1375 0.69609375 0.0953125 0.1140625
0 0.13984375 0.578125 0.09921875 0.1
0 0.1421875 0.4703125 0.09296875 0.1046875
0 0.15078125 0.36796875 0.0875 0.09453125
0 0.15859375 0.26953125 0.0875 0.0921875
0 0.16484375 0.17265625 0.084375 0.08984375
0 0.075 0.175 0.0859375 0.084375
0 0.06484375 0.26640625 0.0875 0.084375
0 0.0546875 0.36796875 0.09140625 0.0875
0 0.04375 0.4703125 0.0875 0.0984375
0 0.03984375 0.57890625 0.0796875 0.10625
0 0.04140625 0.6921875 0.08203125 0.109375
0 0.034375 0.80859375 0.06875 0.1171875