0 0.38359375 0.278125 0.08125 0.096875
0 0.3828125 0.37734375 0.08203125 0.0859375
0 0.3828125 0.46953125 0.07890625 0.08828125
0 0.3796875 0.565625 0.08125 0.078125
0 0.37734375 0.65625 0.07890625 0.08828125
0 0.3765625 0.74375 0.08203125 0.07421875
0 0.290625 0.29453125 0.0859375 0.10078125
0 0.290625 0.396875 0.08984375 0.08515625
0 0.53984375 0.43828125 0.103125 0.01875
0 0.540625 0.41953125 0.10234375 0.01796875
0 0.53984375 0.4546875 0.103125 0.01875
0 0.53984375 0.46953125 0.10390625 0.01015625
0 0.5390625 0.48984375 0.10390625 0.01875
0 0.5390625 0.5046875 0.103125 0.009375
0 0.5390625 0.52265625 0.10234375 0.01796875
0 0.5390625 0.53828125 0.10234375 0.009375
0 0.53828125 0.55390625 0.1015625 0.015625
0 0.53984375 0.56953125 0.09921875 0.00703125
0 0.5515625 0.6171875 0.06953125 0.0640625
0 0.55 0.67734375 0.071875 0.046875
0 0.546875 0.73359375 0.06640625 0.05546875
0 0.4703125 0.73125 0.07109375 0.06171875
0 0.47421875 0.67265625 0.07109375 0.053125
0 0.478125 0.6140625 0.071875 0.05390625
0 0.63515625 0.4640625 0.06484375 0.184375
0 0.64375 0.7234375 0.071875 0.16953125
0 0.76953125 0.69453125 0.0890625 0.059375
0 0.76640625 0.75859375 0.09140625 0.06015625
0 0.7625 0.821875 0.0890625 0.05859375
0 0.75703125 0.88046875 0.084375 0.0515625
0 0.8703125 0.64140625 0.09375 0.06171875
0 0.86875 0.70546875 0.09765625 0.05
0 0.865625 0.7640625 0.09453125 0.0484375
0 0.85859375 0.825 0.096875 0.05546875
0 0.8546875 0.8875 0.09296875 0.05859375
0 0.90625 0.5078125 0.1875 0.175
0 0.78046875 0.25625 0.0703125 0.06796875
0 0.74609375 0.5796875 0.06328125 0.05546875
0 1 0.6184104140625 0.9354385046875 0.615740740625 0.9288411453125001 0.671296296875 1 0.676654978125 1 0.6184104140625
0 1 0.6793325796875 0.9260651359375001 0.6740740734374999 0.91929548125 0.7333333328125 1 0.74235846875 1 0.6793325796875
0 1 0.7460529921875 0.9224199375 0.7370370375 0.9163411453125001 0.7916666671875 1 0.79806765 1 0.7460529921875
0 0.911484340625 0.7981481484375 0.9069661453125001 0.847222221875 0.9906372328125 0.8509259265625 0.99792763125 0.8009259265625 0.911484340625 0.7981481484375
0 0.9866536453125001 0.9064814812499999 0.9895957484375 0.8574074078124999 0.90679765625 0.852777778125 0.9036732000000001 0.9018518515625 0.9866536453125001 0.9064814812499999
0 0.3277317546875 0.48055555625 0.3137369796875 0.47592592656250005 0.2865930796875 0.7861111109375 0.2996116484375 0.7888888890625 0.3277317546875 0.48055555625
0 0.26998697968749996 0.7870370375 0.284510109375 0.7898148140625 0.312630215625 0.4796296296875 0.2985701625 0.4768518515625 0.26998697968749996 0.7870370375
0 0.2559244796875 0.784259259375 0.2694085703125 0.7879629625 0.29596644843750003 0.4796296296875 0.2834686234375 0.475 0.2559244796875 0.784259259375
0 0.28138565312499997 0.477777778125 0.27045005624999996 0.47592592656250005 0.2412884640625 0.7851851859375001 0.25639000312500004 0.7879629625 0.28138565312499997 0.477777778125
0 0.265763371875 0.477777778125 0.2548828125 0.4731481484375 0.226186925 0.784259259375 0.23920549218749998 0.7870370375 0.265763371875 0.477777778125
0 0.2126476140625 0.784259259375 0.2220209828125 0.7870370375 0.25170331875 0.47592592656250005 0.23816400781249997 0.4731481484375 0.2126476140625 0.784259259375
0 0.23556029375 0.475 0.2236328125 0.4731481484375 0.19754607500000002 0.7833333328125 0.21056464375 0.784259259375 0.23556029375 0.475
0 0.20796092968750002 0.47407407343749997 0.1830078125 0.7833333328125 0.19598384687499998 0.7851851859375001 0.2204587546875 0.47407407343749997 0.20796092968750002 0.47407407343749997