0 0.2416339171875 1 0.30503339375 0.9813492078125 0.072630603125 0.1559931578125 0 0.1727612546875 0 0.3018558203125 0.201848715625 1 0.2416339171875 1
0 0.4231563328125 0.9414080046875 0.20124614687500003 0.11521332343749999 0.0920801046875 0.14912718125 0.31905898593750004 0.9765274390625001 0.4231563328125 0.9414080046875
0 0.42863779218750003 0.9227207312499999 0.5277071671875 0.8966810609375001 0.3472972296875 0.10366800000000001 0.24312289374999999 0.1261347265625 0.24092103593749997 0.1250592859375 0.42863779218750003 0.9227207312499999
0 0.6420396875 0.8750367265625 0.44935655937499996 0.0674353375 0.34790190781249997 0.090857990625 0.54112815 0.9046692500000001 0.6420396875 0.8750367265625
0 0.710413365625 0.392029665625 0.6673953046875 0.24041329843749998 0.5909656562500001 0.2667693640625 0.6296416390624999 0.42018010468749994 0.710413365625 0.392029665625
0 0.7471212953124999 0.535600025 0.7072275546875 0.3975165765625 0.6294989390625 0.433675346875 0.6680853078125 0.571268775 0.7471212953124999 0.535600025
0 0.7752234625 0.6843248125 0.74367795625 0.555400615625 0.6608083203125 0.5808677640625 0.6985278671875 0.7147017578125 0.7752234625 0.6843248125
0 0.8157948656249999 0.8523441093749999 0.779540421875 0.6991662375 0.700705228125 0.7189504828125 0.7356277140625 0.867684453125 0.8157948656249999 0.8523441093749999
0 0.84375 0.4328125 0.128125 0.0953125
0 0.865625 0.51875 0.1203125 0.0875
0 0.88203125 0.5890625 0.125 0.0921875