0 0.7171875 0.29375 0.221875 0.275
0 0.7375 0.5578125 0.2203125 0.2640625
0 0.75625 0.81015625 0.2265625 0.265625
0 0.92421875 0.7875 0.1515625 0.253125
0 0.91484375 0.540625 0.1703125 0.265625
0 0.9046875 0.27578125 0.178125 0.271875
0 0.365625 0.27734375 0.1640625 0.1125
0 0.40546875 0.93125 0.16875 0.090625
0 0.4015625 0.8484375 0.1703125 0.0859375
0 0.396875 0.7671875 0.16875 0.0953125
0 0.39375 0.6828125 0.1734375 0.0921875
0 0.39296875 0.6046875 0.1703125 0.1046875
0 0.38515625 0.521875 0.171875 0.0953125
0 0.37109375 0.44140625 0.165625 0.1046875
0 0.365625 0.35625 0.1703125 0.1046875
0 0.2359375 0.953125 0.184375 0.09375
0 0.2328125 0.87265625 0.184375 0.09375
0 0.23125 0.78671875 0.1859375 0.09375
0 0.22265625 0.7046875 0.18125 0.1
0 0.2171875 0.6171875 0.175 0.0953125
0 0.2109375 0.53203125 0.18125 0.1
0 0.2 0.45078125 0.1828125 0.103125
0 0.19453125 0.3640625 0.18125 0.109375
0 0.18515625 0.271875 0.1875 0.1203125
0 0.175 0.18359375 0.184375 0.1140625
0 0.17109375 0.09453125 0.184375 0.1203125