0 0.43828125 0.16328125 0.125 0.14140625
0 0.56640625 0.1625 0.125 0.1390625
0 0.69921875 0.159375 0.12578125 0.15234375
0 0.6953125 0.31015625 0.11796875 0.1390625
0 0.56796875 0.31171875 0.125 0.14140625
0 0.43984375 0.309375 0.13203125 0.14375
0 0.43671875 0.4515625 0.12578125 0.14375
0 0.56640625 0.45078125 0.11875 0.13671875
0 0.69453125 0.4578125 0.11328125 0.13828125
0 0.43359375 0.5875 0.1234375 0.13125
0 0.55859375 0.59765625 0.11328125 0.134375
0 0.68359375 0.6015625 0.11875 0.13515625
0 0.67734375 0.72578125 0.1078125 0.10546875
0 0.66796875 0.84296875 0.10859375 0.11796875
0 0.55859375 0.7265625 0.1203125 0.12578125
0 0.43671875 0.72109375 0.12265625 0.1328125
0 0.434375 0.853125 0.11015625 0.1140625
0 0.55625 0.85234375 0.121875 0.10625
0 0.8362895625 0.259043209375 0.8349013859375001 0.26151139843750004 0.83212481875 0.4145386359375 0.982755725 0.429347684375 0.9959445734375001 0.2380637078125 0.8362895625 0.259043209375
0 0.8252929578125 0.41049381562500004 0.8168533859375 0.579906778125 0.9709552640625001 0.5811408484375 0.985532290625 0.4194750171875 0.8252929578125 0.41049381562500004
0 0.804459625 0.5864197421874999 0.8001936687500001 0.7366362296875 0.9445773515625 0.7551475859375001 0.9619311578125 0.57867270625 0.804459625 0.5864197421874999
0 0.8036644296875 0.74280668125 0.789781384375 0.90940889375 0.9418007859375 0.9069407515625001 0.9494365015625 0.7415726109375 0.8036644296875 0.74280668125
0 0.11695962499999998 0.2438271484375 0.1227011625 0.3688773265625 0.250425128125 0.3639409453125 0.24348360625 0.229425065625 0.11695962499999998 0.2438271484375
0 0.129112403125 0.3703703578125 0.13866668437500002 0.5095635640625 0.2622256953125 0.507095421875 0.25250760625 0.3725795421875 0.129112403125 0.3703703578125
0 0.26452906875000004 0.5030864078125 0.2761087390625 0.720593109375 0.3448298734375 0.7242953234375 0.34066491718749997 0.504627278125 0.26452906875000004 0.5030864078125
0 0.1377929578125 0.5185185062500001 0.147690578125 0.6477817531250001 0.268473128125 0.6465476812500001 0.26569645625 0.5095635640625 0.1377929578125 0.5185185062500001
0 0.1534179578125 0.6481481359375 0.165044384375 0.767488490625 0.2781912171875 0.7576158234375 0.26916721718750003 0.6416113015625 0.1534179578125 0.6481481359375
0 0.1586262921875 0.7716049265625 0.169903534375 0.8970679890625 0.272637978125 0.8822589421875 0.267778934375 0.767488490625 0.1586262921875 0.7716049265625
0 0.033626292187500004 0.777777765625 0.0387087 0.9044725140625 0.15740877343749998 0.8970679890625 0.1560204890625 0.7847657765625 0.033626292187500004 0.777777765625
0 0.023209625 0.6481481359375 0.0331554609375 0.7748930140625 0.160879534375 0.772424871875 0.151855534375 0.6477817531250001 0.023209625 0.6481481359375
0 0.011056846875 0.5185185062500001 0.031073089062499996 0.6416113015625 0.1483847734375 0.6366749203125 0.1331134453125 0.507095421875 0.011056846875 0.5185185062500001