0 0.5703125 0.43125 0.13203125 0.08671875
0 0.56875 0.51953125 0.14140625 0.090625
0 0.5703125 0.34453125 0.13203125 0.0828125
0 0.7109375 0.60859375 0.13359375 0.0921875
0 0.56953125 0.6125 0.14375 0.0953125
0 0.57109375 0.7046875 0.14375 0.09765625
0 0.57265625 0.80390625 0.1453125 0.09765625
0 0.71640625 0.7046875 0.1375 0.09453125
0 0.56328125 0.1875 0.12578125 0.07578125
0 0.41875 0.62109375 0.1453125 0.09453125
0 0.421875 0.353125 0.1375 0.08671875
0 0.7203125 0.80390625 0.1421875 0.09765625
0 0.41953125 0.5296875 0.13984375 0.09140625
0 0.4234375 0.11328125 0.12421875 0.075
0 0.86796875 0.4359375 0.12734375 0.08515625
0 0.4125 0.81640625 0.1453125 0.09375
0 0.41640625 0.715625 0.14140625 0.09296875
0 0.421875 0.190625 0.12734375 0.07734375
0 0.86171875 0.3484375 0.125 0.0828125
0 0.421875 0.26875 0.13125 0.08125
0 0.4203125 0.440625 0.134375 0.0859375
0 0.28203125 0.52265625 0.13515625 0.08984375
0 0.56484375 0.265625 0.1296875 0.07578125
0 0.4296875 0.0375 0.12265625 0.071875
0 0.85625 0.26640625 0.12578125 0.08203125
0 0.26640625 0.8140625 0.14140625 0.0953125
0 0.2765625 0.6171875 0.134375 0.08515625
0 0.26953125 0.71484375 0.134375 0.09140625
0 0.871875 0.52109375 0.13046875 0.084375
0 0.9625 0.35703125 0.075 0.07890625
0 0.959375 0.278125 0.08125 0.07421875
0 0.953125 0.1984375 0.09296875 0.07265625
0 0.0796875 0.60703125 0.09140625 0.0546875
0 0.01796875 0.6578125 0.03203125 0.05390625
0 0.01640625 0.60546875 0.03046875 0.05390625
0 0.015625 0.71796875 0.028125 0.05859375
0 0.965625 0.44453125 0.06328125 0.07890625
0 0.07734375 0.54765625 0.08828125 0.0609375
0 0.084375 0.65859375 0.0953125 0.05546875
0 0.88125 0.7109375 0.1390625 0.090625
0 0.8796875 0.6171875 0.13671875 0.09140625
0 0.89140625 0.8078125 0.14765625 0.096875
0 0.015625 0.55 0.02890625 0.05546875
0 0.971875 0.52578125 0.05625 0.078125
0 0.075 0.7796875 0.09296875 0.06015625
0 0.03203125 0.31171875 0.06328125 0.05
0 0.084375 0.7171875 0.09140625 0.0578125
0 0.98203125 0.80703125 0.03515625 0.09296875
0 0.02890625 0.3625 0.05625 0.04296875
0 0.02890625 0.4078125 0.0546875 0.0484375
0 0.08125 0.48984375 0.0984375 0.06171875
0 0.06796875 0.84609375 0.0875 0.0609375