0 0.35 0.34453125 0.14375 0.15
0 0.4421875 0.29140625 0.15 0.1546875
0 0.540625 0.2375 0.1453125 0.1515625
0 0.59296875 0.35859375 0.1375 0.1375
0 0.4921875 0.4015625 0.14375 0.1421875
0 0.4 0.44375 0.1328125 0.1375
0 0.45078125 0.54921875 0.134375 0.134375
0 0.54453125 0.503125 0.1375 0.140625
0 0.64609375 0.46015625 0.1453125 0.153125
0 0.690625 0.56015625 0.1328125 0.1296875
0 0.59140625 0.60390625 0.1375 0.1375
0 0.496875 0.65078125 0.1390625 0.1390625
0 0.546875 0.74296875 0.1265625 0.1234375
0 0.63984375 0.7 0.1328125 0.1296875
0 0.73359375 0.65703125 0.1375 0.1359375
0 0.775 0.7546875 0.1359375 0.1328125
0 0.68515625 0.79375 0.128125 0.128125
0 0.59609375 0.8375 0.134375 0.134375
0 0.334375 0.534375 0.1359375 0.1875
0 0.425 0.69375 0.134375 0.184375
0 0.50078125 0.84375 0.1234375 0.16875
0 0.083871046875 0.3871751046875 0.14297367656249999 0.4902501359375 0.23371426718750002 0.43516652499999997 0.1696541296875 0.33477836562499996 0.083871046875 0.3871751046875
0 0.1427900796875 0.492856671875 0.1999499609375 0.59394155 0.2834043421875 0.544809671875 0.2338831140625 0.44785836874999996 0.1427900796875 0.492856671875
0 0.20344018749999998 0.5947118046875 0.255576759375 0.6854916640625001 0.342944271875 0.6447515234375001 0.28910519375 0.5447054375 0.20344018749999998 0.5947118046875
0 0.3912848578125 0.7422533703124999 0.3458791203125 0.651045328125 0.25739346093750004 0.689752753125 0.3088087609375 0.793483184375 0.3912848578125 0.7422533703124999
0 0.448058784375 0.8485932609375 0.39894227656250003 0.7463450046875 0.311229771875 0.78980013125 0.35971298906250004 0.8872354671875 0.448058784375 0.8485932609375
0 0.362683446875 0.893511615625 0.4043428015625 0.9736970968750001 0.4936668796875 0.9371528265625001 0.44903706718749997 0.8506911968749999 0.362683446875 0.893511615625
0 0 0.4557838875 0.04872466875 0.5316450546875 0.1369016171875 0.4803110046875 0.07854233125 0.379818609375 0 0.43185014375 0 0.4557838875
0 0.1936755453125 0.5866508968749999 0.1333596921875 0.48196263124999994 0.0472549703125 0.5348845015625 0.10806223906250001 0.6342353843749999 0.1936755453125 0.5866508968749999
0 0.1106499921875 0.6426250890625 0.1634866765625 0.7284339734375 0.24791934062499998 0.68140003125 0.20035467968749998 0.5886445953125 0.1106499921875 0.6426250890625
0 0.300577778125 0.7819966609375 0.2561503234375 0.6928865531249999 0.1663248609375 0.7347728546875001 0.217730471875 0.8231831093749999 0.300577778125 0.7819966609375
0 0.3078304765625 0.7913852484375 0.22437609531249997 0.840517128125 0.21918288593750002 0.8327222984375 0.2740996828125 0.9348199546875 0.3553951390625 0.8841406828125 0.3078304765625 0.7913852484375
0 0.36164950625 1 0.3992155140625 0.9811962218750001 0.3526291359375 0.8905387234375001 0.2732219125 0.93457715 0.3132858984375 1 0.36164950625 1
0 0.25 0.965625 0.125 0.06875
0 0.20234375 0.90078125 0.1265625 0.1265625
0 0.14609375 0.80546875 0.1234375 0.1265625
0 0.83203125 0.225 0.1265625 0.13125
0 0.87890625 0.3234375 0.125 0.1296875
0 0.91640625 0.421875 0.1296875 0.134375
0 0.94765625 0.51875 0.1046875 0.134375
0 0.96328125 0.61640625 0.0734375 0.1421875
0 0.76875 0.053125 0.096875 0.0671875
0 0.7796875 0.0859375 0.0953125 0.0640625
0 0.80234375 0.109375 0.121875 0.0765625
0 0.815625 0.1421875 0.125 0.0796875