0 0.58515625 0.45 0.1484375 0.115625
0 0.56171875 0.5359375 0.159375 0.121875
0 0.60546875 0.36640625 0.1484375 0.1125
0 0.678125 0.65625 0.1515625 0.121875
0 0.540625 0.62578125 0.1625 0.1265625
0 0.51953125 0.715625 0.1625 0.1296875
0 0.496875 0.8125 0.1640625 0.1296875
0 0.66015625 0.75078125 0.15625 0.125
0 0.63671875 0.21171875 0.140625 0.1046875
0 0.3921875 0.59765625 0.1640625 0.1265625
0 0.459375 0.33828125 0.1546875 0.1171875
0 0.640625 0.8484375 0.1609375 0.1296875
0 0.41484375 0.509375 0.1578125 0.121875
0 0.51953125 0.10625 0.1390625 0.103125
0 0.87265625 0.5265625 0.14375 0.1140625
0 0.33828125 0.7859375 0.1640625 0.1265625
0 0.36640625 0.6890625 0.159375 0.125
0 0.49921875 0.18125 0.1421875 0.10625
0 0.8875 0.440625 0.140625 0.1109375
0 0.48046875 0.25703125 0.146875 0.1109375
0 0.43671875 0.4234375 0.1515625 0.115625
0 0.2828125 0.46953125 0.153125 0.1203125
0 0.61953125 0.28828125 0.14375 0.1046875
0 0.54296875 0.0421875 0.1359375 0.084375
0 0.90234375 0.359375 0.1421875 0.109375
0 0.19765625 0.7484375 0.1609375 0.1265625
0 0.2546875 0.559375 0.1515625 0.115625
0 0.22421875 0.65234375 0.153125 0.121875
0 0.85546875 0.61015625 0.146875 0.1140625
0 0.96875 0.47265625 0.0625 0.0953125
0 0.975 0.39609375 0.05 0.0921875
0 0.97890625 0.3171875 0.0421875 0.09375
0 0.06640625 0.50234375 0.1015625 0.075
0 0.0078125 0.5359375 0.015625 0.059375
0 0.01328125 0.484375 0.0265625 0.059375
0 0.96171875 0.55859375 0.0765625 0.0921875
0 0.078125 0.44375 0.1 0.08125
0 0.05859375 0.553125 0.10625 0.0765625
0 0.81875 0.796875 0.15625 0.121875
0 0.83984375 0.70546875 0.1546875 0.121875
0 0.80546875 0.89296875 0.1671875 0.1296875
0 0.01953125 0.43046875 0.0390625 0.0609375
0 0.9515625 0.6390625 0.0734375 0.0890625
0 0.0359375 0.66875 0.071875 0.08125
0 0.09140625 0.20390625 0.0734375 0.0640625
0 0.04765625 0.609375 0.0953125 0.078125
0 0.89375 0.91484375 0.05625 0.0984375
0 0.07578125 0.25234375 0.065625 0.0546875
0 0.06484375 0.296875 0.0640625 0.0609375
0 0.09609375 0.3890625 0.1109375 0.084375
0 0.0234375 0.73046875 0.046875 0.0796875