0 0.3734375 0.41484375 0.1515625 0.1546875
0 0.42421875 0.5375 0.1453125 0.1546875
0 0.47265625 0.6484375 0.1375 0.140625
0 0.515625 0.75625 0.134375 0.140625
0 0.55859375 0.8640625 0.1359375 0.140625
0 0.6546875 0.81875 0.128125 0.13125
0 0.61328125 0.71171875 0.1421875 0.1421875
0 0.5734375 0.6046875 0.1375 0.1421875
0 0.528125 0.4875 0.1453125 0.146875
0 0.48203125 0.36640625 0.1484375 0.1546875
0 0.209375 0.75078125 0.15 0.146875
0 0.15859375 0.6359375 0.1453125 0.1484375
0 0.2609375 0.8609375 0.14375 0.14375
0 0.309375 0.95 0.134375 0.1
0 0.2078125 0.9390625 0.13125 0.121875
0 0.13203125 0.80390625 0.128125 0.1890625
0 0.3125 0.54921875 0.2046875 0.315625
0 0.42890625 0.81640625 0.1796875 0.2765625
0 0.72265625 0.61640625 0.1109375 0.1453125
0 0.771875 0.74375 0.1109375 0.1375
0 0.85 0.7265625 0.10625 0.1375
0 0.809375 0.59765625 0.1078125 0.14375
0 0.75546875 0.4640625 0.1171875 0.1515625
0 0.58515625 0.33046875 0.1015625 0.1296875
0 0.62734375 0.44609375 0.09375 0.1203125