0 0.8616086640624999 0.42578125 0.8654240015625 0.474609375 0.94508046875 0.466796875 0.9456298234375 0.41796875 0.8616086640624999 0.42578125
0 0.8703681953125001 0.4765625 0.8731149703125001 0.5205078125 0.9533163953124999 0.5185546875 0.9533163953124999 0.4697265625 0.8703681953125001 0.4765625
0 0.8764111 0.5283203125 0.8797072296874999 0.5732421875 0.9632051671875 0.5771484375 0.9637545218750001 0.5263671875 0.8764111 0.5283203125
0 0.8802521875 0.580078125 0.8786089968749999 0.6328125 0.9676040218749999 0.6328125 0.9648532328125 0.578125 0.8802521875 0.580078125
0 0.8802565843749999 0.6416015625 0.8802829093750001 0.6875 0.9681533765625 0.6845703125 0.9681533765625 0.640625 0.8802565843749999 0.6416015625
0 0.885750134375 0.697265625 0.8846519015625001 0.7421875 0.9747461140624999 0.7451171875 0.9703507968749999 0.6943359375 0.885750134375 0.697265625
0 0.8890418656250001 0.748046875 0.8879431562500001 0.796875 0.9774924109375001 0.8017578125 0.9736469265625001 0.7470703125 0.8890418656250001 0.748046875
0 0.8917930390625 0.806640625 0.892915778125 0.8544921875 0.98243660625 0.8583984375 0.9840846703125001 0.8125 0.8917930390625 0.806640625
0 0.7945572109375 0.478515625 0.795655921875 0.5234375 0.865973546875 0.5205078125 0.86707225625 0.4765625 0.7945572109375 0.478515625
0 0.7962054671875001 0.53125 0.7940080484375 0.576171875 0.8747632265625 0.572265625 0.8758619359375001 0.5205078125 0.7962054671875001 0.53125
0 0.7912612734375 0.5869140625 0.7951066625000001 0.6337890625 0.8769606453125001 0.6318359375 0.876411290625 0.578125 0.7912612734375 0.5869140625
0 0.7901625625 0.6376953125 0.789660659375 0.69140625 0.8769606453125001 0.6875 0.8758619359375001 0.630859375 0.7901625625 0.6376953125
0 0.7901625625 0.6923828125 0.7907586046875 0.7470703125 0.880256775 0.744140625 0.8786087109375 0.6884765625 0.7901625625 0.6923828125
0 0.7896130171875 0.751953125 0.7913073859375 0.7978515625 0.8808015421875 0.80078125 0.8824541953124999 0.75 0.7896130171875 0.751953125
0 0.800096109375 0.806640625 0.7984028875 0.85546875 0.8912396687499999 0.853515625 0.8901451640625 0.80859375 0.800096109375 0.806640625
0 0.6979027999999999 0.7294921875 0.6973215765624999 0.7783203125 0.7791708749999999 0.7705078125 0.778626109375 0.7216796875 0.6979027999999999 0.7294921875
0 0.7192955828125001 0.78515625 0.7291839718750001 0.93359375 0.751643884375 0.9296875 0.7418191359375 0.78515625 0.7192955828125001 0.78515625
0 0.7231410671875 0.796875 0.70555769375 0.7978515625 0.7110552578125 0.9375 0.7286348078125 0.939453125 0.7231410671875 0.796875
0 0.68963060625 0.71875 0.6912784796875 0.6748046875 0.6132702671875 0.6787109375 0.614368978125 0.7275390625 0.68963060625 0.71875
0 0.6154676875 0.7294921875 0.6154859828125 0.7763671875 0.69237738125 0.771484375 0.693476090625 0.7265625 0.6154676875 0.7294921875
0 0.6171409031249999 0.783203125 0.6182313234375 0.833984375 0.696222865625 0.833984375 0.696222675 0.78125 0.6171409031249999 0.783203125
0 0.6253560765625 0.83984375 0.6226093015624999 0.892578125 0.704458984375 0.8876953125 0.702815125 0.8369140625 0.6253560765625 0.83984375
0 0.6253560765625 0.8935546875 0.6226253984375 0.9443359375 0.707759225 0.9453125 0.7039138359375 0.888671875 0.6253560765625 0.8935546875
0 0.55185625625 0.8427734375 0.5570760359375 0.84033203125 0.5584496624999999 0.8349609375 0.561196915625 0.75732421875 0.5579002125 0.75146484375 0.5386694421875 0.74951171875 0.4191639484375 0.75146484375 0.41531779375 0.755859375 0.4109221890625 0.78466796875 0.40762548593750003 0.84033203125 0.40927383749999996 0.8447265625 0.455702409375 0.845703125 0.55185625625 0.8427734375
0 0.5563067312500001 0.455078125 0.5574056328125 0.44189453125 0.558504534375 0.375 0.55548255625 0.37109375 0.551911128125 0.3701171875 0.41894409374999997 0.369140625 0.4172957421875 0.3701171875 0.4167462921875 0.37353515625 0.41537266562499997 0.41162109375 0.4139990390625 0.4560546875 0.41564739062499995 0.4580078125 0.553284753125 0.45849609375 0.5563067312500001 0.455078125
0 0.560426846875 0.7451171875 0.5631740984375 0.7412109375 0.5634488234374999 0.658203125 0.5628993734375001 0.64892578125 0.561251021875 0.646484375 0.4161960765625 0.6474609375 0.41482245000000006 0.6494140625 0.41262464843749996 0.6884765625 0.41070157187499995 0.734375 0.41070157187499995 0.740234375 0.4123499234375 0.74462890625 0.560426846875 0.7451171875
0 0.41152689374999996 0.26904296875 0.420867553125 0.265625 0.42251590625 0.2626953125 0.425812609375 0.20556640625 0.42361480625 0.18994140625 0.42004337812500003 0.1865234375 0.37361480625 0.17919921875 0.3411972234375 0.17919921875 0.2969664546875 0.18359375 0.2873510703125 0.18603515625 0.28597744375 0.1904296875 0.283230190625 0.24560546875 0.28377964218749996 0.265625 0.28597744375 0.2685546875 0.41152689374999996 0.26904296875
0 0.41262550937500003 0.3544921875 0.4148233109375 0.3515625 0.41674638750000004 0.32958984375 0.41702111249999996 0.28515625 0.413449684375 0.27392578125 0.281306828125 0.2724609375 0.279109025 0.2744140625 0.2771859484375 0.29345703125 0.2747134203125 0.35205078125 0.2777353984375 0.3564453125 0.404109025 0.357421875 0.41262550937500003 0.3544921875
0 0.4079549875 0.4443359375 0.4098780640625 0.44140625 0.41317476875 0.3720703125 0.41180114218749997 0.36279296875 0.4068560875 0.35986328125 0.273889053125 0.35986328125 0.27059235 0.3623046875 0.26866927343749997 0.38623046875 0.26702092187500004 0.4443359375 0.2692187234375 0.4462890625 0.397790153125 0.4462890625 0.4079549875 0.4443359375
0 0.321965690625 0.537109375 0.40548217343750004 0.53271484375 0.40795470156249997 0.53173828125 0.409603053125 0.52685546875 0.4115261296875 0.45458984375 0.409603053125 0.44677734375 0.403833821875 0.44189453125 0.2672953609375 0.443359375 0.2648228328125 0.45361328125 0.26317448125 0.4755859375 0.260152503125 0.529296875 0.26262503125 0.53466796875 0.266745909375 0.537109375 0.321965690625 0.537109375
0 0.3799324359375 0.63720703125 0.40548188749999997 0.63525390625 0.4071302390625 0.6328125 0.409053315625 0.61962890625 0.41207529374999996 0.54248046875 0.409053315625 0.5361328125 0.4057566125 0.53466796875 0.2609763921875 0.53857421875 0.258778590625 0.55322265625 0.25603133749999996 0.6162109375 0.2554818875 0.6328125 0.2565807875 0.63623046875 0.25850386406250003 0.63671875 0.3799324359375 0.63720703125
0 0.3057562296875 0.744140625 0.4030089765625 0.74267578125 0.40767930625000004 0.740234375 0.40877820781249996 0.736328125 0.4123496359375 0.64306640625 0.40740458124999995 0.63720703125 0.2587782078125 0.6396484375 0.25767930625 0.64111328125 0.2552067796875 0.6826171875 0.2530089765625 0.73095703125 0.2530089765625 0.73779296875 0.2552067796875 0.74169921875 0.3057562296875 0.744140625
0 0.3986132765625 0.85009765625 0.40300888125 0.84765625 0.40438250781249996 0.84423828125 0.4085033875 0.74853515625 0.4013605296875 0.74560546875 0.25328360625 0.74658203125 0.2516352546875 0.748046875 0.24971217812500002 0.7587890625 0.2480638265625 0.78173828125 0.24531657343750002 0.8359375 0.2455912984375 0.8466796875 0.2475143765625 0.8486328125 0.3986132765625 0.85009765625
0 0.21674562343749998 0.46533203125 0.2230643046875 0.45849609375 0.2258115578125 0.4443359375 0.233778590625 0.357421875 0.2362511171875 0.30712890625 0.22965771093749998 0.2998046875 0.22333902968750002 0.29638671875 0.121415953125 0.29638671875 0.11015221718749998 0.296875 0.102459909375 0.30029296875 0.097514853125 0.30712890625 0.08652584218750001 0.439453125 0.08680056875 0.458984375 0.096415953125 0.4658203125 0.2112511171875 0.4677734375 0.21674562343749998 0.46533203125
0 0.5552142359375 0.2783203125 0.5571373125 0.21142578125 0.5524669828125 0.20361328125 0.4859834671875 0.20166015625 0.4244450046875 0.20361328125 0.422796653125 0.2080078125 0.42087357656249996 0.26220703125 0.42032412656249996 0.2822265625 0.42142302656249997 0.28369140625 0.5524669828125 0.28466796875 0.5552142359375 0.2783203125
0 0.5535656921875 0.3701171875 0.5554887703125 0.3681640625 0.5565876703125 0.30078125 0.55466459375 0.29052734375 0.5521920671875 0.2880859375 0.44889536249999995 0.28564453125 0.4244448140625 0.2861328125 0.41867558281250006 0.2880859375 0.41592832968750004 0.34765625 0.41620305625 0.3662109375 0.41785140781249996 0.369140625 0.5535656921875 0.3701171875
0 0.557411559375 0.6455078125 0.5593346375 0.623046875 0.5590599109375 0.56005859375 0.557411559375 0.55419921875 0.551367603125 0.55224609375 0.41702694375 0.55126953125 0.4151038671875 0.55517578125 0.41125771406249995 0.6015625 0.41153243906250003 0.63916015625 0.41318079062499996 0.64404296875 0.41647749375 0.646484375 0.557411559375 0.6455078125
0 0.08534006093749999 0.4755859375 0.06668286875 0.662109375 0.21388912031250001 0.6552734375 0.2248762203125 0.4775390625 0.08534006093749999 0.4755859375
0 0.20569376250000002 0.8623046875 0.21828396093750002 0.6630859375 0.0716061875 0.6669921875 0.054576184375 0.8583984375 0.20569376250000002 0.8623046875
0 0.5519230765625001 0.55224609375 0.55576923125 0.544921875 0.55549450625 0.47265625 0.5552197796875 0.466796875 0.5535714281249999 0.46484375 0.4164835171875 0.4609375 0.4142857140625 0.46240234375 0.41263736250000005 0.52490234375 0.41373626406249997 0.5478515625 0.415934065625 0.5517578125 0.5519230765625001 0.55224609375