0 0.58 0.8700600843749999 0.8291223578125001 0.8394717046875 0.758430875 0.4124538390625 0.52392745625 0.43141207968749995 0.58 0.8700600843749999
0 0.5616540015625 0.8693619625 0.5008439453125 0.43719695625000005 0.25677656875 0.45361211562500003 0.29563271874999997 0.9020252687499999 0.5616540015625 0.8693619625
0 0.759302709375 0.40152813125 0.6996042765625 0.0144683296875 0.47297052187500005 0.034427374999999996 0.5220420796874999 0.41612212499999995 0.759302709375 0.40152813125
0 0.13505626875 0.8904352171875001 0.1421536046875 0.9874571640625 0.20307515468749998 0.9762324781249999 0.19581070625000002 0.8803008265625 0.13505626875 0.8904352171875001
0 0.20537178749999999 0.980229915625 0.2661909765625 0.9706225046875 0.2559722078125 0.8702392390625 0.197460278125 0.8790283859375 0.20537178749999999 0.980229915625
0 0.2558804390625 0.8670408953125 0.2483948578125 0.7668569656249999 0.189446384375 0.7794442953125 0.197821503125 0.879519003125 0.2558804390625 0.8670408953125
0 0.1945330203125 0.8772480953124999 0.18622260468750002 0.777700371875 0.128670021875 0.7854207625 0.135131596875 0.8861464578125 0.1945330203125 0.8772480953124999
0 0.17793930468750002 0.6808240234375 0.18695566875 0.7738658218750001 0.2466265375 0.7622596515625 0.23810076093750002 0.670762440625 0.17793930468750002 0.6808240234375
0 0.1272847984375 0.785471953125 0.18533315625 0.7778095828125 0.17766980937500002 0.683531796875 0.12508783125 0.6915928578125 0.1272847984375 0.785471953125
0 0.2262160828125 0.4676904859375 0.2132296765625 0.3312942703125 0.0329610875 0.34830729374999997 0.043734520312500004 0.48675408124999997 0.2262160828125 0.4676904859375
0 0.0370272390625 0.3424247375 0.21038578125 0.327823665625 0.20330862968750002 0.20454869375 0.03098454375 0.2166353859375 0.0370272390625 0.3424247375
0 0.2015802796875 0.17515737343749999 0.20003471875 0.14287873906249998 0.11661824999999999 0.1636254640625 0.12101719531249999 0.195076315625 0.2015802796875 0.17515737343749999
0 0.12147283281250001 0.1601551 0.11896552499999999 0.13806602031249998 0.0290962859375 0.144548353125 0.030992454687499997 0.164163225 0.12147283281250001 0.1601551
0 0.0254215203125 0.16885319999999998 0.0264866125 0.1942148671875 0.118638659375 0.189637315625 0.11590369375000001 0.16536185625 0.0254215203125 0.16885319999999998