0 0.1734375 0.57421875 0.20625 0.2359375
0 0.121875 0.7765625 0.2078125 0.2359375
0 0.42109375 0.2296875 0.1984375 0.240625
0 0.371875 0.415625 0.1953125 0.221875
0 0.32265625 0.61171875 0.196875 0.2328125
0 0.27578125 0.80390625 0.190625 0.221875
0 0.41640625 0.83046875 0.1890625 0.2203125
0 0.465625 0.64296875 0.19375 0.2234375
0 0.5125 0.453125 0.1890625 0.225
0 0.56640625 0.2640625 0.1875 0.228125
0 0.7015625 0.3046875 0.1859375 0.2203125
0 0.6546875 0.4921875 0.1765625 0.2078125
0 0.60234375 0.67734375 0.184375 0.2296875
0 0.55703125 0.86171875 0.184375 0.2125
0 0.6921875 0.88515625 0.1796875 0.2203125
0 0.73671875 0.7125 0.1828125 0.2140625
0 0.82734375 0.9078125 0.1765625 0.184375
0 0.87734375 0.7453125 0.1890625 0.228125
0 0.91484375 0.56171875 0.1703125 0.2234375
0 0.9375 0.3765625 0.125 0.2125
0 0.78828125 0.52578125 0.1875 0.221875
0 0.83671875 0.34375 0.178125 0.2140625