0 0.184375 0.25859375 0.19609375 0.45390625
0 0.1859375 0.71875 0.19921875 0.43984375
0 0.31171875 0.35703125 0.04375 0.16015625
0 0.51875 0.8953125 0.06796875 0.065625
0 0.3859375 0.56328125 0.184375 0.2296875
0 0.384375 0.8125 0.184375 0.22421875
0 0.6140625 0.61953125 0.13359375 0.15234375
0 0.61640625 0.78125 0.1234375 0.1359375
0 0.7765625 0.46953125 0.03671875 0.18203125
0 0.8171875 0.46640625 0.0359375 0.1703125
0 0.86171875 0.45703125 0.040625 0.17421875
0 0.90625 0.46171875 0.03203125 0.1796875