0 0.30390625 0.21953125 0.1390625 0.0890625
0 0.2828125 0.303125 0.1359375 0.1046875
0 0.26640625 0.38828125 0.1375 0.0921875
0 0.24765625 0.478125 0.1359375 0.1
0 0.234375 0.56953125 0.14375 0.1046875
0 0.21875 0.66875 0.153125 0.1140625
0 0.203125 0.7671875 0.1546875 0.103125
0 0.39453125 0.69375 0.084375 0.0515625
0 0.3859375 0.74140625 0.0765625 0.0484375
0 0.3765625 0.796875 0.071875 0.0578125
0 0.37578125 0.8515625 0.0734375 0.05
0 0.36875 0.90390625 0.0828125 0.059375
0 0.465625 0.74921875 0.084375 0.053125
0 0.42734375 0.86953125 0.0375 0.1359375
0 0.59296875 0.5109375 0.084375 0.053125
0 0.58984375 0.565625 0.078125 0.046875
0 0.58125 0.61484375 0.0890625 0.06875
0 0.571875 0.67578125 0.0859375 0.059375
0 0.56171875 0.73984375 0.0890625 0.059375
0 0.559375 0.790625 0.0921875 0.0625
0 0.5515625 0.8421875 0.090625 0.05
0 0.68359375 0.46953125 0.0875 0.0546875
0 0.67890625 0.51875 0.0796875 0.05
0 0.6734375 0.57421875 0.084375 0.0625
0 0.665625 0.63203125 0.0859375 0.0625
0 0.6546875 0.6859375 0.08125 0.0640625
0 0.64921875 0.74453125 0.075 0.053125
0 0.64296875 0.80390625 0.0796875 0.0484375
0 0.640625 0.85546875 0.08125 0.053125
0 0.765625 0.49375 0.084375 0.0625
0 0.7578125 0.5515625 0.0828125 0.05
0 0.753125 0.603125 0.090625 0.05625
0 0.7453125 0.65546875 0.084375 0.05
0 0.7421875 0.70546875 0.090625 0.0578125
0 0.73671875 0.76484375 0.090625 0.0546875
0 0.73359375 0.8234375 0.0953125 0.0515625
0 0.72890625 0.871875 0.0984375 0.05625
0 0.16640625 0.1828125 0.1421875 0.0890625
0 0.14296875 0.2703125 0.1359375 0.09375
0 0.12109375 0.3546875 0.1453125 0.0953125
0 0.10078125 0.43671875 0.14375 0.0984375
0 0.078125 0.53671875 0.1515625 0.10625