0 0.44453125 0.6578125 0.1546875 0.1546875
0 0.58828125 0.21953125 0.1359375 0.13125
0 0.55625 0.3234375 0.1421875 0.134375
0 0.328125 0.49609375 0.246875 0.2421875
0 0.75 0.86171875 0.1890625 0.21875
0 0.40078125 0.778125 0.159375 0.159375
0 0.4859375 0.54140625 0.1484375 0.14375
0 0.79375 0.68125 0.178125 0.20625
0 0.25390625 0.6890625 0.2578125 0.25625
0 0.5234375 0.4328125 0.140625 0.1328125
0 0.903125 0.72109375 0.140625 0.1890625
0 0.8515625 0.9 0.1265625 0.1875
0 0.39453125 0.3171875 0.228125 0.221875
0 0.93984375 0.54921875 0.1203125 0.1890625
0 0.484375 0.19453125 0.121875 0.1234375