0 0.54375 0.70390625 0.13125 0.09140625
0 0.39375 0.70625 0.13671875 0.09296875
0 0.5453125 0.8015625 0.14140625 0.103125
0 0.528125 0.3578125 0.12578125 0.0796875
0 0.396875 0.61484375 0.1375 0.0890625
0 0.3984375 0.440625 0.13046875 0.08984375
0 0.53203125 0.61328125 0.13359375 0.08359375
0 0.528125 0.5234375 0.12734375 0.08046875
0 0.52890625 0.44453125 0.1265625 0.08046875
0 0.39765625 0.5234375 0.1296875 0.08125
0 0.4046875 0.80390625 0.14375 0.1
0 0.5265625 0.2796875 0.11875 0.07578125
0 0.40546875 0.2734375 0.1234375 0.0796875
0 0.39921875 0.35390625 0.1265625 0.0796875
0 0.25703125 0.16171875 0.13046875 0.07734375
0 0.10625 0.23046875 0.14140625 0.08671875
0 0.25078125 0.24375 0.13125 0.08046875
0 0.203125 0.80703125 0.1546875 0.1046875
0 0.09609375 0.3140625 0.14453125 0.0890625
0 0.24609375 0.3265625 0.13515625 0.0828125
0 0.08828125 0.40703125 0.14609375 0.0890625
0 0.071875 0.59609375 0.14375 0.0984375
0 0.0609375 0.80390625 0.1171875 0.103125
0 0.21484375 0.70234375 0.14765625 0.09609375
0 0.06796875 0.7015625 0.13515625 0.103125
0 0.2234375 0.6015625 0.14296875 0.09453125
0 0.2328125 0.4171875 0.1328125 0.08359375
0 0.22734375 0.50703125 0.140625 0.0921875
0 0.0796875 0.4984375 0.14609375 0.0953125