0 0.46875 0.84609375 0.175 0.2140625
0 0.51640625 0.65546875 0.1734375 0.20625
0 0.3265625 0.825 0.18125 0.20625
0 0.37109375 0.63125 0.18125 0.221875
0 0.415625 0.4359375 0.1765625 0.20625
0 0.459375 0.24609375 0.1796875 0.2171875
0 0.31015625 0.203125 0.1875 0.23125
0 0.26875 0.40546875 0.190625 0.2140625
0 0.22421875 0.60234375 0.184375 0.225
0 0.1796875 0.8 0.1859375 0.2125
0 0.15625 0.16171875 0.190625 0.2296875
0 0.115625 0.36640625 0.1921875 0.2296875
0 0.0828125 0.57109375 0.165625 0.2296875
0 0.0609375 0.7703125 0.121875 0.225