0 0.67578125 0.25234375 0.09765625 0.1203125
0 0.5703125 0.38671875 0.11015625 0.1296875
0 0.5703125 0.5046875 0.1015625 0.10625
0 0.56875 0.63046875 0.1 0.12265625
0 0.57265625 0.75 0.10234375 0.1109375
0 0.57265625 0.865625 0.10546875 0.1203125
0 0.403125 0.875 0.10625 0.125
0 0.4046875 0.75546875 0.10234375 0.12734375
0 0.40859375 0.628125 0.1078125 0.12265625
0 0.40625 0.4921875 0.11328125 0.11328125
0 0.29765625 0.8828125 0.1 0.11796875
0 0.29921875 0.759375 0.11328125 0.1203125
0 0.2984375 0.6328125 0.11953125 0.11796875
0 0.2953125 0.4953125 0.11328125 0.134375
0 0.29375 0.37265625 0.11015625 0.1390625
0 0.12578125 0.84921875 0.14453125 0.18515625
0 0.11796875 0.6484375 0.13515625 0.20859375
0 0.11015625 0.43671875 0.12109375 0.20625
0 0.67578125 0.38984375 0.10546875 0.11796875
0 0.6796875 0.85625 0.0984375 0.115625
0 0.6765625 0.74765625 0.1078125 0.1203125
0 0.6734375 0.62421875 0.1015625 0.12265625
0 0.67421875 0.5078125 0.10234375 0.10859375
0 0.8078125 0.696875 0.1671875 0.41171875
0 0.9140625 0.73515625 0.03828125 0.33125