0 0.3953125 0.61640625 0.1015625 0.165625
0 0.7 0.78046875 0.09609375 0.15390625
0 0.59140625 0.61328125 0.09765625 0.17890625
0 0.39453125 0.43828125 0.1078125 0.18125
0 0.39453125 0.25234375 0.10859375 0.1875
0 0.9140625 0.371875 0.09765625 0.20234375
0 0.6046875 0.2328125 0.10078125 0.2046875
0 0.5859375 0.78671875 0.09296875 0.16875
0 0.8046875 0.58125 0.0921875 0.19609375
0 0.8171875 0.37578125 0.0953125 0.19765625
0 0.5953125 0.4296875 0.096875 0.18984375
0 0.89375 0.77421875 0.0921875 0.17578125
0 0.7984375 0.77421875 0.08984375 0.1734375
0 0.3953125 0.78125 0.1 0.1609375
0 0.90546875 0.5828125 0.09609375 0.1984375
0 0.70859375 0.6703125 0.08203125 0.046875
0 0.97109375 0.78359375 0.0546875 0.14921875
0 0.81953125 0.24296875 0.084375 0.04609375
0 0.821875 0.1953125 0.08359375 0.04453125
0 0.1140625 0.74296875 0.18984375 0.16640625
0 0.40078125 0.12578125 0.09296875 0.05625
0 0.4875 0.646875 0.02421875 0.13828125
0 0.909375 0.24140625 0.08984375 0.0484375
0 0.5171875 0.64765625 0.02734375 0.14140625
0 0.98203125 0.40078125 0.034375 0.13671875
0 0.12109375 0.484375 0.134375 0.32265625
0 0.51328125 0.78203125 0.0296875 0.13671875
0 0.21796875 0.47109375 0.05859375 0.29609375
0 0.48515625 0.784375 0.0296875 0.13828125
0 0.08515625 0.2640625 0.103125 0.021875
0 0.08671875 0.30078125 0.103125 0.034375
0 0.23828125 0.72734375 0.059375 0.2734375
0 0.1234375 0.2 0.08984375 0.090625