0 0.37265625 0.490625 0.2734375 0.2453125
0 0.36875 0.64375 0.11875 0.0921875
0 0.38984375 0.70625 0.1140625 0.0859375
0 0.40703125 0.76796875 0.1171875 0.084375
0 0.421875 0.83046875 0.115625 0.08125
0 0.4375 0.89375 0.115625 0.08125
0 0.47578125 0.61640625 0.1109375 0.0859375
0 0.49296875 0.684375 0.109375 0.078125
0 0.509375 0.74375 0.1078125 0.0796875
0 0.521875 0.803125 0.103125 0.0734375
0 0.5359375 0.8578125 0.1046875 0.078125
0 0.2828125 0.728125 0.10625 0.08125
0 0.3 0.79453125 0.109375 0.090625
0 0.32109375 0.85625 0.1109375 0.0859375
0 0.33828125 0.9140625 0.1046875 0.078125
0 0.51015625 0.1671875 0.2125 0.2125
0 0.553125 0.340625 0.203125 0.1984375
0 0.5890625 0.49921875 0.196875 0.190625
0 0.5286981671875 0.6035067984375 0.5660096015625 0.743073390625 0.7177119281250001 0.7053528906250001 0.6810014765625 0.5617610078124999 0.5286981671875 0.6035067984375
0 0.563281140625 0.748671965625 0.6010734046875 0.8842477203125 0.74714165 0.8491060062500001 0.7147479859375 0.7139087078124999 0.563281140625 0.748671965625
0 0.8982061296875001 0.8077154453125001 0.867932284375 0.6719102984374999 0.7232379375 0.70762129375 0.75438650625 0.8441388578125 0.8982061296875001 0.8077154453125001
0 0.8684032453125001 0.6659958109375 0.8378347015625 0.5216060046875 0.6851213656249999 0.5576899281250001 0.71944911875 0.7019650375 0.8684032453125001 0.6659958109375
0 0.8408183828125001 0.5168974875 0.8084633015625 0.36627728125000003 0.6543812390625 0.4046801609375 0.6891061875 0.5526943375 0.8408183828125001 0.5168974875
0 0.702935334375 0.19517146875 0.67653858125 0.057339607812500006 0.5808803578124999 0.075136759375 0.6139418812499999 0.21688523437499999 0.702935334375 0.19517146875
0 0.6137162703125 0.221766128125 0.6454819578125 0.3552170171875 0.7319741875 0.33137900937500003 0.7063513343750001 0.2009828921875 0.6137162703125 0.221766128125
0 0.229611278125 0.2991562953125 0.3034601609375 0.280870190625 0.280294378125 0.21141689375 0.20651445625 0.2316097046875 0.229611278125 0.2991562953125
0 0.20205309374999997 0.3995295390625 0.12298034218750001 0.4183503234375 0.185314221875 0.6056465375 0.2413978046875 0.593417790625 0.2370689375 0.5802104703125 0.250986203125 0.556954953125 0.20205309374999997 0.3995295390625
0 0.26756268906249997 0.85658563125 0.22320379531249998 0.7113339437499999 0.2345886015625 0.6830251578125 0.1730407953125 0.698747228125 0.2300100671875 0.8654271921875001 0.26756268906249997 0.85658563125
0 0.0058077625 0.49343482656250004 0.0116221296875 0.5100026718749999 0.11949990625 0.48003245781250004 0.11567160937500001 0.4666816 0.0058077625 0.49343482656250004
0 0.0112713515625 0.5095743609375 0.0163340265625 0.5230480625 0.12568225156249999 0.4968711625 0.12099608906249999 0.4835940984375 0.0112713515625 0.5095743609375
0 0.015952340625 0.5258989093750001 0.0219834953125 0.542750103125 0.13132862812499999 0.5159648906250001 0.1260712484375 0.4995010203125 0.015952340625 0.5258989093750001
0 0.0225422015625 0.543503696875 0.028328115625 0.5589022109374999 0.13799944375 0.5338510656250001 0.13226693750000001 0.5175234343749999 0.0225422015625 0.543503696875
0 0.028731649999999997 0.5603095015624999 0.034834148437500004 0.5756172375 0.1446578859375 0.5493039875 0.13988414062500001 0.5345290375 0.028731649999999997 0.5603095015624999
0 0.035951559375 0.5771244249999999 0.041420887499999996 0.5926137203125 0.15124799375 0.5669087046875 0.1451951765625 0.5500637203125 0.035951559375 0.5771244249999999
0 0.048088334375 0.609891659375 0.157570953125 0.5830670234374999 0.157909528125 0.5829699390624999 0.1523375015625 0.5672054921874999 0.041824421875000004 0.5940210078125 0.048088334375 0.609891659375
0 0.0488860375 0.610881321875 0.0537997859375 0.626225328125 0.163385209375 0.5996758125 0.158052071875 0.584147465625 0.0488860375 0.610881321875
0 0.0549140734375 0.6271242109374999 0.0602219890625 0.6420505890625 0.1696432125 0.614329759375 0.1653495671875 0.6006355421875 0.0549140734375 0.6271242109374999
0 0.0605448171875 0.6431764203125 0.0664890234375 0.6585295453125 0.1748736796875 0.629582946875 0.1701018984375 0.6154166328125 0.0605448171875 0.6431764203125
0 0.1683298703125 0.6421203515625 0.093770271875 0.6598447734375 0.115561390625 0.723349671875 0.175886409375 0.70909775 0.1721801421875 0.6973673046875 0.1808082 0.6796632484375 0.1683298703125 0.6421203515625
0 0.19456354843749998 0.7652713656250001 0.17604470156250002 0.709052359375 0.1156358546875 0.72241451875 0.1374106203125 0.7798321031250001 0.19456354843749998 0.7652713656250001
0 0.2125112078125 0.8183035562500001 0.19520608125 0.766914721875 0.13860249687499998 0.7804041390625 0.1592554515625 0.8320513984375 0.2125112078125 0.8183035562500001
0 0.132491071875 0.7788059625 0.06419411875 0.7941419109375001 0.0813843421875 0.8540913484375 0.1498342359375 0.8362718859375 0.132491071875 0.7788059625
0 0.0482652640625 0.738382125 0.0640837765625 0.7935478375 0.1336673421875 0.776336471875 0.1120068921875 0.72284590625 0.0482652640625 0.738382125
0 0.030133234375 0.6753574921875 0.04011721875 0.710175784375 0.0485042625 0.7386181921875 0.11389745312499999 0.720476196875 0.091533078125 0.659267878125 0.030133234375 0.6753574921875