0 0.3375 0.49765625 0.13828125 0.14375
0 0.3390625 0.640625 0.140625 0.13984375
0 0.34296875 0.778125 0.13515625 0.12578125
0 0.19375 0.49375 0.14296875 0.14296875
0 0.19921875 0.63515625 0.1328125 0.1296875
0 0.27045005624999996 0.8444444437499999 0.2663411453125 0.7101851859375 0.13193249375 0.7046296296875 0.1387021484375 0.8361111109375001 0.27045005624999996 0.8444444437499999
0 0 0.814473271875 0.00018458593750000002 0.83055555625 0.1288080375 0.8333333328125001 0.12311197968750001 0.70648148125 0 0.69457765 0 0.814473271875
0 0.4470703125 0.7 0.448544065625 0.8324074078124999 0.5828956859375001 0.8333333328125001 0.5870616281250001 0.7018518515625 0.4470703125 0.7
0 0.5854994 0.83148148125 0.7224547343750001 0.8398148140625 0.7293169046875 0.7073515765625 0.58862385625 0.6990740734374999 0.5854994 0.83148148125
0 0.5871744796875 0.553703703125 0.5854994 0.6944444437499999 0.7240169625 0.6944444437499999 0.7292243890625 0.559259259375 0.5871744796875 0.553703703125
0 0.7344318171875 0.55 0.7516163265625 0.2203703703125 0.593424340625 0.21574406875 0.5797712296875 0.5453703703125 0.7344318171875 0.55
0 0.4632161453125 0.3796296296875 0.46364560312499997 0.5009259265625 0.5719600890625001 0.502777778125 0.5730015749999999 0.3861111109375 0.4632161453125 0.3796296296875
0 0.5750845453125 0.5101851859375001 0.46260411875 0.509259259375 0.462178203125 0.61481789375 0.5761260312500001 0.61851851875 0.5750845453125 0.5101851859375001
0 0.8870094328125001 0.2416666671875 0.8807605203125 0.3379629625 0.9687660390625 0.34444444375 0.974494209375 0.246296296875 0.8870094328125001 0.2416666671875
0 0.8818020046875 0.3453703703125 0.8777994796874999 0.447222221875 0.9640793546875001 0.447222221875 0.9718904953124999 0.3518518515625 0.8818020046875 0.3453703703125
0 1 0.7055073796875 0.9392578125 0.7 0.933355534375 0.784259259375 0.9984483734375 0.790740740625 1 0.7272854343749999 1 0.7055073796875
0 1 0.7018562640625 0.9994898593749999 0.6129629624999999 0.9491536453125 0.60648148125 0.9406459328125001 0.696296296875 1 0.7037023812500001 1 0.7018562640625
0 1 0.5193794281249999 0.9626953125 0.5148148140625 0.952623015625 0.60555555625 1 0.6119651515625 1 0.5193794281249999
0 1 0.42496965937500003 0.9689453125 0.4240740734375 0.9672038109375001 0.425 0.9625171265624999 0.5083333328124999 1 0.515738646875 1 0.42496965937500003
0 1 0.3232332015625 0.9741536453125 0.3240740734375 0.9687660390625 0.42314814843750004 1 0.42583540781250007 1 0.3232332015625
0 1 0.2228254 0.9699869796874999 0.2166666671875 0.9651208406249999 0.24351851875000002 0.97553569375 0.24351851875000002 0.9718904953124999 0.31851851875000003 1 0.31851851875000003 1 0.2228254
0 0.8890622031250001 0.790061453125 0.901800590625 0.7942843265625 0.9599451796875 0.47910432187499996 0.9596630984375001 0.47872042343750004 0.9464929015625 0.4764170375 0.8890622031250001 0.790061453125
0 0.945197471875 0.47833652656250003 0.9348958546875 0.47526534375 0.8737329562499999 0.788909759375 0.8873349640624999 0.7923648390625 0.945197471875 0.47833652656250003
0 0.860346853125 0.7881419640625 0.8715739062500001 0.791980940625 0.93094775 0.47948821875 0.9182093609375 0.474881446875 0.860346853125 0.7881419640625
0 0.846528940625 0.788909759375 0.8571082796875 0.79351653125 0.9164821218749999 0.48063991250000004 0.9028801140624999 0.47526534375 0.846528940625 0.788909759375
0 0.8340507296874999 0.7869902718749999 0.8448017015625 0.790061453125 0.899857446875 0.477952628125 0.8881985828125 0.47449754843749997 0.8340507296874999 0.7869902718749999
0 0.8167340671875 0.7850707828125 0.8275293109374999 0.7892936578125 0.8849600093750001 0.4768009359375 0.8717898125 0.47372975312500004 0.8167340671875 0.7850707828125
0 0.8035638687500001 0.7869902718749999 0.8141432078124999 0.7892936578125 0.8698466671875 0.4768009359375 0.8573241843750001 0.4721941625 0.8035638687500001 0.7869902718749999
0 0.7977344375000001 0.7877580671875 0.8029161546875001 0.7862224765625 0.855381040625 0.4764170375 0.842642653125 0.4729619578125 0.7934163390625 0.7704826703125 0.7990298671875 0.7766250328125001 0.7977344375000001 0.7877580671875