0 0.30390625 0.625 0.165625 0.15
0 0.4359375 0.6984375 0.159375 0.14375
0 0.3875 0.78359375 0.175 0.1625
0 0.59453125 0.39140625 0.1484375 0.13125
0 0.44140625 0.39765625 0.1578125 0.14375
0 0.3515625 0.54765625 0.1625 0.1453125
0 0.26328125 0.71484375 0.178125 0.1609375
0 0.4703125 0.6140625 0.1578125 0.1390625
0 0.39765625 0.46875 0.153125 0.1359375
0 0.51171875 0.534375 0.1515625 0.134375
0 0.55078125 0.46484375 0.153125 0.1359375
0 0.6328125 0.321875 0.1390625 0.125
0 0.53125 0.25546875 0.1484375 0.13125
0 0.4859375 0.32265625 0.1484375 0.1328125
0 0.45859375 0.084375 0.1515625 0.1328125
0 0.4109375 0.15234375 0.1546875 0.1359375
0 0.29375 0.07109375 0.165625 0.1421875
0 0.0828125 0.3671875 0.165625 0.153125
0 0.2421875 0.1375 0.16875 0.1484375
0 0.1875 0.21328125 0.171875 0.1515625
0 0.3671875 0.22265625 0.159375 0.1390625
0 0.090625 0.6171875 0.18125 0.16875
0 0.2078125 0.44765625 0.171875 0.1546875
0 0.14921875 0.53203125 0.175 0.15625
0 0.309375 0.29453125 0.1546875 0.1375
0 0.05234375 0.45625 0.1046875 0.15
0 0.0203125 0.54375 0.040625 0.15
0 0.1359375 0.28828125 0.1734375 0.1546875
0 0.26015625 0.36796875 0.1640625 0.1453125