0 0.66953125 0.690625 0.0890625 0.10625
0 0.64453125 0.27734375 0.0765625 0.090625
0 0.65390625 0.478125 0.0875 0.1015625
0 0.65078125 0.3765625 0.0828125 0.09375
0 0.66640625 0.5828125 0.0921875 0.0953125
0 0.825 0.37578125 0.084375 0.0953125
0 0.73671875 0.378125 0.0828125 0.0890625
0 0.6375 0.1890625 0.0796875 0.0875
0 0.8484375 0.58203125 0.084375 0.0953125
0 0.75859375 0.5828125 0.0859375 0.09375
0 0.73046875 0.2828125 0.0828125 0.0859375
0 0.76640625 0.68828125 0.0953125 0.1015625
0 0.81640625 0.28125 0.078125 0.0859375
0 0.74609375 0.47734375 0.0890625 0.1015625
0 0.86796875 0.8 0.090625 0.1046875
0 0.684375 0.80234375 0.096875 0.10625
0 0.72265625 0.1875 0.078125 0.084375
0 0.72109375 0.09140625 0.0828125 0.0921875
0 0.86015625 0.68984375 0.0828125 0.1015625
0 0.8375 0.478125 0.0796875 0.0984375
0 0.80625 0.1859375 0.06875 0.08125
0 0.778125 0.8 0.08125 0.1015625
0 0.96796875 0.4890625 0.0640625 0.090625
0 0.9296875 0.2296875 0.065625 0.078125
0 0.91953125 0.14453125 0.0640625 0.0765625
0 0.95625 0.403125 0.06875 0.08125
0 0.94609375 0.31328125 0.0734375 0.08125
0 0.97578125 0.1546875 0.0359375 0.0671875
0 0.9875 0.79375 0.025 0.096875
0 0.1921875 0.61328125 0.384375 0.4984375
0 0.9796875 0.68515625 0.040625 0.1015625
0 0.98203125 0.23671875 0.028125 0.078125
0 0.9890625 0.31953125 0.0140625 0.06875
0 0.97578125 0.58671875 0.0484375 0.0953125