0 0.1828125 0.6078125 0.1890625 0.2234375
0 0.153125 0.8140625 0.190625 0.225
0 0.39296875 0.23984375 0.1796875 0.2296875
0 0.3640625 0.4296875 0.178125 0.2109375
0 0.33515625 0.6296875 0.1796875 0.221875
0 0.30859375 0.82578125 0.175 0.2109375
0 0.4515625 0.8375 0.171875 0.209375
0 0.48125 0.6453125 0.1765625 0.2125
0 0.5078125 0.45234375 0.171875 0.2140625
0 0.54140625 0.2578125 0.1703125 0.21875
0 0.68046875 0.28515625 0.16875 0.209375
0 0.653125 0.47578125 0.1609375 0.196875
0 0.6203125 0.665625 0.1671875 0.2203125
0 0.59453125 0.853125 0.16875 0.203125
0 0.73125 0.86328125 0.1640625 0.2109375
0 0.7578125 0.68671875 0.165625 0.2046875
0 0.86953125 0.8828125 0.1609375 0.196875
0 0.90078125 0.7046875 0.1734375 0.2171875
0 0.92109375 0.5171875 0.1578125 0.2125
0 0.93359375 0.32734375 0.1328125 0.2015625
0 0.78984375 0.4953125 0.171875 0.2125
0 0.81796875 0.309375 0.1625 0.2046875