0 0.63515625 0.390625 0.0828125 0.0921875
0 0.6453125 0.5953125 0.08359375 0.0984375
0 0.64140625 0.49140625 0.0828125 0.0953125
0 0.71953125 0.38984375 0.07890625 0.08828125
0 0.82890625 0.59296875 0.0796875 0.09609375
0 0.63125 0.29765625 0.0796875 0.08828125
0 0.7171875 0.296875 0.08125 0.0828125
0 0.65625 0.81328125 0.0921875 0.1046875
0 0.628125 0.20546875 0.0765625 0.0875
0 0.71171875 0.203125 0.0765625 0.084375
0 0.81796875 0.490625 0.0734375 0.09140625
0 0.7375 0.59453125 0.08671875 0.096875
0 0.72890625 0.4921875 0.08046875 0.08984375
0 0.79140625 0.20390625 0.07421875 0.08203125
0 0.65 0.7046875 0.08984375 0.1
0 0.74375 0.70390625 0.0875 0.1015625
0 0.7546875 0.815625 0.09140625 0.10078125
0 0.8078125 0.39453125 0.07734375 0.08671875
0 0.83828125 0.70234375 0.08515625 0.10078125
0 0.803125 0.2984375 0.075 0.084375
0 0.846875 0.8140625 0.08515625 0.10078125
0 0.25 0.471875 0.4609375 0.61796875