0 0.8302954328125001 0.4296875 0.8341107687499999 0.478515625 0.9137672359375 0.470703125 0.9143165921874999 0.421875 0.8302954328125001 0.4296875
0 0.8346601234375 0.484375 0.8374068984375 0.5283203125 0.9176083234375 0.5263671875 0.9176083234375 0.4775390625 0.8346601234375 0.484375
0 0.8401536734375 0.529296875 0.843449803125 0.57421875 0.926947740625 0.578125 0.9274970953125001 0.52734375 0.8401536734375 0.529296875
0 0.8423466953125001 0.583984375 0.84070350625 0.63671875 0.9296985296875 0.63671875 0.926947740625 0.58203125 0.8423466953125001 0.583984375
0 0.8423510921874999 0.640625 0.8423774171874999 0.6865234375 0.9302478859375001 0.68359375 0.9302478859375001 0.6396484375 0.8423510921874999 0.640625
0 0.8467459328125001 0.7001953125 0.8456477 0.7451171875 0.9357419124999999 0.748046875 0.9373894999999999 0.6953125 0.8467459328125001 0.7001953125
0 0.8478402453125 0.7548828125 0.846741534375 0.8037109375 0.9362907890625 0.80859375 0.9390375640625 0.7509765625 0.8478402453125 0.7548828125
0 0.8555356109375 0.8046875 0.8566583515625 0.8525390625 0.946179178125 0.8564453125 0.9478272437499999 0.810546875 0.8555356109375 0.8046875
0 0.7643426890625 0.478515625 0.7654413984375 0.5234375 0.835759025 0.5205078125 0.8368577343749999 0.4765625 0.7643426890625 0.478515625
0 0.7593986859374999 0.5322265625 0.757201265625 0.5771484375 0.8379564437499999 0.5732421875 0.8390551546875 0.521484375 0.7593986859374999 0.5322265625
0 0.7555532015625 0.587890625 0.759398590625 0.634765625 0.8412525734375 0.6328125 0.8407032187500001 0.5791015625 0.7555532015625 0.587890625
0 0.7539051359375 0.6396484375 0.7534032328125 0.693359375 0.8407032187500001 0.689453125 0.8396045093750001 0.6328125 0.7539051359375 0.6396484375
0 0.755003846875 0.6953125 0.7555998875000001 0.75 0.8450980578125 0.7470703125 0.84344999375 0.69140625 0.755003846875 0.6953125
0 0.7522568796875 0.75390625 0.7539512484374999 0.7998046875 0.8434454046875001 0.802734375 0.8450980578125 0.751953125 0.7522568796875 0.75390625
0 0.7588944875 0.806640625 0.757201265625 0.85546875 0.8500380468750001 0.853515625 0.8489435437499999 0.80859375 0.7588944875 0.806640625
0 0.6599973078125 0.7275390625 0.659416084375 0.7763671875 0.741265384375 0.7685546875 0.7407206171875 0.7197265625 0.6599973078125 0.7275390625
0 0.68578493125 0.7841796875 0.6956733203125001 0.9326171875 0.7181332328125001 0.9287109375 0.708308484375 0.7841796875 0.68578493125 0.7841796875
0 0.688527690625 0.796875 0.6687509125 0.7978515625 0.6714976874999999 0.943359375 0.6918280265625001 0.939453125 0.688527690625 0.796875
0 0.653922534375 0.7265625 0.655602946875 0.6767578125 0.5775621953125001 0.6865234375 0.57866090625 0.7353515625 0.653922534375 0.7265625
0 0.5775621953125001 0.734375 0.577580490625 0.78125 0.6544718890625 0.7763671875 0.6555706 0.7314453125 0.5775621953125001 0.734375
0 0.580334121875 0.7861328125 0.581424540625 0.8369140625 0.659416084375 0.8369140625 0.661613503125 0.7822265625 0.580334121875 0.7861328125
0 0.586351875 0.83984375 0.5836051 0.892578125 0.6654547828124999 0.8876953125 0.6638109234375 0.8369140625 0.586351875 0.83984375
0 0.5874505859375 0.8935546875 0.5847199062499999 0.9443359375 0.6698537328125 0.9453125 0.66600834375 0.888671875 0.5874505859375 0.8935546875
0 0.5219195171875 0.546875 0.5249414953125 0.52490234375 0.5232931437499999 0.46533203125 0.38593050624999997 0.46240234375 0.38428215468750004 0.46484375 0.3782381984375 0.5390625 0.3782381984375 0.548828125 0.38235907812500003 0.5517578125 0.5183480890625 0.5517578125 0.5219195171875 0.546875
0 0.5166975390624999 0.8427734375 0.52191731875 0.84033203125 0.5232909453125 0.8349609375 0.5260381984375 0.75732421875 0.5227414953125 0.75146484375 0.503510725 0.74951171875 0.38400523125 0.75146484375 0.3801590765625 0.755859375 0.3757634734375 0.78466796875 0.37246676875 0.84033203125 0.37411512187499996 0.8447265625 0.4205436921875 0.845703125 0.5166975390624999 0.8427734375
0 0.5238947890625 0.45703125 0.524993690625 0.44384765625 0.5260925921874999 0.376953125 0.5230706140625 0.373046875 0.5194991859375 0.3720703125 0.3865321515625 0.37109375 0.3848838 0.3720703125 0.38433435 0.37548828125 0.3829607234375 0.41357421875 0.38158709687500003 0.4580078125 0.3832354484375 0.4599609375 0.5208728109375 0.46044921875 0.5238947890625 0.45703125
0 0.5247187734375001 0.7470703125 0.5274660265625 0.7431640625 0.5277407515625 0.66015625 0.5271913015624999 0.65087890625 0.52554295 0.6484375 0.3804880046875 0.6494140625 0.37911437812500004 0.6513671875 0.3769165765625 0.6904296875 0.3749935 0.736328125 0.3749935 0.7421875 0.37664185156249996 0.74658203125 0.5247187734375001 0.7470703125
0 0.3780162421875 0.27197265625 0.38735690156249997 0.2685546875 0.389005253125 0.265625 0.39230195625 0.20849609375 0.39010415468750004 0.19287109375 0.3865327265625 0.189453125 0.3401041546875 0.18212890625 0.30768657187500004 0.18212890625 0.263455803125 0.1865234375 0.25384041874999996 0.18896484375 0.2524667921875 0.193359375 0.2497195390625 0.24853515625 0.2502689890625 0.2685546875 0.2524667921875 0.271484375 0.3780162421875 0.27197265625
0 0.37801614687499996 0.3544921875 0.3802139484375 0.3515625 0.38213702656250004 0.32958984375 0.38241175156249996 0.28515625 0.378840321875 0.27392578125 0.246697465625 0.2724609375 0.2444996625 0.2744140625 0.24257658593750003 0.29345703125 0.24010405937499998 0.35205078125 0.2431260375 0.3564453125 0.3694996625 0.357421875 0.37801614687499996 0.3544921875
0 0.37389498125 0.4423828125 0.3758180578125 0.439453125 0.37911476093749996 0.3701171875 0.377741134375 0.36083984375 0.3727960796875 0.35791015625 0.239829046875 0.35791015625 0.23653234374999998 0.3603515625 0.23460926718750003 0.38427734375 0.23296091406250002 0.4423828125 0.23515871718749998 0.4443359375 0.36373014531250003 0.4443359375 0.37389498125 0.4423828125
0 0.2868069734375 0.5380859375 0.37032345625 0.53369140625 0.372795984375 0.53271484375 0.3744443359375 0.52783203125 0.3763674125 0.45556640625 0.3744443359375 0.44775390625 0.3686751046875 0.44287109375 0.23213664375 0.4443359375 0.22966411562500003 0.45458984375 0.22801576406250001 0.4765625 0.22499378593750002 0.5302734375 0.2274663140625 0.53564453125 0.23158719218749999 0.5380859375 0.2868069734375 0.5380859375
0 0.3442243640625 0.64013671875 0.3697738140625 0.63818359375 0.3714221671875 0.6357421875 0.37334524375 0.62255859375 0.376367221875 0.54541015625 0.37334524375 0.5390625 0.370048540625 0.53759765625 0.22526832031250002 0.54150390625 0.22307051875 0.55615234375 0.220323265625 0.619140625 0.2197738140625 0.6357421875 0.22087271562500002 0.63916015625 0.22279579218749998 0.6396484375 0.3442243640625 0.64013671875
0 0.26949880312499996 0.748046875 0.36675155 0.74658203125 0.3714218796875 0.744140625 0.37252078125 0.740234375 0.376092209375 0.64697265625 0.3711471546875 0.64111328125 0.22252078125 0.6435546875 0.2214218796875 0.64501953125 0.2189493515625 0.6865234375 0.21675155 0.73486328125 0.21675155 0.74169921875 0.2189493515625 0.74560546875 0.26949880312499996 0.748046875
0 0.363454559375 0.84814453125 0.3678501640625 0.845703125 0.369223790625 0.84228515625 0.37334467031249996 0.74658203125 0.3662018125 0.74365234375 0.2181248890625 0.74462890625 0.2164765375 0.74609375 0.2145534609375 0.7568359375 0.21290510937499998 0.77978515625 0.21015785625 0.833984375 0.21043258125 0.8447265625 0.212355659375 0.8466796875 0.363454559375 0.84814453125
0 0.1821362609375 0.46533203125 0.1884549421875 0.45849609375 0.1912021953125 0.4443359375 0.199169228125 0.357421875 0.20164175625 0.30712890625 0.19504834843750002 0.2998046875 0.1887296671875 0.29638671875 0.086806590625 0.29638671875 0.07554285468750001 0.296875 0.067850546875 0.30029296875 0.0629054921875 0.30712890625 0.05191648125 0.439453125 0.05219120625 0.458984375 0.061806590625000005 0.4658203125 0.17664175625 0.4677734375 0.1821362609375 0.46533203125
0 0.5233516484375 0.2802734375 0.5252747249999999 0.21337890625 0.5206043953124999 0.20556640625 0.4541208796875 0.20361328125 0.3925824171875 0.20556640625 0.390934065625 0.2099609375 0.3890109890625 0.26416015625 0.3884615390625 0.2841796875 0.3895604390625 0.28564453125 0.5206043953124999 0.28662109375 0.5233516484375 0.2802734375
0 0.5206043953124999 0.3701171875 0.5225274718749999 0.3681640625 0.5236263734375 0.30078125 0.5217032968749999 0.29052734375 0.51923076875 0.2880859375 0.415934065625 0.28564453125 0.3914835171875 0.2861328125 0.3857142859375 0.2880859375 0.3829670328125 0.34765625 0.3832417578125 0.3662109375 0.384890109375 0.369140625 0.5206043953124999 0.3701171875
0 0.5228021984375 0.6484375 0.524725275 0.6259765625 0.52445055 0.56298828125 0.5228021984375 0.55712890625 0.5167582421875 0.55517578125 0.3824175828125 0.55419921875 0.38049450625 0.55810546875 0.3766483515625 0.6044921875 0.3769230765625 0.64208984375 0.378571428125 0.64697265625 0.38186813124999996 0.6494140625 0.5228021984375 0.6484375
0 0.0468852140625 0.4794921875 0.028228021875 0.666015625 0.1754342734375 0.6591796875 0.1864213734375 0.4814453125 0.0468852140625 0.4794921875
0 0.1666895609375 0.86328125 0.17927975937500001 0.6640625 0.0326019859375 0.66796875 0.0155719828125 0.859375 0.1666895609375 0.86328125