0 0.5515625 0.27890625 0.1546875 0.140625
0 0.28984375 0.728125 0.171875 0.15625
0 0.41328125 0.8 0.1765625 0.1671875
0 0.33125 0.6453125 0.1671875 0.15625
0 0.4609375 0.709375 0.1546875 0.1375
0 0.37421875 0.56484375 0.15625 0.1390625
0 0.50078125 0.63046875 0.159375 0.1421875
0 0.41640625 0.49765625 0.1625 0.15
0 0.4625 0.42265625 0.1578125 0.140625
0 0.509375 0.34375 0.1546875 0.14375
0 0.6578125 0.340625 0.1515625 0.1328125
0 0.53828125 0.55078125 0.146875 0.1296875
0 0.5765625 0.4828125 0.1546875 0.14375