0 0.900233315625 0.3024845203125 0.8824513296875001 0.2570060796875 0.8074748812499999 0.2957245828125 0.8293037390625001 0.3395679828125 0.900233315625 0.3024845203125
0 0.9272583515624999 0.3473882953125 0.9089670140624999 0.30211564687500003 0.83461956875 0.3395267609375 0.8536285375 0.37924318437500004 0.9272583515624999 0.3473882953125
0 0.9583766656250001 0.3980110765625 0.939863028125 0.3507217296875 0.8596112703125 0.38525205625000003 0.87949541875 0.42566814218750004 0.9583766656250001 0.3980110765625
0 0.9833073375 0.44797405625 0.9602705515625001 0.398299153125 0.8825614828124999 0.43180216875 0.9007925875 0.48131217968750006 0.9833073375 0.44797405625
0 1 0.4878233609375 0.9867433046875 0.4550118875 0.9056126453125 0.48884405937500003 0.9228309093749999 0.5313904875000001 1 0.4971784 1 0.4878233609375
0 1 0.5079485984375001 0.9315583000000001 0.538396959375 0.9473680671875 0.5804592015625001 1 0.5611595687500001 1 0.5079485984375001
0 1 0.5648885875 0.95363333125 0.584247409375 0.9709059640625 0.6299316421875 1 0.61998246875 1 0.5648885875
0 0.847007125 0.381918409375 0.8315636281250001 0.340761440625 0.7650605015624999 0.36973696093749997 0.7829072390625 0.41097621406249996 0.847007125 0.381918409375
0 0.8745455921874999 0.4266147453125 0.8561754796875001 0.378214153125 0.7863433828125 0.41801397500000004 0.8011340015625 0.4604879796875 0.8745455921874999 0.4266147453125
0 0.8988984359375 0.481024209375 0.8782686109375 0.4314300875 0.80261133125 0.471476921875 0.8237363984374999 0.5134981578125 0.8988984359375 0.481024209375
0 0.9197505609375 0.5326350296875 0.897513903125 0.480530340625 0.820615615625 0.5189720609374999 0.8402707296875 0.5689599921874999 0.9197505609375 0.5326350296875
0 0.9440246296874999 0.58391655 0.921644446875 0.53292310625 0.8411019124999999 0.569677428125 0.8621408515625 0.6201595140625 0.9440246296874999 0.58391655
0 0.9657476812500001 0.63622875 0.948257003125 0.5885260999999999 0.862907815625 0.6251159234375 0.8816726640624999 0.6670374921875 0.9657476812500001 0.63622875
0 0.9951803874999999 0.6812130203125 0.97733755 0.6399721921875 0.8931138671875001 0.6718942546875 0.9098352765625 0.717801196875 0.9951803874999999 0.6812130203125
0 0.8601767375 0.6462312265625 0.841380303125 0.60116265 0.7694615671875 0.6386457578125 0.7872140046875 0.6841361359375 0.8601767375 0.6462312265625
0 0.8942839171875001 0.8041318546875 0.8310322093750001 0.673805228125 0.8101487359374999 0.6822427 0.8749227562499999 0.816167296875 0.8942839171875001 0.8041318546875
0 0.8595774125 0.8265802453125 0.8766085406249999 0.8218057359375001 0.8181041265625 0.6916675921875 0.802166934375 0.6991598921875 0.8595774125 0.8265802453125
0 0.6719686578124999 0.62326610625 0.691278703125 0.6681271718749999 0.757767628125 0.6317845921874999 0.74283330625 0.5904219046875 0.6719686578124999 0.62326610625
0 0.7800690390625 0.6796500937500001 0.7642597140625 0.6375876734375 0.6930290625 0.6695264937500001 0.710605709375 0.7129813828125 0.7800690390625 0.6796500937500001
0 0.807047421875 0.736158540625 0.7872926 0.6872641515625 0.7147009125 0.7186996109375 0.7347349234375 0.7653746875 0.807047421875 0.736158540625
0 0.8348042890625 0.78287315 0.8142571390625 0.7364053953125 0.7435358390625 0.768138425 0.76074371875 0.8180618468749999 0.8348042890625 0.78287315
0 0.8594479984375001 0.835058584375 0.8346646640625 0.7839828203125 0.7636563109375001 0.8179383390625 0.7801474609375 0.866044825 0.8594479984375001 0.835058584375
0 0.679672159375 0.78867474375 0.653136140625 0.7156620921875 0.64788453125 0.7114643421875 0.6293224171875 0.716857409375 0.51925050625 0.7634358609375 0.517330634375 0.76895119375 0.524046990625 0.7973086796875 0.541842465625 0.8501544671874999 0.5450170109375 0.853611521875 0.5884306593749999 0.8371245249999999 0.6764854734375 0.7983883015625 0.6804106015625 0.7941693046875 0.679672159375 0.78867474375
0 0.5074186359375 0.362185834375 0.5031533984375 0.359696075 0.49947620156249994 0.360128503125 0.3758254875 0.4090333765625 0.3746629890625 0.4105563140625 0.37543394218750004 0.4139312265625 0.38842758125 0.4497584625 0.40379909375 0.49147114218750004 0.406059071875 0.492664565625 0.5338571265625001 0.441557428125 0.5353786609375 0.437256290625 0.531458884375 0.42462101875 0.5074186359375 0.362185834375
0 0.6141078624999999 0.614519059375 0.611664971875 0.6128729109375 0.47753819531249997 0.6681169031249999 0.47699624375000005 0.670442378125 0.4895915484375 0.7074838078125001 0.5050023593749999 0.7507604953125 0.5071973203125 0.7561932140625001 0.510371865625 0.75965026875 0.6478493109375 0.704632403125 0.6489332109375 0.699981453125 0.6180926578125 0.6229150359375 0.6141078624999999 0.614519059375
0 0.3314511375 0.319002978125 0.338831253125 0.3123348203125 0.3392620984375 0.309000978125 0.320917884375 0.2547970109375 0.3130268875 0.24113307499999997 0.3084351234375 0.2393018703125 0.2626436015625 0.24990342187499998 0.23258654218750002 0.2620472625 0.1932227078125 0.2826909375 0.1852220453125 0.2885565578125 0.1855946609375 0.293145665625 0.20371666406250002 0.34533289843750004 0.2117255546875 0.36368885624999997 0.21486080156249998 0.365581903125 0.3314511375 0.319002978125
0 0.3425814296875 0.3318847828125 0.3350630515625 0.322809953125 0.2119935890625 0.37095335937499996 0.21068747499999999 0.37358757656249997 0.2160380515625 0.39196430625 0.2356951671875 0.4472177109375 0.24014331718749998 0.45016019687500003 0.35768073125 0.40372525625 0.364479596875 0.397818565625 0.36541988281250004 0.3942788953125 0.35897182656250004 0.37318580625000003 0.3425814296875 0.3318847828125
0 0.366824784375 0.4058237296875 0.3611423296875 0.4049598203125 0.2378574421875 0.45477014843749997 0.23571535937500002 0.4582687484375 0.24289506875 0.4811727421875 0.2631334359375 0.5356646781250001 0.2659028546875 0.5366522734375 0.385112209375 0.48848856874999996 0.39380522500000004 0.48286984843749997 0.39449079062500003 0.47943309218749997 0.37157374375 0.41391096406249994 0.366824784375 0.4058237296875
0 0.42461979375 0.5657396765625 0.4265464546875 0.563907996875 0.4262456453125 0.5587632499999999 0.40095751249999995 0.49103933125 0.396247853125 0.4845161046875 0.38906958125 0.48215003125000006 0.2630220640625 0.53465641875 0.26457075625000004 0.5450899 0.271273534375 0.5660800765625 0.28859207656249997 0.61701204375 0.2928966109375 0.621065809375 0.2976319890625 0.6217857343750001 0.34883087968750004 0.6011000390625 0.42461979375 0.5657396765625
0 0.46303133750000003 0.660812346875 0.46364509531250003 0.6579312296875 0.4604894796875 0.64498721875 0.43439109531250003 0.5723243796874999 0.4292112921875 0.5675709875 0.425605903125 0.567447775 0.2928313265625 0.6253052125 0.29628096249999997 0.63971031875 0.31732957812499996 0.6991411750000001 0.3230391921875 0.714739703125 0.32533846875 0.7174971328125 0.3273044265625 0.7172294625 0.4400739515625 0.6721942453125 0.46303133750000003 0.660812346875
0 0.5043951234375 0.757325375 0.5039507015625 0.7532919062500001 0.4723256171875 0.665483265625 0.46554568124999995 0.6619029984375 0.328656275 0.7198430499999999 0.32818613124999996 0.7216128859375 0.34144128125 0.7610208625 0.3575119375 0.8066640968750001 0.360072725 0.8130022671875 0.3635738 0.8158007671874999 0.41135700000000003 0.7991282421875 0.5009794375000001 0.76133854375 0.5043951234375 0.757325375
0 0.540298934375 0.8549911187499999 0.5082687265625 0.76471301875 0.500548503125 0.7646724218750001 0.3636197984375 0.8210484656249999 0.3626402125 0.823024128125 0.3648812609375 0.833704509375 0.371949865625 0.8556001375 0.389706040625 0.9068819171875001 0.39398485625 0.9167389859374999 0.39649955625 0.91782949375 0.5371447578125 0.8625850296875001 0.5403057234374999 0.8586747750000001 0.540298934375 0.8549911187499999
0 0.22020441562499998 0.5782872875 0.224384265625 0.5739653765625 0.2276820578125 0.5652601859375 0.22492477812499997 0.551101978125 0.19975310156249998 0.467532159375 0.18320551093749998 0.41997510625 0.17434851093749998 0.41565414218749996 0.1672095375 0.4148520765625 0.07270810625 0.4530331328125 0.062447465625 0.45770532968750005 0.056595675 0.46375600468749995 0.0545714859375 0.471946625 0.093952178125 0.5987520609375 0.101523434375 0.61675820625 0.11299945156249999 0.619494390625 0.22020441562499998 0.5782872875
0 0.318918209375 0.25349841875 0.3190361046875 0.258190440625 0.33755644375 0.309163478125 0.34454645156249997 0.3279310921875 0.3461140734375 0.32887761718749997 0.467981740625 0.2806931390625 0.468151075 0.27377855625 0.4448749890625 0.2110346296875 0.4376181203125 0.2055405421875 0.375244025 0.22863479999999997 0.318918209375 0.25349841875
0 0.47221429062500003 0.2853026171875 0.46900723749999995 0.2839652109375 0.3723176328125 0.3203972046875 0.3498303921875 0.3300092671875 0.3452129078125 0.333981365625 0.36498113125 0.3902431359375 0.3721865625 0.40734382968749994 0.3748123671875 0.40944270468750005 0.5010102875 0.35950869218750003 0.5020616812500001 0.3569773875 0.4778385171875 0.2940894765625 0.47221429062500003 0.2853026171875
0 0.57353445625 0.5287458921875 0.56719894375 0.5291990921874999 0.44227462656250005 0.5786185359375 0.4419548875 0.5829607453125 0.45576556718749994 0.62741055625 0.4701046171875 0.6621675812500001 0.47346207656250006 0.6660773625 0.47743329375 0.6671060296875 0.60773925625 0.6134057453125 0.6011082890624999 0.5918599296875 0.577257740625 0.5335611265625 0.57353445625 0.5287458921875
0 0.292889065625 0.751146046875 0.2364956578125 0.5822377624999999 0.10638833125 0.632698021875 0.1589625921875 0.8126286500000001 0.292889065625 0.751146046875
0 0.1653565484375 0.8153116062500001 0.22126864687499997 0.9991599421874999 0.3628457328125 0.9461721140625 0.2998905046875 0.7567433343750001 0.1653565484375 0.8153116062500001
0 0.5365008 0.4473354828125 0.4079317953125 0.49506770624999996 0.40644276875 0.497249196875 0.4283273546875 0.5558156703125 0.43794316718750004 0.5766821609375 0.441444240625 0.5794806609375 0.56771396875 0.5289910078125 0.5685363609375 0.520759315625 0.5412104609374999 0.45385870781250004 0.538760778125 0.44852890468749995 0.5365008 0.4473354828125