0 0.69765625 0.096875 0.2046875 0.19375
0 0.4765625 0.1515625 0.1609375 0.1734375
0 0.50625 0.303125 0.1515625 0.1703125
0 0.534375 0.4390625 0.140625 0.1515625
0 0.5609375 0.57265625 0.1359375 0.14375
0 0.5828125 0.703125 0.134375 0.1375
0 0.60234375 0.8125 0.125 0.1296875
0 0.353125 0.1828125 0.1625 0.1765625
0 0.22578125 0.2015625 0.15625 0.1765625
0 0.26015625 0.34453125 0.1625 0.165625
0 0.38125 0.32265625 0.15 0.16875
0 0.28984375 0.48046875 0.14375 0.1515625
0 0.4140625 0.4625 0.146875 0.1484375
0 0.44140625 0.5890625 0.1390625 0.1515625
0 0.4703125 0.7171875 0.134375 0.1484375
0 0.49375 0.8375 0.140625 0.13125
0 0.31953125 0.60625 0.15 0.15
0 0.35234375 0.73671875 0.1421875 0.1453125
0 0.37734375 0.8640625 0.128125 0.13125
0 0.72734375 0.2765625 0.184375 0.1984375
0 0.74921875 0.44140625 0.18125 0.178125
0 0.76796875 0.59375 0.1796875 0.18125
0 0.79921875 0.74453125 0.1765625 0.1734375
0 0.9657241578125 0.3123750109375 0.9386607671875 0.16168155625 0.7963308437500001 0.19319635625 0.8293549718750001 0.35523942656249996 0.9657241578125 0.3123750109375
0 0.97709566875 0.47271218125000003 0.9699043968750001 0.3253647234375 0.8242182031249999 0.352200975 0.8415399921875 0.492693746875 0.97709566875 0.47271218125000003
0 1 0.6100612375 0.9853342609375 0.474745940625 0.83890684375 0.5131581640625 0.8648923187499999 0.6593159046875 1 0.6180591421875 1 0.6100612375
0 1 0.6393747859375 0.9981231671874999 0.61838020625 0.866539165625 0.6682087140624999 0.8896306953125 0.7890553625 1 0.770165484375 1 0.6393747859375
0 0.27047816562500004 0.7541210140625 0.2215932359375 0.547506209375 0.14272647031250002 0.5696300765625 0.19646902500000002 0.7698521421875 0.27047816562500004 0.7541210140625
0 0.24230298125 0.9253874718749999 0.2124207828125 0.8181896609375 0.1015318171875 0.8434375359375 0.1290034953125 0.953254946875 0.24230298125 0.9253874718749999
0 0.1794752828125 0.706596309375 0.0665074296875 0.7293467265625 0.1024847453125 0.8251556578124999 0.21240498749999998 0.80809969375 0.1794752828125 0.706596309375
0 0.17920301249999998 0.695299215625 0.140809953125 0.5747705515625 0.0227978953125 0.5982770546875 0.06555613593750001 0.7181939640625 0.17920301249999998 0.695299215625
0 0 0.5123990796875 0.026393424999999998 0.5940438718750001 0.1416390515625 0.5619777125 0.09331779999999999 0.4448208953125 0 0.4698883171875 0 0.5123990796875
0 0 0.45793861874999997 0.096274596875 0.43536082187499997 0.060929135937500004 0.30913765937500004 0 0.32003174218749997 0 0.45793861874999997