0 0.5875 0.29375 0.1875 0.1453125
0 0.72109375 0.13046875 0.20625 0.165625
0 0.75390625 0.24765625 0.203125 0.1625
0 0.78359375 0.35859375 0.1859375 0.146875
0 0.809375 0.45859375 0.1859375 0.1453125
0 0.83359375 0.5640625 0.1796875 0.146875
0 0.865625 0.66875 0.18125 0.1296875
0 0.884375 0.759375 0.171875 0.1203125
0 0.61484375 0.409375 0.1890625 0.1421875
0 0.6484375 0.51171875 0.184375 0.140625
0 0.67265625 0.61171875 0.190625 0.15
0 0.696875 0.709375 0.1765625 0.1265625
0 0.73046875 0.8109375 0.1828125 0.1375
0 0.4453125 0.47265625 0.203125 0.1546875
0 0.48203125 0.5765625 0.190625 0.14375
0 0.5140625 0.67734375 0.1984375 0.1578125
0 0.54765625 0.77890625 0.1875 0.13125
0 0.57578125 0.87421875 0.175 0.134375
0 0.315625 0.621875 0.2046875 0.159375
0 0.34609375 0.72109375 0.1953125 0.15625
0 0.38359375 0.81875 0.19375 0.1453125
0 0.4140625 0.91328125 0.1890625 0.1375