0 0.7272420140625 0.11957252968750001 0.7065697703125 0.042013884375 0.6306721046875 0.077658546875 0.644411553125 0.147611228125 0.7272420140625 0.11957252968750001
0 0.83125 0.15078125 0.096875 0.0890625
0 0.8578125 0.2375 0.0859375 0.0953125
0 0.88828125 0.32734375 0.0890625 0.0984375
0 0.91640625 0.41796875 0.090625 0.0984375
0 0.94765625 0.51328125 0.090625 0.1046875
0 0.96328125 0.60625 0.0734375 0.109375
0 0.9796875 0.7109375 0.040625 0.115625
0 0.91796875 0.73203125 0.10625 0.10625
0 0.8890625 0.6296875 0.1109375 0.109375
0 0.8578125 0.528125 0.1046875 0.10625
0 0.834375 0.4359375 0.0984375 0.0984375
0 0.8046875 0.3421875 0.0890625 0.0984375
0 0.77578125 0.25625 0.1 0.09375
0 0.75 0.16953125 0.090625 0.09375
0 0.67421875 0.18984375 0.090625 0.0890625
0 0.696875 0.27734375 0.0875 0.103125
0 0.72109375 0.36484375 0.0890625 0.1046875
0 0.74765625 0.4546875 0.0921875 0.109375
0 0.7734375 0.55078125 0.096875 0.1109375
0 0.8 0.64921875 0.0953125 0.1140625
0 0.82890625 0.74765625 0.096875 0.1109375
0 0.7109375 0.7796875 0.1078125 0.1140625
0 0.68671875 0.67734375 0.10625 0.1109375
0 0.65859375 0.575 0.0953125 0.1078125
0 0.63515625 0.4796875 0.0921875 0.1
0 0.61171875 0.3921875 0.0890625 0.096875
0 0.59140625 0.30546875 0.084375 0.090625
0 0.57265625 0.2203125 0.084375 0.0953125
0 0.55078125 0.13984375 0.0828125 0.0859375
0 0.47421875 0.15859375 0.090625 0.0765625
0 0.49375 0.2375 0.0875 0.0921875
0 0.5125 0.32265625 0.0890625 0.0890625
0 0.5328125 0.4140625 0.09375 0.103125
0 0.5515625 0.50078125 0.09375 0.1015625
0 0.575 0.59921875 0.096875 0.1109375
0 0.5984375 0.6953125 0.1 0.10625
0 0.62109375 0.79609375 0.10625 0.1125
0 0.528125 0.809375 0.1078125 0.115625
0 0.50703125 0.70546875 0.1078125 0.11875
0 0.48671875 0.6046875 0.1015625 0.1046875
0 0.46640625 0.5078125 0.1 0.1015625
0 0.44453125 0.4171875 0.096875 0.1
0 0.428125 0.328125 0.0921875 0.0953125
0 0.41171875 0.24609375 0.0921875 0.0921875
0 0.390625 0.16015625 0.0890625 0.0859375
0 0.24765625 0.23203125 0.1 0.096875
0 0.26484375 0.32421875 0.1015625 0.1015625
0 0.28125 0.41953125 0.1015625 0.1046875
0 0.3 0.5234375 0.10625 0.115625
0 0.31796875 0.6265625 0.1109375 0.1171875
0 0.33515625 0.73515625 0.1125 0.125
0 0.353125 0.846875 0.115625 0.1265625
0 0.253125 0.86484375 0.1234375 0.1234375
0 0.240625 0.753125 0.115625 0.125
0 0.221875 0.64453125 0.10625 0.1125
0 0.20625 0.53828125 0.1125 0.1109375
0 0.1921875 0.4375 0.1046875 0.109375
0 0.17578125 0.3390625 0.1046875 0.0984375
0 0.159375 0.2515625 0.096875 0.09375
0 0.1421875 0.15078125 0.1015625 0.0953125
0 0.07421875 0.265625 0.1 0.1015625
0 0.0875 0.35703125 0.103125 0.109375
0 0.09921875 0.45703125 0.1078125 0.109375
0 0.1140625 0.5546875 0.109375 0.115625
0 0.1265625 0.6625 0.1078125 0.1140625
0 0.140625 0.771875 0.109375 0.121875
0 0.1546875 0.88359375 0.115625 0.125