0 0.86875 0.52578125 0.13125 0.0890625
0 0.51875 0.690625 0.08515625 0.05703125
0 0.87109375 0.61796875 0.13359375 0.0859375
0 0.6171875 0.76953125 0.08984375 0.05625
0 0.51796875 0.6375 0.08046875 0.05078125
0 0.615625 0.83046875 0.09140625 0.0546875
0 0.3796875 0.51640625 0.08515625 0.0515625
0 0.28828125 0.77421875 0.08828125 0.05546875
0 0.51328125 0.5859375 0.078125 0.0484375
0 0.2875 0.834375 0.0859375 0.05625
0 0.94609375 0.05234375 0.1078125 0.0703125
0 0.290625 0.71875 0.08671875 0.053125
0 0.2953125 0.55703125 0.08359375 0.05234375
0 0.10546875 0.84375 0.08671875 0.05703125
0 0.29453125 0.61328125 0.0828125 0.05234375
0 0.94921875 0.12578125 0.09921875 0.0703125
0 0.953125 0.2015625 0.09375 0.071875
0 0.29375 0.6671875 0.08203125 0.04921875
0 0.37734375 0.78359375 0.08828125 0.05703125
0 0.196875 0.840625 0.08671875 0.05703125
0 0.615625 0.7171875 0.090625 0.05546875
0 0.95546875 0.28046875 0.0875 0.07734375
0 0.37890625 0.66875 0.08515625 0.053125
0 0.5953125 0.50234375 0.08515625 0.05234375
0 0.19765625 0.77734375 0.09140625 0.05546875
0 0.1203125 0.67734375 0.0765625 0.05
0 0.709375 0.76953125 0.0875 0.0578125
0 0.20546875 0.66796875 0.08359375 0.05
0 0.9609375 0.35859375 0.078125 0.07578125
0 0.58828125 0.32578125 0.071875 0.05078125
0 0.38046875 0.56796875 0.0828125 0.053125
0 0.378125 0.728125 0.0875 0.05703125
0 0.1125 0.7828125 0.0765625 0.04921875
0 0.37890625 0.6203125 0.084375 0.05390625
0 0.37421875 0.84296875 0.08828125 0.06015625
0 0.61171875 0.66171875 0.08828125 0.05546875
0 0.11640625 0.7296875 0.07734375 0.0515625
0 0.21328125 0.46484375 0.0859375 0.05
0 0.5875 0.4140625 0.07109375 0.04296875
0 0.371875 0.321875 0.07265625 0.04921875
0 0.525 0.84140625 0.08046875 0.03671875
0 0.3796875 0.41484375 0.08515625 0.04375
0 0.596875 0.5515625 0.08359375 0.0546875
0 0.38046875 0.46640625 0.08828125 0.053125
0 0.5125 0.5375 0.075 0.04765625
0 0.875 0.71015625 0.13125 0.08984375
0 0.71015625 0.8296875 0.09140625 0.05546875
0 0.29375 0.50625 0.078125 0.046875
0 0.209375 0.61484375 0.078125 0.05234375
0 0.60625 0.60625 0.0875 0.05390625
0 0.2125 0.3265625 0.08359375 0.04609375
0 0.29375 0.459375 0.07421875 0.046875
0 0.2109375 0.565625 0.075 0.0453125
0 0.21328125 0.51484375 0.07890625 0.04921875
0 0.2015625 0.721875 0.08203125 0.0546875
0 0.13125 0.5234375 0.08203125 0.05078125
0 0.13046875 0.57578125 0.08203125 0.046875
0 0.52734375 0.76796875 0.07421875 0.03515625
0 0.5859375 0.371875 0.0703125 0.040625
0 0.509375 0.41015625 0.07265625 0.0453125
0 0.21328125 0.4140625 0.090625 0.053125
0 0.68515625 0.55234375 0.0859375 0.05625
0 0.29921875 0.41484375 0.0703125 0.0421875
0 0.590625 0.45703125 0.0765625 0.0421875
0 0.37578125 0.36953125 0.08125 0.0421875
0 0.709375 0.709375 0.0859375 0.05546875
0 0.88359375 0.80390625 0.1453125 0.09609375
0 0.96484375 0.44375 0.0703125 0.08046875
0 0.9671875 0.528125 0.06484375 0.07734375
0 0.69140625 0.60625 0.08828125 0.05390625
0 0.125 0.6265625 0.08046875 0.053125
0 0.52421875 0.73203125 0.07578125 0.03515625
0 0.68203125 0.49609375 0.0859375 0.05625
0 0.971875 0.61953125 0.05625 0.08203125
0 0.703125 0.65625 0.0875 0.05625
0 0.21328125 0.36796875 0.0859375 0.04453125
0 0.13046875 0.4734375 0.075 0.0484375
0 0.30078125 0.3734375 0.06796875 0.040625
0 0.52421875 0.803125 0.07265625 0.0328125
0 0.5109375 0.45625 0.07265625 0.0390625
0 0.978125 0.80625 0.04375 0.08984375
0 0.13125 0.42890625 0.06484375 0.03984375
0 0.51171875 0.4984375 0.07265625 0.0359375
0 0.50703125 0.38203125 0.065625 0.021875
0 0.6640625 0.4078125 0.0765625 0.03359375
0 0.9765625 0.709375 0.046875 0.0921875
0 0.66640625 0.4484375 0.08046875 0.04140625
0 0.0299773734375 0.5362424796874999 0.012970339062499999 0.692291878125 0.0432754671875 0.695129140625 0.060297028125 0.5400254953125 0.0299773734375 0.5362424796874999