0 0.8625 0.21953125 0.1875 0.209375
0 0.91328125 0.40078125 0.1734375 0.2109375
0 0.9421875 0.58046875 0.115625 0.2109375
0 0.5890625 0.0859375 0.246875 0.1421875
0 0.62109375 0.1640625 0.2515625 0.146875
0 0.65 0.24921875 0.253125 0.146875
0 0.675 0.32734375 0.2484375 0.1390625
0 0.6953125 0.41015625 0.25 0.146875
0 0.72578125 0.49296875 0.2484375 0.1375
0 0.74765625 0.57265625 0.2453125 0.140625
0 0.771875 0.65 0.2453125 0.134375
0 0.7984375 0.728125 0.2515625 0.1453125
0 0.82421875 0.80234375 0.2453125 0.128125
0 0.4859375 0.56875 0.2625 0.159375
0 0.5453125 0.7765625 0.346875 0.378125