0 0.60703125 0.2484375 0.178125 0.1984375
0 0.6109375 0.4484375 0.178125 0.1953125
0 0.62265625 0.64453125 0.16875 0.203125
0 0.634375 0.83828125 0.175 0.1890625
0 0.4640625 0.846875 0.1703125 0.1984375
0 0.45625 0.65859375 0.178125 0.209375
0 0.4390625 0.4625 0.1796875 0.20625
0 0.43203125 0.25625 0.184375 0.215625
0 0.25078125 0.26328125 0.1890625 0.20625
0 0.26484375 0.47109375 0.190625 0.2171875
0 0.2828125 0.67109375 0.190625 0.1984375
0 0.29375 0.86484375 0.18125 0.1984375
0 0.11796875 0.88515625 0.190625 0.1875
0 0.09921875 0.678125 0.1890625 0.2125
0 0.08671875 0.47734375 0.1734375 0.2078125
0 0.084375 0.275 0.16875 0.225