0 0.403125 0.41328125 0.11015625 0.18359375
0 0.61171875 0.40546875 0.09375 0.1953125
0 0.60546875 0.5890625 0.0953125 0.178125
0 0.403125 0.59453125 0.103125 0.16796875
0 0.80625 0.74296875 0.08671875 0.17734375
0 0.40546875 0.759375 0.09765625 0.15625
0 0.91484375 0.5546875 0.0921875 0.19765625
0 0.71015625 0.75546875 0.09296875 0.15390625
0 0.92421875 0.3453125 0.08984375 0.20390625
0 0.5984375 0.7640625 0.09453125 0.16953125
0 0.815625 0.55546875 0.0859375 0.19140625
0 0.40390625 0.2234375 0.11484375 0.178125
0 0.615625 0.2046875 0.09921875 0.20546875
0 0.8265625 0.3484375 0.08828125 0.20703125
0 0.9 0.74375 0.0890625 0.171875
0 0.71796875 0.64453125 0.08046875 0.046875
0 0.409375 0.1 0.09296875 0.05703125
0 0.83125 0.165625 0.0859375 0.046875
0 0.92109375 0.21796875 0.08359375 0.05078125
0 0.53125 0.6234375 0.02734375 0.1375
0 0.49609375 0.61953125 0.02265625 0.13515625
0 0.83359375 0.2171875 0.08515625 0.04375
0 0.12109375 0.7265625 0.19140625 0.1703125
0 0.97734375 0.75078125 0.0453125 0.15078125
0 0.49609375 0.759375 0.02421875 0.13203125
0 0.52578125 0.76171875 0.03046875 0.140625
0 0.125 0.465625 0.13828125 0.328125
0 0.1125 0.1734375 0.0796875 0.09921875
0 0.22109375 0.45390625 0.059375 0.2953125
0 0.084375 0.240625 0.1046875 0.02421875
0 0.090625 0.28515625 0.10625 0.02578125
0 0.984375 0.37265625 0.02890625 0.1421875
0 0.24921875 0.70234375 0.0609375 0.2671875