0 0.42421875 0.459375 0.246875 0.2109375
0 0.3625 0.590625 0.1109375 0.071875
0 0.246875 0.63203125 0.1046875 0.075
0 0.2359375 0.39765625 0.0984375 0.2015625
0 0.23515625 0.70546875 0.1046875 0.0765625
0 0.35390625 0.6578125 0.1078125 0.0765625
0 0.46796875 0.6046875 0.1015625 0.078125
0 0.45703125 0.6703125 0.1046875 0.075
0 0.4453125 0.74140625 0.1015625 0.0765625
0 0.34375 0.72265625 0.10625 0.071875
0 0.22890625 0.7734375 0.1 0.0578125
0 0.33203125 0.78515625 0.109375 0.0765625
0 0.434375 0.79921875 0.09375 0.0640625
0 0.4265625 0.85390625 0.0984375 0.0640625
0 0.32265625 0.84765625 0.109375 0.065625
0 0.221875 0.83125 0.0953125 0.05625
0 0.5828458624999999 0.283569553125 0.7443919609375 0.312108390625 0.7711342484375 0.1512686765625 0.6073691171875 0.1151546859375 0.5828458624999999 0.283569553125
0 0.7096196703125 0.47569230312500005 0.7382155421875 0.322540359375 0.5813543796875 0.2985363703125 0.5576563734375 0.454546784375 0.7096196703125 0.47569230312500005
0 0.5295991078125 0.60900834375 0.6807231093749999 0.6312940546875 0.7049086359375 0.4912774625 0.5507037984375 0.46269125781250003 0.5295991078125 0.60900834375
0 0.77421875 0.56953125 0.1640625 0.1625
0 0.6505745359375 0.7743085890625 0.673619846875 0.6378821078125 0.5225286703124999 0.62093089375 0.5031332625 0.7562050765625 0.6505745359375 0.7743085890625
0 0.79956165 0.7913585671875001 0.82377153125 0.662535209375 0.681812628125 0.63426930625 0.6594612484375 0.7704262890625 0.79956165 0.7913585671875001
0 0.6442020625 0.792176521875 0.496134840625 0.7677793609375 0.479139884375 0.906192165625 0.622985875 0.9250975718750001 0.6442020625 0.792176521875
0 0.7684232671875 0.936738246875 0.7988969828125 0.8024672 0.658212259375 0.783741859375 0.6362898859375 0.91927096875 0.7684232671875 0.936738246875
0 0.04453125 0.52578125 0.0875 0.0734375
0 0.0421875 0.5921875 0.084375 0.059375
0 0.0390625 0.65234375 0.078125 0.0671875