0 0.490625 0.178125 0.1515625 0.1703125
0 0.52578125 0.3234375 0.146875 0.153125
0 0.5546875 0.4578125 0.1421875 0.15
0 0.58515625 0.5859375 0.1421875 0.1421875
0 0.61015625 0.71328125 0.1359375 0.14375
0 0.6359375 0.83671875 0.134375 0.1375
0 0.64453125 0.29296875 0.1453125 0.1625
0 0.67265625 0.42890625 0.1390625 0.146875
0 0.69921875 0.5578125 0.1328125 0.1375
0 0.71953125 0.67890625 0.13125 0.1328125
0 0.7421875 0.8 0.1265625 0.13125
0 0.34609375 0.246875 0.1875 0.1359375
0 0.3765625 0.35546875 0.184375 0.140625
0 0.403125 0.46484375 0.1828125 0.134375
0 0.43203125 0.57421875 0.178125 0.13125
0 0.453125 0.67421875 0.1734375 0.1234375
0 0.4796875 0.771875 0.171875 0.1234375
0 0.5015625 0.86484375 0.16875 0.1140625
0 0.34765625 0.90078125 0.16875 0.1203125
0 0.32265625 0.80859375 0.175 0.1203125
0 0.29296875 0.71328125 0.1734375 0.1328125
0 0.26796875 0.6125 0.1828125 0.13125
0 0.2375 0.5078125 0.1859375 0.14375
0 0.2078125 0.39609375 0.1890625 0.1328125
0 0.07421875 0.55703125 0.1484375 0.1296875
0 0.09921875 0.665625 0.1625 0.128125
0 0.128125 0.76953125 0.171875 0.125
0 0.1578125 0.86796875 0.171875 0.1234375
0 0.190625 0.94921875 0.178125 0.1015625
0 0.784346228125 0.670973615625 0.8592592140624999 0.657479715625 0.8259391140625001 0.4599114453125 0.7482098140625 0.472154978125 0.784346228125 0.670973615625
0 0.8641711140625 0.8083907671875 0.84006898125 0.6600095671874999 0.7776762953125 0.6715632078125 0.804180903125 0.8193897531250001 0.8641711140625 0.8083907671875
0 0.9149951968750001 0.074835940625 0.903418403125 0.0246913359375 0.7848657359375 0.047468959375 0.8082476828124999 0.1865136125 0.9280198140625 0.1636134453125 0.9149951968750001 0.074835940625
0 0.9498574265625 0.3068157609375 0.934135215625 0.16695300156249998 0.81286754375 0.19494984843750002 0.8345096828124999 0.329644759375 0.9498574265625 0.3068157609375
0 0.9686881843749999 0.4393088859375 0.9493766765625 0.31167815781249997 0.8372818640625 0.334706440625 0.859325559375 0.4702589265625 0.9686881843749999 0.4393088859375
0 0.985671 0.568427515625 0.9639399796875001 0.44420622187500003 0.8527294109374999 0.47178176718750003 0.8709175890624999 0.5892187375 0.985671 0.568427515625
0 1 0.6711741328125 0.987129015625 0.5747428765625 0.8744320140624999 0.5998107484374999 0.8901668703125001 0.7149632671874999 1 0.6905353453124999 1 0.6711741328125
0 1 0.7020068140625 0.9991928625 0.6964446046874999 0.889719934375 0.7169670140625 0.9068881015624999 0.8336891921875 1 0.812192615625 1 0.7020068140625
0 1 0.44303219687500006 0.9992222375 0.43966333750000003 0.9726502796875 0.444095853125 0.9899651046875 0.5731378328125001 1 0.570163721875 1 0.44303219687500006
0 0.9725390656249999 0.4374695578125 0.997918828125 0.43401765000000003 0.9682106328125 0.305337321875 0.9547230984375 0.3047421515625 0.9725390656249999 0.4374695578125