0 0.73671875 0.56953125 0.16953125 0.10234375
0 0.73125 0.678125 0.16640625 0.096875
0 0.728125 0.77578125 0.15625 0.0890625
0 0.72421875 0.86640625 0.15546875 0.084375
0 0.9109375 0.4625 0.1546875 0.09140625
0 0.9046875 0.565625 0.1515625 0.08828125
0 0.8953125 0.67421875 0.1546875 0.10078125
0 0.88828125 0.76640625 0.14609375 0.10078125
0 0.878125 0.86640625 0.140625 0.084375
0 0.20808190624999998 0.595949896875 0.2934625453125 0.5860772296875 0.2851327390625 0.42441139687499996 0.196975428125 0.4342840640625 0.20808190624999998 0.595949896875
0 0.210709625 0.6049382609375 0.21641171250000002 0.7477430625 0.299015784375 0.7415726109375 0.2934625453125 0.5971840625 0.210709625 0.6049382609375
0 0.2198824734375 0.8797907046875 0.303874828125 0.87732275 0.29832169531249997 0.7452749187500001 0.2171058 0.75021120625 0.2198824734375 0.8797907046875
0 0.136056846875 0.7345678890625 0.143525728125 0.871152296875 0.219188278125 0.8600452765625001 0.21224675624999997 0.723061253125 0.136056846875 0.7345678890625
0 0.12564017968750002 0.5956790015625 0.1331134453125 0.7391044671875 0.21224675624999997 0.7341680859374999 0.19905790625 0.5811408484375 0.12564017968750002 0.5956790015625