0 0.421875 0.67265625 0.1515625 0.1546875
0 0.56796875 0.2546875 0.1140625 0.190625
0 0.634375 0.2765625 0.109375 0.1890625
0 0.3734375 0.36640625 0.1375 0.1546875
0 0.31171875 0.20078125 0.1390625 0.15625
0 0.41328125 0.2390625 0.140625 0.159375
0 0.27421875 0.33046875 0.1296875 0.1484375
0 0.1546875 0.4890625 0.1453125 0.1625
0 0.27109375 0.53046875 0.15625 0.1734375
0 0.12265625 0.6296875 0.1375 0.1484375
0 0.234375 0.675 0.15 0.1546875
0 0.70390625 0.29765625 0.1125 0.190625
0 0.7515625 0.53046875 0.165625 0.2953125
0 0.6515625 0.7859375 0.153125 0.2640625
0 0.584375 0.5921875 0.15 0.15625
0 0.54296875 0.71796875 0.1484375 0.153125
0 0.5453125 0.40859375 0.1265625 0.1390625
0 0.49921875 0.51796875 0.103125 0.1296875
0 0.63984375 0.43984375 0.1265625 0.140625
0 0.77890625 0.30078125 0.096875 0.1296875