0 0.82734375 0.80390625 0.08671875 0.103125
0 0.81796875 0.69453125 0.08671875 0.096875
0 0.8109375 0.5875 0.08046875 0.09453125
0 0.79765625 0.48515625 0.0765625 0.0984375
0 0.79453125 0.384375 0.07890625 0.08984375
0 0.784375 0.28671875 0.08125 0.0890625
0 0.778125 0.19609375 0.07265625 0.08671875
0 0.68828125 0.0953125 0.07265625 0.07890625
0 0.69296875 0.19140625 0.07734375 0.084375
0 0.7015625 0.28515625 0.075 0.084375
0 0.70546875 0.3796875 0.078125 0.084375
0 0.71171875 0.48203125 0.08125 0.09296875
0 0.71875 0.5875 0.0859375 0.0921875
0 0.72578125 0.69375 0.084375 0.1015625
0 0.73203125 0.80546875 0.0875 0.10546875
0 0.6375 0.8046875 0.0953125 0.109375
0 0.6328125 0.6921875 0.084375 0.10078125
0 0.6265625 0.58515625 0.08203125 0.10234375
0 0.6234375 0.4796875 0.0828125 0.09375
0 0.61796875 0.37890625 0.07890625 0.0859375
0 0.61484375 0.2828125 0.075 0.0890625
0 0.60859375 0.18984375 0.07421875 0.08515625