0 0.8953125 0.48203125 0.0921875 0.134375
0 0.8609375 0.60625 0.1 0.13125
0 0.82734375 0.72734375 0.09375 0.1328125
0 0.796875 0.84609375 0.0921875 0.1265625
0 0.86328125 0.8640625 0.0828125 0.121875
0 0.89375 0.74609375 0.0875 0.13125
0 0.92890625 0.6234375 0.096875 0.1328125
0 0.95625 0.5015625 0.0875 0.140625
0 0.93203125 0.35078125 0.096875 0.1390625
0 0.77734375 0.45 0.0953125 0.1359375
0 0.74375 0.57734375 0.0984375 0.1421875
0 0.7125 0.6984375 0.0890625 0.125
0 0.6828125 0.82265625 0.0953125 0.1328125
0 0.6140625 0.81171875 0.0890625 0.1265625
0 0.64375 0.6875 0.0921875 0.1375
0 0.67265625 0.56171875 0.0984375 0.134375
0 0.57421875 0.528125 0.15 0.2484375
0 0.51875 0.753125 0.1484375 0.240625
0 0.60234375 0.28125 0.0703125 0.1046875
0 0.65625 0.29375 0.071875 0.10625
0 0.446875 0.5609375 0.1375 0.159375
0 0.49375 0.39609375 0.1203125 0.1421875
0 0.415625 0.69296875 0.1359375 0.1546875
0 0.28671875 0.73515625 0.11875 0.184375
0 0.2015625 0.7125 0.1265625 0.1890625
0 0.23828125 0.53203125 0.115625 0.1890625
0 0.265625 0.41171875 0.0828125 0.0546875
0 0.12734375 0.5 0.134375 0.2359375
0 0.096875 0.6875 0.1578125 0.1765625
0 0.0203125 0.65859375 0.040625 0.1609375
0 0.0359375 0.5 0.071875 0.171875
0 0.05859375 0.30703125 0.10625 0.24375