0 0.7640625 0.35 0.1390625 0.15
0 0.61171875 0.42734375 0.1546875 0.1640625
0 0.56171875 0.53359375 0.1375 0.1390625
0 0.50703125 0.64765625 0.1421875 0.153125
0 0.46015625 0.75703125 0.1390625 0.14375
0 0.41171875 0.86171875 0.146875 0.153125
0 0.25390625 0.79921875 0.1484375 0.1578125
0 0.30546875 0.69140625 0.146875 0.159375
0 0.36328125 0.57734375 0.15 0.15625
0 0.41796875 0.453125 0.15 0.15
0 0.1546875 0.76171875 0.140625 0.1484375
0 0.20859375 0.65 0.153125 0.15625
0 0.2609375 0.53515625 0.1578125 0.1578125
0 0.31640625 0.409375 0.159375 0.1703125
0 0.3671875 0.29765625 0.159375 0.171875
0 0.05859375 0.6578125 0.1171875 0.228125
0 0.0984375 0.4734375 0.196875 0.246875
0 0.1734375 0.278125 0.196875 0.2375
0 0.70625 0.47421875 0.1453125 0.1515625
0 0.5125 0.8984375 0.1375 0.146875
0 0.55546875 0.79921875 0.1484375 0.1546875
0 0.6046875 0.6859375 0.14375 0.1546875
0 0.6546875 0.58046875 0.1390625 0.1421875
0 0.6953125 0.79296875 0.325 0.4140625
0 0.775 0.86484375 0.175 0.2703125