0 0.5865384609375 0.31640625 0.5859890109375 0.255859375 0.5799450546875 0.24658203125 0.4758241765625 0.24462890625 0.4700549453125 0.248046875 0.46895604375 0.2578125 0.4670329671875 0.314453125 0.46785714218749996 0.3173828125 0.5821428578125001 0.32080078125 0.5865384609375 0.31640625
0 0.5881868124999999 0.4013671875 0.5884615390625 0.32421875 0.5870879125 0.322265625 0.46785714218749996 0.31884765625 0.46483516406250003 0.322265625 0.4634615390625 0.3955078125 0.46456043906250005 0.3994140625 0.5615384609375 0.40283203125 0.5881868124999999 0.4013671875
0 0.5859890109375 0.48779296875 0.5892857140625 0.486328125 0.5890109890625 0.41943359375 0.5881868124999999 0.4091796875 0.5859890109375 0.40673828125 0.4700549453125 0.40869140625 0.4664835171875 0.40966796875 0.465384615625 0.41552734375 0.46428571406249997 0.48046875 0.46593406562500006 0.4833984375 0.4851648359375 0.48583984375 0.5859890109375 0.48779296875
0 0.5851648359375 0.56884765625 0.5887362640625 0.56396484375 0.590109890625 0.5439453125 0.590109890625 0.49267578125 0.58131868125 0.48486328125 0.465659340625 0.4892578125 0.46428571406249997 0.4912109375 0.46373626406249996 0.50341796875 0.46236263749999995 0.55908203125 0.46236263749999995 0.564453125 0.46373626406249996 0.56640625 0.5851648359375 0.56884765625
0 0.5870879125 0.658203125 0.5950549453125 0.6533203125 0.5947802203125 0.57666015625 0.5936813187500001 0.57470703125 0.4708791203125 0.568359375 0.46593406562500006 0.568359375 0.46373626406249996 0.57080078125 0.46043956093749994 0.64794921875 0.46043956093749994 0.65673828125 0.46181318750000006 0.6591796875 0.5870879125 0.658203125
0 0.6079670328125 0.74462890625 0.6085164828125 0.73876953125 0.6068681312499999 0.666015625 0.6052197796875001 0.662109375 0.477747253125 0.65771484375 0.4758241765625 0.65869140625 0.47527472499999995 0.66162109375 0.47390109843749995 0.71240234375 0.47307692343749996 0.74609375 0.47472527500000006 0.74755859375 0.6043956046875001 0.7470703125 0.6079670328125 0.74462890625
0 0.603571428125 0.85498046875 0.6118131875 0.8466796875 0.6085164828125 0.75146484375 0.4763736265625 0.75439453125 0.47527472499999995 0.75634765625 0.47472527500000006 0.79638671875 0.47445054999999997 0.84912109375 0.4760989015625 0.85107421875 0.600274725 0.85595703125 0.603571428125 0.85498046875
0 0.465384615625 0.3134765625 0.465384615625 0.251953125 0.46483516406250003 0.2470703125 0.4629120875 0.24462890625 0.3417582421875 0.240234375 0.340109890625 0.24267578125 0.33928571406249997 0.2666015625 0.3384615390625 0.314453125 0.46126373593750003 0.31787109375 0.46483516406250003 0.31591796875 0.465384615625 0.3134765625
0 0.459340659375 0.39794921875 0.46263736250000004 0.39599609375 0.46126373593750003 0.326171875 0.459615384375 0.32177734375 0.3387362640625 0.318359375 0.334340659375 0.32080078125 0.33269230781250003 0.388671875 0.33269230781250003 0.39208984375 0.334340659375 0.39453125 0.459340659375 0.39794921875
0 0.45686813125 0.48291015625 0.459890109375 0.4794921875 0.4615384609375 0.40966796875 0.4601648359375 0.40234375 0.334065934375 0.3984375 0.33214285781249997 0.40283203125 0.33049450625 0.4755859375 0.33049450625 0.48046875 0.33186813125 0.482421875 0.45686813125 0.48291015625
0 0.4571428578125 0.568359375 0.459615384375 0.56591796875 0.459340659375 0.4951171875 0.459065934375 0.490234375 0.4574175828125 0.4873046875 0.3299450546875 0.48388671875 0.328571428125 0.48681640625 0.328021978125 0.50537109375 0.3269230765625 0.56591796875 0.328846153125 0.568359375 0.44945055 0.56884765625 0.4571428578125 0.568359375
0 0.4601648359375 0.6572265625 0.4615384609375 0.57470703125 0.459890109375 0.57080078125 0.327472528125 0.57080078125 0.32554945 0.57421875 0.325 0.5966796875 0.324725275 0.65576171875 0.3263736265625 0.66015625 0.459065934375 0.6591796875 0.4601648359375 0.6572265625
0 0.4607142859375 0.67529296875 0.459615384375 0.66552734375 0.45631868124999997 0.6630859375 0.3873626375 0.6611328125 0.32582417656249996 0.6650390625 0.3241758234375 0.66845703125 0.322252746875 0.72265625 0.322527471875 0.75439453125 0.43104395625 0.75390625 0.46263736250000004 0.75146484375 0.4607142859375 0.67529296875
0 0.47335164843750005 0.85302734375 0.4763736265625 0.8486328125 0.47417582343750003 0.76220703125 0.47335164843750005 0.75537109375 0.47197802187500004 0.75390625 0.33131868125 0.75390625 0.32829670312500003 0.75830078125 0.3271978015625 0.78076171875 0.325 0.84521484375 0.32582417656249996 0.85400390625 0.44560439531249996 0.85498046875 0.47335164843750005 0.85302734375
0 0.31840659375 0.203125 0.3203296703125 0.1982421875 0.3203296703125 0.1435546875 0.31895604375 0.12890625 0.316208790625 0.126953125 0.1947802203125 0.125 0.1923076921875 0.126953125 0.1890109890625 0.13818359375 0.1868131875 0.1748046875 0.1862637359375 0.20263671875 0.1892857140625 0.20556640625 0.31401098906249997 0.2060546875 0.31840659375 0.203125
0 0.309890109375 0.287109375 0.3137362640625 0.28564453125 0.315659340625 0.27978515625 0.315934065625 0.21337890625 0.3145604390625 0.2109375 0.1923076921875 0.20703125 0.18763736250000002 0.20751953125 0.1862637359375 0.2099609375 0.1821428578125 0.279296875 0.1821428578125 0.28271484375 0.183791209375 0.28466796875 0.309890109375 0.287109375
0 0.3101648359375 0.3671875 0.31401098906249997 0.29638671875 0.3112637359375 0.2919921875 0.2958791203125 0.29150390625 0.1835164828125 0.29248046875 0.17967032968750002 0.29541015625 0.1766483515625 0.33544921875 0.17472527499999999 0.36669921875 0.177747253125 0.36962890625 0.3076923078125 0.3720703125 0.3101648359375 0.3671875
0 0.2925824171875 0.46142578125 0.30384615312499996 0.4599609375 0.30521977968749997 0.3984375 0.3049450546875 0.38037109375 0.303296703125 0.3779296875 0.2239010984375 0.3759765625 0.171978021875 0.37646484375 0.1697802203125 0.37841796875 0.1664835171875 0.447265625 0.1664835171875 0.45703125 0.1675824171875 0.45849609375 0.2925824171875 0.46142578125
0 0.2956043953125 0.55517578125 0.2983516484375 0.55126953125 0.30054945 0.5263671875 0.3013736265625 0.4658203125 0.2989010984375 0.46337890625 0.265934065625 0.462890625 0.165109890625 0.4638671875 0.1626373625 0.4697265625 0.1601648359375 0.51171875 0.1585164828125 0.5498046875 0.1618131875 0.5537109375 0.19395604375 0.55615234375 0.2956043953125 0.55517578125
0 0.2980769234375 0.6220703125 0.2986263734375 0.55810546875 0.29725274687500003 0.55517578125 0.24670329687499998 0.55517578125 0.1585164828125 0.55859375 0.15604395625 0.5625 0.1516483515625 0.61328125 0.14945055000000002 0.64599609375 0.15054945 0.65087890625 0.2958791203125 0.65185546875 0.2980769234375 0.6220703125
0 0.2873626375 0.7509765625 0.2887362640625 0.748046875 0.2898351640625 0.65771484375 0.2876373625 0.65478515625 0.2478021984375 0.65283203125 0.1609890109375 0.65478515625 0.14450549375 0.65771484375 0.1417582421875 0.6689453125 0.1384615390625 0.708984375 0.13626373593750002 0.744140625 0.1365384609375 0.74951171875 0.1381868125 0.75048828125 0.2873626375 0.7509765625
0 0.278021978125 0.85546875 0.278571428125 0.8525390625 0.2793956046875 0.7548828125 0.277747253125 0.75146484375 0.1296703296875 0.75146484375 0.128021978125 0.7529296875 0.1269230765625 0.75927734375 0.12005494531250001 0.84130859375 0.1206043953125 0.85693359375 0.1321428578125 0.85888671875 0.274725275 0.8583984375 0.278021978125 0.85546875
0 0.172527471875 0.27294921875 0.177747253125 0.224609375 0.17829670312499998 0.19482421875 0.177747253125 0.19189453125 0.1741758234375 0.19091796875 0.044230768749999996 0.189453125 0.0423076921875 0.193359375 0.040109890625 0.208984375 0.034890109375 0.2705078125 0.0357142859375 0.27294921875 0.1700549453125 0.275390625 0.172527471875 0.27294921875
0 0.1670329671875 0.35986328125 0.16813186875 0.3515625 0.172527471875 0.27880859375 0.1703296703125 0.2763671875 0.1629120875 0.27587890625 0.032967032812500005 0.275390625 0.031043956249999997 0.2783203125 0.0293956046875 0.28857421875 0.0241758234375 0.34765625 0.0239010984375 0.35888671875 0.025274724999999998 0.3603515625 0.165109890625 0.36181640625 0.1670329671875 0.35986328125
0 0.158791209375 0.451171875 0.16208791250000001 0.44287109375 0.1667582421875 0.3740234375 0.1640109890625 0.36572265625 0.158791209375 0.36376953125 0.0233516484375 0.36474609375 0.021153846875 0.3681640625 0.01923076875 0.376953125 0.0137362640625 0.43994140625 0.0137362640625 0.44921875 0.015659340625 0.451171875 0.15604395625 0.453125 0.158791209375 0.451171875
0 0.1456043953125 0.5458984375 0.146978021875 0.53564453125 0.150274725 0.45556640625 0.009340659375000001 0.45361328125 0.00659340625 0.46240234375 0.000274725 0.52294921875 0 0.54296875 0.0046703296875000005 0.54736328125 0.14423076875000002 0.54736328125 0.1456043953125 0.5458984375