0 0.6984375 0.62109375 0.13828125 0.08671875
0 0.69609375 0.52890625 0.13359375 0.08828125
0 0.69765625 0.71171875 0.13515625 0.0890625
0 0.85 0.80703125 0.13984375 0.090625
0 0.834375 0.53125 0.13046875 0.08359375
0 0.79921875 0.05390625 0.11484375 0.07109375
0 0.8453125 0.71015625 0.13828125 0.090625
0 0.8375 0.62109375 0.140625 0.08828125
0 0.70234375 0.80546875 0.1421875 0.09453125
0 0.43359375 0.83203125 0.0875 0.05546875
0 0.43515625 0.771875 0.08828125 0.0546875
0 0.81015625 0.20078125 0.1203125 0.075
0 0.82578125 0.4421875 0.134375 0.084375
0 0.8203125 0.359375 0.12421875 0.0796875
0 0.81484375 0.28125 0.12109375 0.07734375
0 0.80390625 0.12734375 0.12109375 0.07109375
0 0.1171875 0.83671875 0.08046875 0.05390625
0 0.3484375 0.54140625 0.07578125 0.05234375
0 0.52578125 0.7703125 0.08828125 0.05859375
0 0.52265625 0.8296875 0.090625 0.0578125
0 0.1171875 0.775 0.0828125 0.05703125
0 0.52890625 0.71328125 0.08671875 0.05546875
0 0.4359375 0.71953125 0.0890625 0.0546875
0 0.3453125 0.8421875 0.075 0.0359375
0 0.346875 0.5921875 0.07421875 0.04765625
0 0.43125 0.334375 0.06953125 0.0484375
0 0.52265625 0.6609375 0.0875 0.05546875
0 0.20625 0.78671875 0.08671875 0.05546875
0 0.51484375 0.61015625 0.0859375 0.053125
0 0.51015625 0.55859375 0.084375 0.05390625
0 0.13359375 0.56640625 0.08125 0.0546875
0 0.215625 0.3359375 0.078125 0.04609375
0 0.434375 0.66484375 0.08671875 0.0515625
0 0.21640625 0.5234375 0.08046875 0.046875
0 0.34765625 0.63984375 0.075 0.046875
0 0.12578125 0.6703125 0.08046875 0.04765625
0 0.1234375 0.72265625 0.0796875 0.053125
0 0.43046875 0.61015625 0.084375 0.0546875
0 0.50859375 0.50234375 0.08203125 0.05546875
0 0.0390625 0.77890625 0.071875 0.0515625
0 0.12890625 0.61875 0.08203125 0.053125
0 0.428125 0.38125 0.06953125 0.0421875
0 0.21640625 0.38359375 0.0828125 0.0421875
0 0.3453125 0.6890625 0.0828125 0.0515625
0 0.21640625 0.471875 0.08359375 0.05390625
0 0.20859375 0.728125 0.08671875 0.05546875
0 0.3515625 0.76875 0.0671875 0.03359375
0 0.2046875 0.84375 0.0859375 0.0578125
0 0.428125 0.559375 0.08125 0.04921875
0 0.21640625 0.57421875 0.08203125 0.05
0 0.34609375 0.80390625 0.0734375 0.034375
0 0.2171875 0.42578125 0.08359375 0.04140625
0 0.06484375 0.43125 0.0796875 0.0453125
0 0.21171875 0.675 0.08984375 0.053125
0 0.9390625 0.19375 0.12109375 0.0734375
0 0.42421875 0.46328125 0.0734375 0.0375
0 0.21484375 0.62421875 0.08359375 0.053125
0 0.35078125 0.421875 0.07265625 0.04453125
0 0.35234375 0.734375 0.07265625 0.03359375
0 0.065625 0.3875 0.08359375 0.040625
0 0.14140625 0.3890625 0.065625 0.03984375
0 0.42734375 0.50859375 0.08046875 0.0453125
0 0.42578125 0.4203125 0.07265625 0.046875
0 0.05546875 0.575 0.06640625 0.0421875
0 0.0578125 0.52734375 0.06796875 0.04140625
0 0.13359375 0.46875 0.07109375 0.04765625
0 0.13203125 0.5140625 0.07421875 0.04140625
0 0.34921875 0.4625 0.07265625 0.03515625
0 0.0484375 0.62265625 0.06640625 0.0484375
0 0.0109375 0.4328125 0.02109375 0.05
0 0.0625 0.47578125 0.07890625 0.0421875
0 0.0671875 0.346875 0.0796875 0.04609375
0 0.13828125 0.425 0.06640625 0.03984375
0 0.50078125 0.41171875 0.07421875 0.034375
0 0.35234375 0.38984375 0.06484375 0.02421875
0 0.9421875 0.2703125 0.1140625 0.07421875
0 0.3484375 0.5015625 0.07578125 0.0390625
0 0.9578125 0.61171875 0.08046875 0.08828125
0 0.95546875 0.5203125 0.0890625 0.0828125
0 0.04765625 0.6671875 0.07578125 0.03671875
0 0.953125 0.434375 0.09375 0.078125
0 0.50625 0.4578125 0.078125 0.040625
0 0.0421875 0.728125 0.07265625 0.04296875
0 0.009375 0.578125 0.01875 0.05078125
0 0.0375 0.84296875 0.071875 0.05234375
0 0.009375 0.52734375 0.01875 0.0515625
0 0.96640625 0.79921875 0.0671875 0.084375
0 0.95 0.35234375 0.09921875 0.078125
0 0.9625 0.70703125 0.075 0.0953125