0 0.8870562375000001 0.8515625 0.8988694234375 0.8505859375 0.903265028125 0.845703125 0.9049133796875 0.80517578125 0.9018914015625 0.75390625 0.8996936 0.74951171875 0.8068364562499999 0.74853515625 0.7697485453125 0.75 0.7617815125 0.7529296875 0.7609573359375 0.75732421875 0.7623309625 0.84375 0.7634298640625 0.845703125 0.8870562375000001 0.8515625
0 0.293100528125 0.6474609375 0.40024338437500007 0.64892578125 0.40875986875 0.64599609375 0.4115071203125 0.63525390625 0.4137049234375 0.60546875 0.4148038234375 0.55908203125 0.4137049234375 0.55419921875 0.406836790625 0.552734375 0.274693934375 0.5498046875 0.27167195624999996 0.55078125 0.268375253125 0.556640625 0.26617745 0.5849609375 0.265353275 0.63720703125 0.265902725 0.64111328125 0.269199428125 0.64501953125 0.293100528125 0.6474609375
0 0.40628683906249996 0.74267578125 0.41013299375 0.69921875 0.4117813453125 0.6513671875 0.266451675 0.64990234375 0.2648033234375 0.65234375 0.26315497187500003 0.6630859375 0.257385740625 0.72998046875 0.257385740625 0.74462890625 0.2617813453125 0.74658203125 0.40463848750000003 0.74658203125 0.40628683906249996 0.74267578125
0 0.39694526093750004 0.8525390625 0.4035386671875 0.8486328125 0.40518701874999996 0.841796875 0.408758446875 0.79736328125 0.4104067984375 0.75390625 0.40793427187500003 0.7490234375 0.265351853125 0.75146484375 0.2623298765625 0.75341796875 0.2601320734375 0.759765625 0.2571100953125 0.8017578125 0.2565606453125 0.83984375 0.258208996875 0.845703125 0.26123097500000003 0.84765625 0.39694526093750004 0.8525390625
0 0.9579670328125 0.3251953125 0.9607142859375 0.32177734375 0.9607142859375 0.31005859375 0.9560439562499999 0.25830078125 0.9549450546875 0.25146484375 0.9532967031249999 0.25 0.9178571421875 0.24560546875 0.853296703125 0.24462890625 0.8403846156249999 0.24560546875 0.8376373625 0.248046875 0.8368131875 0.25146484375 0.8337912093750001 0.28466796875 0.834065934375 0.306640625 0.8368131875 0.322265625 0.9579670328125 0.3251953125
0 0.9659340656250001 0.40625 0.9645604390625 0.3681640625 0.959340659375 0.32861328125 0.9579670328125 0.3271484375 0.8450549453124999 0.32421875 0.8414835171874999 0.32470703125 0.8398351640625 0.32861328125 0.8398351640625 0.3896484375 0.8417582421875001 0.4052734375 0.903571428125 0.4091796875 0.9659340656250001 0.40625
0 0.8873626375000001 0.48388671875 0.971428571875 0.48388671875 0.9667582421875001 0.408203125 0.9648351640625 0.40380859375 0.8445054937500001 0.40576171875 0.8442307687499999 0.41796875 0.8478021984374999 0.4736328125 0.85 0.48046875 0.8873626375000001 0.48388671875
0 0.85549450625 0.56884765625 0.978846153125 0.5703125 0.98131868125 0.56689453125 0.9763736265625 0.5078125 0.9719780218749999 0.4873046875 0.9697802203125001 0.484375 0.9494505500000001 0.48291015625 0.8631868125000001 0.48486328125 0.85631868125 0.486328125 0.8519230765625 0.49072265625 0.8513736265625 0.5146484375 0.852747253125 0.55810546875 0.853571428125 0.56640625 0.85549450625 0.56884765625
0 0.98049450625 0.66259765625 0.9947802203125 0.66064453125 0.9884615390624999 0.5859375 0.9854395609375001 0.5751953125 0.9513736265625001 0.57177734375 0.8978021984375 0.57177734375 0.8618131874999999 0.57470703125 0.8587912093750001 0.6201171875 0.8618131874999999 0.64990234375 0.8659340656250001 0.66064453125 0.98049450625 0.66259765625
0 1 0.6650390625 0.8986263734375 0.66015625 0.8870879125 0.6611328125 0.8821428578124999 0.66650390625 0.8840659343749999 0.74658203125 0.8851648359375 0.7490234375 0.9763736265625 0.74560546875 1 0.74267578125 1 0.6650390625
0 0.86868131875 0.75244140625 0.8651098906250001 0.69384765625 0.8623626375000001 0.6728515625 0.859340659375 0.666015625 0.8483516484375 0.6640625 0.7862637359375 0.6640625 0.7370879125 0.66650390625 0.7324175828125 0.66845703125 0.7332417578125 0.75537109375 0.734340659375 0.75732421875 0.8648351640625 0.75634765625 0.86868131875 0.75244140625
0 0.8629120875 0.662109375 0.8604877 0.6103515625 0.85686813125 0.57470703125 0.7296703296875 0.57470703125 0.7263736265625 0.57763671875 0.7258241765625 0.58251953125 0.7266483515625 0.65869140625 0.7271978015625 0.662109375 0.7302197796875001 0.6650390625 0.8629120875 0.662109375
0 0.8505494499999999 0.572265625 0.8546703296875 0.5693359375 0.8521978015625 0.51806640625 0.85 0.49462890625 0.8480769234375 0.49072265625 0.7326923078124999 0.48681640625 0.7233516484375 0.4892578125 0.721978021875 0.49853515625 0.722527471875 0.56201171875 0.72445055 0.5712890625 0.8351648359375 0.57275390625 0.8505494499999999 0.572265625
0 0.8392857140625001 0.484375 0.8442307687499999 0.482421875 0.8458791203124999 0.4775390625 0.846153846875 0.45751953125 0.8442307687499999 0.4189453125 0.8425824171875 0.40576171875 0.8395604390625 0.40283203125 0.7329670328125 0.3994140625 0.7175824171875 0.39990234375 0.715659340625 0.40234375 0.715659340625 0.44189453125 0.7167582421875001 0.48193359375 0.7178571421875 0.4833984375 0.8392857140625001 0.484375
0 0.8417582421875001 0.4033203125 0.8395604390625 0.34521484375 0.8370879125 0.333984375 0.8324175828125 0.32666015625 0.7200549453125 0.32373046875 0.7145604390625 0.32763671875 0.7134615390625 0.3388671875 0.7140109890625 0.38720703125 0.7159340656250001 0.40087890625 0.8109890109375 0.40478515625 0.8417582421875001 0.4033203125
0 0.77421875 0.28515625 0.12109375 0.08203125
0 0.70659340625 0.21533203125 0.703296703125 0.1376953125 0.5835164828125 0.13720703125 0.5766483515624999 0.1396484375 0.5739010984374999 0.1533203125 0.5736263734375 0.16650390625 0.578571428125 0.216796875 0.7049450546875 0.21728515625 0.70659340625 0.21533203125
0 0.70659340625 0.29638671875 0.7079670328125001 0.2939453125 0.7076923078124999 0.25 0.70631868125 0.22216796875 0.7049450546875 0.21875 0.577472528125 0.2177734375 0.577747253125 0.29150390625 0.5793956046875001 0.29345703125 0.70054945 0.296875 0.70659340625 0.29638671875
0 0.7008241765625 0.38134765625 0.7134615390625 0.3798828125 0.7118131875 0.306640625 0.7109890109375 0.30078125 0.709340659375 0.298828125 0.596703296875 0.2939453125 0.58049450625 0.2939453125 0.578846153125 0.2958984375 0.578571428125 0.34130859375 0.5796703296875 0.373046875 0.58159340625 0.37841796875 0.7008241765625 0.38134765625
0 0.7170329671875 0.46923828125 0.715384615625 0.39990234375 0.7148351640625 0.38916015625 0.7134615390625 0.38720703125 0.6521978015625 0.384765625 0.583791209375 0.38525390625 0.58131868125 0.38623046875 0.5802197796875 0.39111328125 0.5796703296875 0.43798828125 0.58076923125 0.46533203125 0.58186813125 0.46826171875 0.7170329671875 0.46923828125
0 0.6554945062499999 0.5615234375 0.7200549453125 0.5595703125 0.71813186875 0.498046875 0.7159340656250001 0.4697265625 0.6340659343749999 0.46923828125 0.5793956046875001 0.4716796875 0.5799450546875 0.54931640625 0.58131868125 0.55908203125 0.5851648359375 0.56103515625 0.6554945062499999 0.5615234375
0 0.728846153125 0.6552734375 0.7247252750000001 0.56005859375 0.6013736265625 0.560546875 0.5865384609375 0.56103515625 0.584065934375 0.56396484375 0.5832417578125 0.61279296875 0.5851648359375 0.65625 0.7258241765625 0.658203125 0.728846153125 0.6552734375
0 0.7241758234375 0.67236328125 0.7230769234375 0.66015625 0.7208791203125 0.65771484375 0.58131868125 0.65771484375 0.5802197796875 0.6591796875 0.578571428125 0.71240234375 0.5791208796875 0.7568359375 0.7241758234375 0.7578125 0.7280219781249999 0.755859375 0.7241758234375 0.67236328125
0 0.72445055 0.759765625 0.721428571875 0.75439453125 0.5758241765625 0.755859375 0.57554945 0.85986328125 0.7173076921875 0.86181640625 0.7260989015625 0.859375 0.72445055 0.759765625
0 0.56895604375 0.85986328125 0.575 0.8583984375 0.5760989015625 0.76513671875 0.57554945 0.755859375 0.57445055 0.75439453125 0.42939560468750004 0.75244140625 0.4236263734375 0.755859375 0.42225274687500003 0.76123046875 0.4203296703125 0.8134765625 0.42060439531249993 0.849609375 0.42225274687500003 0.857421875 0.56895604375 0.85986328125
0 0.5733516484375001 0.75537109375 0.5760989015625 0.75341796875 0.5758241765625 0.666015625 0.5733516484375001 0.6591796875 0.43131868124999995 0.65478515625 0.4260989015625 0.6572265625 0.42445055 0.71875 0.42445055 0.751953125 0.4258241765625 0.75439453125 0.5733516484375001 0.75537109375
0 0.5791208796875 0.65478515625 0.58049450625 0.65234375 0.5796703296875 0.56640625 0.5791208796875 0.55859375 0.5771978015625 0.55615234375 0.4373626375 0.5556640625 0.43296703281250004 0.56103515625 0.43214285781250006 0.57470703125 0.43104395625 0.62109375 0.43214285781250006 0.6513671875 0.433791209375 0.65380859375 0.5791208796875 0.65478515625
0 0.5802197796875 0.5517578125 0.5791208796875 0.466796875 0.5771978015625 0.4638671875 0.440659340625 0.462890625 0.4357142859375 0.4677734375 0.433791209375 0.5009765625 0.43406593437499996 0.55322265625 0.4362637359375 0.556640625 0.578571428125 0.55615234375 0.5802197796875 0.5517578125
0 0.58076923125 0.46044921875 0.58076923125 0.416015625 0.578846153125 0.37353515625 0.447252746875 0.37353515625 0.44285714218749994 0.375 0.4398351640625 0.37939453125 0.4390109890625 0.4619140625 0.440659340625 0.46435546875 0.5791208796875 0.46337890625 0.58076923125 0.46044921875
0 0.5793956046875001 0.3701171875 0.578846153125 0.29345703125 0.578296703125 0.287109375 0.5769230765625 0.28515625 0.447252746875 0.28466796875 0.4447802203125 0.28564453125 0.44203296718749996 0.29052734375 0.44038461562500003 0.318359375 0.44093406562500004 0.36962890625 0.44230769218750005 0.37109375 0.5771978015625 0.3720703125 0.5793956046875001 0.3701171875
0 0.577747253125 0.20849609375 0.5766483515624999 0.20361328125 0.5491758234375 0.20068359375 0.45659340625 0.201171875 0.446153846875 0.20263671875 0.44313186875 0.20751953125 0.44313186875 0.27587890625 0.44423076874999995 0.28662109375 0.578021978125 0.28515625 0.577747253125 0.20849609375
0 0.28186813125 0.20556640625 0.28351648281249997 0.2021484375 0.28516483593749997 0.17822265625 0.2868131875 0.1328125 0.284615384375 0.126953125 0.159065934375 0.12353515625 0.15631868124999998 0.12744140625 0.1549450546875 0.13525390625 0.1521978015625 0.1650390625 0.15 0.19482421875 0.15 0.201171875 0.1516483515625 0.203125 0.28186813125 0.20556640625
0 0.2796703296875 0.28369140625 0.28159340624999996 0.265625 0.2829670328125 0.2109375 0.27994505468750003 0.2080078125 0.25412087968749997 0.2060546875 0.153571428125 0.205078125 0.1508241765625 0.2080078125 0.15 0.2119140625 0.146428571875 0.2548828125 0.1458791203125 0.27978515625 0.14945055000000002 0.28515625 0.27719780156249996 0.28662109375 0.2796703296875 0.28369140625
0 0.2741758234375 0.37255859375 0.278021978125 0.37109375 0.2796703296875 0.3681640625 0.2793956046875 0.29345703125 0.2760989015625 0.28955078125 0.15054945 0.2890625 0.1478021984375 0.29052734375 0.146153846875 0.29541015625 0.1425824171875 0.3291015625 0.14065934062500002 0.35986328125 0.14065934062500002 0.36669921875 0.1425824171875 0.369140625 0.2741758234375 0.37255859375
0 0.27280219843750003 0.46044921875 0.2741758234375 0.45166015625 0.277747253125 0.3857421875 0.27554945000000003 0.3740234375 0.2730769234375 0.3720703125 0.1425824171875 0.3720703125 0.1384615390625 0.3740234375 0.1368131875 0.3779296875 0.134340659375 0.40869140625 0.1324175828125 0.45751953125 0.134615384375 0.46044921875 0.2708791203125 0.4619140625 0.27280219843750003 0.46044921875
0 0.26840659375000003 0.5498046875 0.2706043953125 0.4658203125 0.26840659375000003 0.4638671875 0.1324175828125 0.4638671875 0.1302197796875 0.4677734375 0.1291208796875 0.4765625 0.12445055000000001 0.53662109375 0.12445055000000001 0.55078125 0.1302197796875 0.55322265625 0.266208790625 0.55419921875 0.26840659375000003 0.5498046875
0 0.2582417578125 0.64892578125 0.2629120875 0.6455078125 0.26538461562500004 0.63720703125 0.2667582421875 0.55908203125 0.253571428125 0.55712890625 0.1263736265625 0.5595703125 0.1239010984375 0.5615234375 0.1228021984375 0.5673828125 0.12005494531250001 0.60205078125 0.11840659375 0.64208984375 0.11840659375 0.6474609375 0.11978022031249999 0.64892578125 0.2582417578125 0.64892578125
0 0.258791209375 0.74853515625 0.259340659375 0.74365234375 0.26126373593749996 0.65576171875 0.25906593437500003 0.65185546875 0.11895604374999999 0.65380859375 0.11565934062500001 0.6572265625 0.11456043906249999 0.66357421875 0.1104395609375 0.720703125 0.10989010937499999 0.7470703125 0.1167582421875 0.751953125 0.2552197796875 0.751953125 0.258791209375 0.74853515625
0 0.2576923078125 0.7578125 0.25631868125 0.755859375 0.11071428593749999 0.75537109375 0.108791209375 0.7578125 0.10329670312499999 0.8330078125 0.103021978125 0.8505859375 0.10659340625 0.8525390625 0.253846153125 0.8525390625 0.2576923078125 0.7578125
0 0.14423076875000002 0.1220703125 0.147252746875 0.11083984375 0.14945055000000002 0.05908203125 0.14752747187499998 0.05419921875 0.141208790625 0.05126953125 0.024725274999999998 0.0498046875 0.022802198437499997 0.05322265625 0.0203296703125 0.06640625 0.015109890625 0.115234375 0.015109890625 0.12451171875 0.018681318750000002 0.12646484375 0.13983516406250002 0.126953125 0.14423076875000002 0.1220703125
0 0.1354395609375 0.20703125 0.1373626375 0.20556640625 0.1384615390625 0.2001953125 0.1425824171875 0.13232421875 0.14148351718750002 0.12841796875 0.13956043906249999 0.1279296875 0.0131868125 0.12890625 0.0112637359375 0.13232421875 0.00659340625 0.1689453125 0.003296703125 0.20263671875 0.003571428125 0.2060546875 0.0052197796875 0.20751953125 0.1354395609375 0.20703125