0 0.8663246250000001 0.3856219578125 0.8740473140624999 0.4308693703125 0.9558416671875 0.41000453437499995 0.9467969296875 0.36694398281249996 0.8663246250000001 0.3856219578125
0 0.9685005421874999 0.4653462234375 0.9552674624999999 0.4239377765625 0.8815435015625 0.43956944531250003 0.8868745765625 0.4802519765625 0.9685005421874999 0.4653462234375
0 0.9803109109375001 0.51884483125 0.96917990625 0.47314850625 0.89445505 0.48597249531250003 0.9023588281249999 0.5391011109375 0.9803109109375001 0.51884483125
0 0.9884076171875 0.5699654187500001 0.9827868140625 0.5204301578125 0.90502765625 0.5386784109375 0.909385403125 0.58347004375 0.9884076171875 0.5699654187500001
0 1 0.577457728125 0.9990223921875 0.570261675 0.9146838453124999 0.5855970593750001 0.9200832109375 0.630223715625 1 0.6203339453125001 1 0.577457728125
0 1 0.6227018546875 0.92372266875 0.6365684296875 0.9330476234375 0.6874944828125 1 0.6760913859375 1 0.6227018546875
0 1 0.6853204546875 0.93682976875 0.6938165984375 0.94733389375 0.7425784171875 1 0.737583 1 0.6853204546875
0 1 0.7417910937500001 0.9505736375 0.748986440625 0.957769540625 0.7873961406250001 1 0.7882445515625001 1 0.7417910937500001
0 0.866651221875 0.41226608750000004 0.861488721875 0.36562444374999997 0.7777908375 0.38481329999999997 0.7891976015625 0.43244341875 0.866651221875 0.41226608750000004
0 0.884494425 0.46876412968750003 0.8768560234375 0.4205371609375 0.7959984296875 0.44026489375000005 0.7994089359375 0.4861952890625 0.884494425 0.46876412968750003
0 0.8997979656249999 0.519732003125 0.89239661875 0.46949001562500003 0.806434075 0.4850826171875 0.8117081828125 0.5287403765625001 0.8997979656249999 0.519732003125
0 0.91044301875 0.5763813843750001 0.8991710875000001 0.522797496875 0.8159171562499999 0.5379610953125 0.8225436703125 0.5903032734375 0.91044301875 0.5763813843750001
0 0.9174703484375 0.620750196875 0.9105957874999999 0.577345925 0.8239339187500001 0.5920605515624999 0.8311400171875001 0.637389784375 0.9174703484375 0.620750196875
0 0.9295711093750001 0.68310143125 0.9229489375 0.6307585640625 0.8341851828125 0.6497610390624999 0.8401278015625 0.6943016531249999 0.9295711093750001 0.68310143125
0 0.942297803125 0.7423873203125 0.935997446875 0.6850498046875 0.8465339890625 0.7031743671874999 0.853087209375 0.7515732125000001 0.942297803125 0.7423873203125
0 0.9557519437499999 0.78870443125 0.9501996203124999 0.743113265625 0.8581276421874999 0.751763621875 0.86672219375 0.7988504171875 0.9557519437499999 0.78870443125
0 0.801498265625 0.47498828125000003 0.7957088875 0.4314121328125 0.7086412 0.45410091875 0.7186187312500001 0.49602499375000003 0.801498265625 0.47498828125000003
0 0.8086625578125 0.527245284375 0.801651034375 0.475952821875 0.7246557171875 0.499023771875 0.72951268125 0.5437363359375 0.8086625578125 0.527245284375
0 0.8225591937500001 0.5833796671875 0.8136143609375001 0.5304159390625001 0.73088759375 0.552417190625 0.7370509890625 0.6018665140625 0.8225591937500001 0.5833796671875
0 0.8291650859375 0.6426462609375 0.8192193578125 0.5868748515625 0.7356444625 0.6070329625 0.7435509796875001 0.6601611453125 0.8291650859375 0.6426462609375
0 0.8395006390624999 0.6973671921875 0.8291650859375 0.6426462609375 0.74241893125 0.66034044375 0.7515626421875 0.7142614078125 0.8395006390624999 0.6973671921875
0 0.8518492562500001 0.75078055 0.8455376265625001 0.70036596875 0.7541450125 0.7168186078125001 0.76299861875 0.7618869015625 0.8518492562500001 0.75078055
0 0.8628963531249999 0.7994563703125 0.8547879953124999 0.7552587765625 0.7655420562499999 0.7674164734375 0.7715080828125 0.8159083218750001 0.8628963531249999 0.7994563703125
0 0.746038665625 0.7358997656249999 0.737862203125 0.6877580156249999 0.6593548765625 0.7081022390625 0.666419209375 0.7564201328125 0.746038665625 0.7358997656249999
0 0.7450055234375 0.89129486875 0.712692065625 0.7500799671875 0.6904458140624999 0.753603428125 0.7234332015625 0.89866653125 0.7450055234375 0.89129486875
0 0.7008458359375 0.91410884375 0.720314803125 0.9070703203124999 0.6947509671875001 0.7667638546875 0.6753704421875 0.7708221640625 0.7008458359375 0.91410884375
0 0.5718397625 0.6754927046875 0.580563346875 0.7235477984375 0.65352346875 0.7030934296875 0.647392021875 0.653639046875 0.5718397625 0.6754927046875
0 0.660687759375 0.755350434375 0.6547456125 0.7108097453125 0.578155925 0.7259065671875 0.5855068609375 0.7722015953125 0.660687759375 0.755350434375
0 0.6738047484374999 0.8135857703125 0.6674201046875 0.7592278125 0.5877524796875 0.7758008671875001 0.5967734124999999 0.8257863359375 0.6738047484374999 0.8135857703125
0 0.6886454546875 0.8616607437500001 0.6790778953125 0.8117618515625 0.6030308015625 0.826772734375 0.6085673171875 0.8792875515624999 0.6886454546875 0.8616607437500001
0 0.700918378125 0.9180522953124999 0.688259784375 0.8627105625 0.6114330421874999 0.8798223999999999 0.616679921875 0.9304056218750001 0.700918378125 0.9180522953124999
0 0.44500625937500005 0.21456135 0.43880756249999997 0.2140600234375 0.31798356562499996 0.23270229687500002 0.31650027812500003 0.23738653593749998 0.31766423593750004 0.25351631874999997 0.32214909999999997 0.308175171875 0.323455628125 0.312911915625 0.449163796875 0.29349606562499997 0.453004790625 0.291404609375 0.454021775 0.2872885921875 0.448009228125 0.2229843453125 0.44500625937500005 0.21456135
0 0.4660469375 0.3649772 0.46607892812499996 0.3511298359375 0.46381939843750003 0.32281438125 0.4606876546875 0.3030413234375 0.45856709999999995 0.298433509375 0.45504763906249995 0.2955303625 0.4471445 0.2948046265625 0.3272531078125 0.3123104546875 0.3253115140625 0.314101075 0.32498998281249997 0.319095678125 0.3284476640625 0.3655129703125 0.3318347546875 0.392166734375 0.3350828734375 0.39511285625000003 0.4645134609375 0.374613065625 0.4660469375 0.3649772
0 0.348799021875 0.562508565625 0.3503267015625 0.572153959375 0.35485515 0.5744029312500001 0.489169909375 0.5531295625 0.49193352968750004 0.5477481703125 0.49148102031249996 0.5255732921875 0.4805341140625 0.46699424843750004 0.344404334375 0.48558888125 0.34315819687500004 0.4882580890625 0.348799021875 0.562508565625
0 0.497759465625 0.558195890625 0.4954781453125 0.5560853781249999 0.359306175 0.5761697953125 0.357127434375 0.5799754484374999 0.35951794062500003 0.635460384375 0.3624307328125 0.6661442109375 0.3680023609375 0.6697110609375 0.506658609375 0.64775006875 0.509422228125 0.6423686765625 0.5083004609375 0.624749109375 0.50556663125 0.60046371875 0.497759465625 0.558195890625
0 0.5402879515625 0.83374401875 0.5308563234375 0.756633371875 0.5266835999999999 0.7513618531249999 0.50738405625 0.7524411296875 0.389655409375 0.7730649859375001 0.3865440640625 0.778007084375 0.386709234375 0.8071486203125 0.3921608953125 0.862643084375 0.394476409375 0.866725653125 0.4404861359375 0.8604271640625001 0.5349978656250001 0.8424917703125001 0.5397714609375 0.8392638671875 0.5402879515625 0.83374401875
0 0.4711698421875 0.382951784375 0.4675739984375 0.37956636875 0.463893771875 0.3791605234375 0.33241101562500003 0.3989966109375 0.33093572656250003 0.40021900937500005 0.330927728125 0.40368085000000004 0.3355289671875 0.44151276875 0.34112319687500003 0.48561419375000003 0.343056790625 0.4872854140625 0.47907599375 0.46623645625 0.48152607812500003 0.46238782812499996 0.48054908125000007 0.4491946390625 0.4711698421875 0.382951784375
0 0.5137157390625 0.65157600625 0.5117057609375 0.6494225171875 0.368589453125 0.6730786484375 0.3675382734375 0.6752226109375 0.37147825 0.7141479984375 0.3767589484375 0.7597821859375 0.37767555625 0.765569421875 0.3799910703125 0.769651990625 0.5263213046875 0.7469699249999999 0.5284236625000001 0.742682003125 0.515709721875 0.660653178125 0.5137157390625 0.65157600625
0 0.3119023125 0.30287695625 0.320593284375 0.29803986718750003 0.32176303906250003 0.2948883890625 0.3160822234375 0.2379471171875 0.31146719218749996 0.2228582984375 0.3074050453125 0.22004110468750002 0.2604023265625 0.22007008906249997 0.2283838578125 0.225141315625 0.1853851 0.236400959375 0.176270015625 0.2403164859375 0.17560075625 0.2448717953125 0.181518721875 0.2997980359375 0.1851931515625 0.319485140625 0.1878221984375 0.322034946875 0.3119023125 0.30287695625
0 0.31776348125 0.3152965671875 0.312479190625 0.3047630578125 0.1817340796875 0.32398794531249997 0.179868871875 0.3262608375 0.1809484484375 0.345370190625 0.18767244375 0.4036293421875 0.19134467187499998 0.407497028125 0.3163151984375 0.3886923765625 0.32426852500000003 0.3844664875 0.325980965625 0.3812290578125 0.324443084375 0.3592260859375 0.31776348125 0.3152965671875
0 0.3232093484375 0.3900722890625 0.317866871875 0.3879522484375 0.1865368828125 0.40875287499999996 0.1836626875 0.41167994218750004 0.1855061046875 0.4356119921875 0.1929677453125 0.49325994531250006 0.1954440234375 0.4948452125 0.322432525 0.47473220937500005 0.332166678125 0.471213 0.333607775 0.46801854687500005 0.326017359375 0.39902053125000003 0.3232093484375 0.3900722890625
0 0.3425331125 0.5630066203124999 0.34482243125 0.5616552921875 0.34568665 0.5565747359375 0.336281215625 0.48489798593750005 0.3331596703125 0.47748250625 0.326697628125 0.473562315625 0.192069334375 0.4963684453125 0.1912313109375 0.5068828984375 0.193040534375 0.52884289375 0.198458003125 0.5823653015625 0.201740315625 0.5872834796874999 0.206192378125 0.58905018125 0.2607323125 0.5804119046875 0.3425331125 0.5630066203124999
0 0.3567929296875 0.6635765765625 0.3580390671875 0.66090736875 0.35787610000000003 0.6475852515625 0.3487921984375 0.5709138984375 0.3448144328125 0.565117134375 0.34132916562500004 0.5641860421875 0.198942503125 0.590692815625 0.19906327968749998 0.60550471875 0.2062033875 0.668147275 0.208257759375 0.6846303984375 0.20987782031250002 0.6878343796874999 0.2118536046875 0.6880158140625 0.331863571875 0.6695024703125 0.3567929296875 0.6635765765625
0 0.3730627265625 0.766300021875 0.3735370265625 0.7622699578125001 0.36247513750000004 0.6695977515625 0.35667435625 0.6645840921875 0.2102597390625 0.6902457281250001 0.20940351875 0.69186444375 0.21345407500000002 0.73324415625 0.2188453484375 0.78133266875 0.21991472500000003 0.7880844437500001 0.22269654062500002 0.7915987890625 0.2730055640625 0.7861024624999999 0.368831815625 0.769441971875 0.3730627265625 0.766300021875
0 0.385228184375 0.8676960593749999 0.3743270609375 0.7725265515624999 0.366813840625 0.770750321875 0.22071275781250002 0.794879196875 0.21931385312499999 0.7965838640625 0.21909489999999998 0.8074946328125 0.22105689218750002 0.8304191671875 0.2268220875 0.8843808687499999 0.228773878125 0.8949478265625 0.23097881562499997 0.8965760703125 0.38044659062499997 0.8743858031249999 0.3844061578125 0.8712868296874999 0.385228184375 0.8676960593749999
0 0.1396703546875 0.53432969375 0.14471529375 0.5310588140625 0.14988680468749999 0.5233185796875001 0.1503850984375 0.50890299375 0.1446576890625 0.42181266875 0.139232221875 0.3717521015625 0.13157423125 0.3655494921875 0.12479865625 0.3631620625 0.0241304203125 0.3791063453125 0.01308174375 0.3813506515625 0.006018828125 0.38592988125 0.0022040328125000003 0.393455234375 0.0120503828125 0.5258693828125 0.015377085937500002 0.54511719375 0.025943465625000002 0.5503647921875 0.1396703546875 0.53432969375