0 0.578125 0.2609375 0.19375 0.1640625
0 0.6296875 0.3640625 0.2 0.1734375
0 0.6796875 0.46484375 0.1890625 0.1609375
0 0.72265625 0.55859375 0.1875 0.1609375
0 0.76875 0.65078125 0.1765625 0.1484375
0 0.8125 0.73671875 0.1796875 0.1515625
0 0.67734375 0.08046875 0.1953125 0.1609375
0 0.73203125 0.178125 0.2015625 0.175
0 0.77890625 0.2828125 0.184375 0.1578125
0 0.825 0.384375 0.1875 0.159375
0 0.86640625 0.47890625 0.18125 0.1546875
0 0.90859375 0.56953125 0.1828125 0.1546875
0 0.9328125 0.66015625 0.134375 0.1421875
0 0.478125 0.45859375 0.2015625 0.1703125
0 0.53125 0.55703125 0.196875 0.16875
0 0.58046875 0.653125 0.1890625 0.15625
0 0.63046875 0.74453125 0.1828125 0.1515625
0 0.675 0.8296875 0.1828125 0.153125
0 0.3734375 0.63359375 0.190625 0.159375
0 0.428125 0.7265625 0.19375 0.165625
0 0.47890625 0.815625 0.1859375 0.15625
0 0.52578125 0.90234375 0.184375 0.153125
0 0.7529652921875 0 0.7820711421875 0.062682896875 0.8215869328125001 0.039789821875 0.800430309375 0 0.7529652921875 0
0 0.8478634062499999 0.19234265781249998 0.892199390625 0.172592540625 0.8245890109375 0.045435907812499995 0.791879884375 0.0637595515625 0.8478634062499999 0.19234265781249998
0 0.9056609874999999 0.3210098859375 0.95710048125 0.2946537375 0.8958307281250001 0.1794220921875 0.8541551421875001 0.20158139375 0.9056609874999999 0.3210098859375
0 1 0.3753359984375 0.9601657187500001 0.3004186125 0.9083730250000001 0.3279572765625 0.9510612515625001 0.43634404218749995 1 0.41488887500000005 1 0.3753359984375
0 1 0.4271016625 0.9646065921875 0.445920671875 1 0.5302296531249999 1 0.4271016625