0 0.30703125 0.71484375 0.0890625 0.059375
0 0.48359375 0.67265625 0.0859375 0.0546875
0 0.2109375 0.834375 0.0875 0.0625
0 0.48671875 0.6203125 0.0859375 0.0546875
0 0.48359375 0.72421875 0.0890625 0.0578125
0 0.3140625 0.66171875 0.0859375 0.053125
0 0.303125 0.7703125 0.0890625 0.05625
0 0.23203125 0.61484375 0.08125 0.0546875
0 0.48828125 0.56875 0.0859375 0.0546875
0 0.48125 0.78515625 0.084375 0.059375
0 0.71875 0.7796875 0.0921875 0.05625
0 0.3171875 0.56015625 0.0828125 0.05
0 0.21953125 0.771875 0.0796875 0.05625
0 0.3140625 0.6078125 0.0859375 0.05625
0 0.7171875 0.8375 0.0921875 0.05625
0 0.22890625 0.66796875 0.08125 0.0515625
0 0.62578125 0.69375 0.0875 0.0578125
0 0.40234375 0.61015625 0.084375 0.0546875
0 0.6953125 0.33671875 0.0734375 0.0546875
0 0.23984375 0.51484375 0.084375 0.0546875
0 0.40234375 0.5578125 0.0828125 0.053125
0 0.721875 0.72265625 0.0890625 0.0609375
0 0.4890625 0.46875 0.090625 0.05625
0 0.4875 0.5171875 0.084375 0.053125
0 0.225 0.71875 0.08125 0.0546875
0 0.4 0.66015625 0.0859375 0.0515625
0 0.809375 0.83828125 0.0921875 0.0609375
0 0.62890625 0.84609375 0.078125 0.0375
0 0.625 0.640625 0.0796875 0.0515625
0 0.29921875 0.83125 0.0875 0.05625
0 0.3953125 0.7703125 0.0890625 0.0578125
0 0.621875 0.59375 0.0796875 0.053125
0 0.403125 0.5046875 0.078125 0.046875
0 0.403125 0.4578125 0.0765625 0.0484375
0 0.32265625 0.459375 0.0859375 0.0546875
0 0.3921875 0.83046875 0.0921875 0.05625
0 0.71015625 0.6171875 0.0890625 0.05625
0 0.3953125 0.71640625 0.084375 0.0546875
0 0.48671875 0.41640625 0.0828125 0.046875
0 0.71484375 0.6703125 0.0875 0.0578125
0 0.61875 0.54296875 0.0765625 0.0515625
0 0.70390625 0.5625 0.0875 0.05625
0 0.3234375 0.409375 0.0859375 0.05625
0 0.24140625 0.465625 0.0765625 0.0515625
0 0.32109375 0.51015625 0.08125 0.053125
0 0.7921875 0.5625 0.0875 0.059375
0 0.48671875 0.371875 0.08125 0.0453125
0 0.23671875 0.5640625 0.0828125 0.05
0 0.81171875 0.77890625 0.0921875 0.0609375
0 0.321875 0.325 0.08125 0.046875
0 0.95234375 0.540625 0.0953125 0.084375
0 0.48125 0.8421875 0.0890625 0.059375
0 0.63046875 0.7375 0.0796875 0.040625
0 0.809375 0.721875 0.090625 0.059375
0 0.48515625 0.325 0.0796875 0.05
0 0.69296875 0.4234375 0.0703125 0.046875
0 0.61953125 0.41484375 0.0765625 0.0546875
0 0.40625 0.41484375 0.0734375 0.0453125
0 0.03125 0.4875 0.0625 0.05
0 0.01484375 0.76875 0.0296875 0.05625
0 0.02890625 0.54609375 0.0578125 0.0515625
0 0.80390625 0.6671875 0.0890625 0.0578125
0 0.63046875 0.77578125 0.0765625 0.034375
0 0.02578125 0.603125 0.0515625 0.05625
0 0.321875 0.36484375 0.084375 0.0484375
0 0.6921875 0.38203125 0.0734375 0.0421875
0 0.95078125 0.63125 0.0890625 0.084375
0 0.703125 0.509375 0.084375 0.053125
0 0.0171875 0.71171875 0.034375 0.0515625
0 0.10625 0.50703125 0.0859375 0.0546875
0 0.03359375 0.43828125 0.065625 0.0515625
0 0.40390625 0.37421875 0.075 0.046875
0 0.78828125 0.509375 0.0890625 0.059375
0 0.11171875 0.45390625 0.0859375 0.0578125
0 0.63046875 0.80703125 0.0734375 0.0375
0 0.7984375 0.61640625 0.0875 0.0578125
0 0.69609375 0.465625 0.075 0.0453125
0 0.07890625 0.721875 0.0921875 0.0578125
0 0.62109375 0.46640625 0.0734375 0.046875
0 0.24140625 0.42421875 0.0703125 0.04375
0 0.021875 0.65859375 0.04375 0.0578125
0 0.95 0.725 0.0828125 0.0890625
0 0.06953125 0.77890625 0.0875 0.0609375
0 0.08359375 0.6671875 0.08125 0.0515625
0 0.765625 0.4203125 0.071875 0.0390625
0 0.0625 0.8375 0.078125 0.0515625
0 0.01171875 0.83125 0.0234375 0.05625
0 0.08984375 0.61640625 0.0828125 0.0546875
0 0.1 0.5640625 0.084375 0.05625
0 0.77109375 0.4625 0.071875 0.04375
0 0.9515625 0.81796875 0.0765625 0.0890625
0 0.6171875 0.5046875 0.0703125 0.0421875