0 0.54140625 0.64609375 0.1484375 0.1421875
0 0.39921875 0.61484375 0.13125 0.1640625
0 0.40234375 0.784375 0.1375 0.1734375
0 0.54609375 0.79609375 0.1546875 0.1453125
0 0.39609375 0.4515625 0.128125 0.15625
0 0.53671875 0.503125 0.1390625 0.1359375
0 0.15546875 0.21328125 0.1046875 0.0921875
0 0.1640625 0.309375 0.0828125 0.0859375
0 0.165625 0.40703125 0.084375 0.0890625
0 0.07109375 0.5046875 0.08125 0.090625
0 0.165625 0.50234375 0.0890625 0.0921875
0 0.0671875 0.6109375 0.0953125 0.1015625
0 0.159375 0.828125 0.0953125 0.109375
0 0.07734375 0.3140625 0.075 0.08125
0 0.16484375 0.609375 0.0921875 0.1015625
0 0.07265625 0.4078125 0.08125 0.084375
0 0.02890625 0.22265625 0.0578125 0.0890625
0 0.1609375 0.71484375 0.090625 0.1
0 0.06640625 0.83515625 0.0921875 0.10625
0 0.06484375 0.72109375 0.090625 0.103125
0 0.01640625 0.315625 0.0328125 0.08125
0 0.01484375 0.41015625 0.0296875 0.0828125
0 0.0328125 0.12578125 0.065625 0.0828125
0 0.0125 0.61328125 0.0203125 0.1046875
0 0.0140625 0.509375 0.0265625 0.0875
0 0.92421875 0.31640625 0.1375 0.040625
0 0.86171875 0.59609375 0.2765625 0.4953125
0 0.01484375 0.72421875 0.0171875 0.103125
0 0.0171875 0.8328125 0.015625 0.1078125