0 0.5547321015625 0.5226043328125 0.6015616265625 0.5188402187500001 0.5952294609375001 0.42040934375 0.5878534953125001 0.362188290625 0.5322898078125 0.363136840625 0.5037879765625 0.3651298828125 0.5028279953125 0.36715490625 0.51389931875 0.52154385 0.5547321015625 0.5226043328125
0 0.517974528125 0.5246851984374999 0.5116356078125001 0.5285547734375 0.511836834375 0.539309121875 0.5206522953125 0.681129496875 0.5219172546874999 0.6874042 0.5761787828125 0.6875256515625 0.6019741140625 0.686211340625 0.610881721875 0.683630565625 0.5991616734375 0.5239027765625 0.597827025 0.5205697890625001 0.517974528125 0.5246851984374999
0 0.6190652515624999 0.8636740703125 0.62475230625 0.8622974453125 0.6272885015624999 0.8591832546875 0.6146797359375 0.6946228750000001 0.6130385390625 0.6869060609375001 0.5228740953125001 0.6932109734375 0.5205422640624999 0.6992477140625 0.531718909375 0.8472661359375 0.5330844796875 0.8589180125 0.5354456625 0.8651160593749999 0.5510312265625 0.867452525 0.5922077578125 0.8655521281249999 0.6190652515624999 0.8636740703125
0 0.7297956953125 0.3992521890625 0.5972563140625 0.406072878125 0.5949941765625 0.409167903125 0.5988058421875 0.471553984375 0.6036518921875 0.5172256328125 0.7273177265624999 0.5134728109375 0.7379037296875001 0.5112641453125 0.7413317859374999 0.5051507484375 0.7387138140625 0.4558969828125 0.73249905625 0.40640525624999996 0.7297956953125 0.3992521890625
0 0.6107176953125 0.6655315125000001 0.6130076171875001 0.6785871734375 0.6182115421875001 0.68605485625 0.6219105140625001 0.68775409375 0.7833279640625 0.680382475 0.7913452796875 0.6768850078125 0.7948430281250001 0.667829896875 0.7952224046875 0.6614402109374999 0.7858662046875 0.5867155281249999 0.7766074749999999 0.5251998171875 0.7738359953125 0.5170725671875 0.77089106875 0.5143416546874999 0.7632871921875 0.511936528125 0.6860390140625 0.51391193125 0.6106735984375 0.5191819953125 0.60303251875 0.5241215734375 0.6013834734375 0.5359842515625 0.6107176953125 0.6655315125000001
0 0.6359230046875 0.6833479296875 0.617047196875 0.6851573281250001 0.6150591140625 0.6882331890625 0.6238808546875 0.814389971875 0.6287269046875 0.8600616203125 0.7774696515625 0.8525973546875001 0.81087043125 0.8497722718749999 0.8137488046874999 0.8476131015625 0.7973373140625 0.6838081078125 0.7946680125000001 0.6771421328125 0.6359230046875 0.6833479296875
0 0.4771701453125 0.70913321875 0.390224684375 0.718149878125 0.394129115625 0.805492625 0.4001594421875 0.8877919796875 0.44935172031250004 0.8863100140625001 0.49090605781249996 0.8819358312500001 0.49118639374999995 0.8662530734375 0.48659290000000005 0.7887479828124999 0.4826774796875 0.7288165249999999 0.48032100624999996 0.7108707828124999 0.4771701453125 0.70913321875
0 0.3963912546875 0.8023975999999999 0.39025874531250004 0.7186369703125 0.37340508125 0.7178575984375 0.299546190625 0.7249802109375 0.3013729140625 0.78261035625 0.3055901703125 0.8586733359375 0.3090365890625 0.892206015625 0.3106112328125 0.895032746875 0.3788155609375 0.8936897515625001 0.398069178125 0.889406565625 0.3993032125 0.8873623796875 0.3963912546875 0.8023975999999999
0 0.20927642500000002 0.7376556437499999 0.2101185265625 0.7733283296875 0.213679209375 0.8636319546875001 0.2154147390625 0.8923895375 0.2188721453125 0.8985109281250001 0.3049598078125 0.8929805656250001 0.3059554203125 0.8875267359375 0.29793591406250003 0.7255822859375 0.2479555296875 0.7276088328125 0.210340159375 0.7331759984375 0.20927642500000002 0.7376556437499999
0 0.26971755937499997 0.7040607734375001 0.2713681765625 0.6882821953125 0.26455602031250003 0.59086383125 0.24876452031250001 0.5895207124999999 0.196487934375 0.5941551953124999 0.192408015625 0.6027615421875 0.19205641874999999 0.6253019125 0.1961112203125 0.679349940625 0.21679225 0.703356409375 0.229874109375 0.7132100546875 0.2527213734375 0.716996628125 0.264267359375 0.7127629390625 0.26971755937499997 0.7040607734375001
0 0.191516775 0.7751185640625 0.18909689062499999 0.74445094375 0.1864957109375 0.738759153125 0.1798518140625 0.7343290031249999 0.0778023484375 0.7360807875 0.015591623437499999 0.7404309859375 0.026967923437500003 0.903119653125 0.1781090546875 0.89450873125 0.19126374375 0.8935888656250001 0.19414211875 0.8914296953124999 0.191516775 0.7751185640625