0 0.6978021984375 0.52490234375 0.7620879125 0.52880859375 0.76923076875 0.52685546875 0.7733516484375 0.5224609375 0.7763736265625 0.50537109375 0.7766483515625 0.46826171875 0.7719780218750001 0.39208984375 0.76895604375 0.37939453125 0.7629120875 0.37451171875 0.75604395625 0.37255859375 0.7074175828125 0.37060546875 0.696703296875 0.37353515625 0.690659340625 0.37841796875 0.6887362640625 0.38916015625 0.6890109890625 0.48583984375 0.690659340625 0.5107421875 0.69450549375 0.52294921875 0.6978021984375 0.52490234375
0 0.7541208796875 0.693359375 0.7799450546875 0.69189453125 0.7791208796875 0.623046875 0.77445055 0.52734375 0.6887362640625 0.5263671875 0.6865384609375 0.52978515625 0.6881868124999999 0.6455078125 0.6898351640625 0.68408203125 0.691208790625 0.68994140625 0.7541208796875 0.693359375
0 0.72445055 0.8701171875 0.7887362640625 0.86962890625 0.7895604390625001 0.8583984375 0.7876373625 0.79638671875 0.7826923078125 0.69580078125 0.7351648359375 0.693359375 0.69313186875 0.69677734375 0.69340659375 0.7900390625 0.696978021875 0.86572265625 0.70054945 0.8681640625 0.72445055 0.8701171875
0 0.9285714281249999 0.69775390625 0.9549450546875 0.69775390625 0.9601648359375 0.69482421875 0.959065934375 0.64306640625 0.9513736265625001 0.5439453125 0.9483516484375001 0.5322265625 0.8148351640625 0.52734375 0.778571428125 0.52734375 0.7758241765625 0.52978515625 0.778571428125 0.669921875 0.7807692312500001 0.69189453125 0.784340659375 0.69384765625 0.9285714281249999 0.69775390625
0 0.890659340625 0.5322265625 0.896428571875 0.529296875 0.8928571421875 0.44677734375 0.890934065625 0.42236328125 0.8887362640625 0.41552734375 0.8681318687499999 0.4140625 0.7791208796875 0.4169921875 0.7766483515625 0.4208984375 0.7760989015625 0.42919921875 0.7766483515625 0.48388671875 0.7791208796875 0.52490234375 0.8700549453124999 0.5322265625 0.890659340625 0.5322265625
0 0.5730769234374999 0.88232421875 0.6266483515625 0.880859375 0.6417582421875 0.87939453125 0.6475274718749999 0.8759765625 0.6483516484375 0.85888671875 0.646153846875 0.724609375 0.64450549375 0.7109375 0.6049450546874999 0.708984375 0.5728021984375 0.71142578125 0.55686813125 0.7138671875 0.5552197796875 0.71630859375 0.55549450625 0.80859375 0.5579670328125 0.8798828125 0.5607142859375001 0.8818359375 0.5730769234374999 0.88232421875
0 0.533791209375 0.8828125 0.55631868125 0.87744140625 0.5574175828125 0.728515625 0.55686813125 0.71728515625 0.5546703296875 0.71240234375 0.5390109890625 0.71044921875 0.46868131875 0.712890625 0.4667582421875 0.71533203125 0.466208790625 0.72265625 0.46456043906250005 0.7919921875 0.46428571406249997 0.86962890625 0.465384615625 0.87744140625 0.4851648359375 0.88134765625 0.533791209375 0.8828125
0 0.378021978125 0.880859375 0.39313186875 0.88134765625 0.45247252812500005 0.88134765625 0.46318681249999993 0.87744140625 0.46510989062499997 0.853515625 0.46401098906250005 0.71044921875 0.45686813125 0.7080078125 0.428021978125 0.7080078125 0.378571428125 0.7109375 0.37445055 0.712890625 0.3728021984375 0.720703125 0.3728021984375 0.83349609375 0.3733516484375 0.87353515625 0.37472527499999997 0.87890625 0.378021978125 0.880859375
0 0.35631868125 0.8720703125 0.3609890109375 0.85595703125 0.3626373625 0.84228515625 0.3615384609375 0.70703125 0.359065934375 0.70166015625 0.35631868125 0.69970703125 0.18653846093749998 0.70703125 0.1824175828125 0.7138671875 0.17912087968749998 0.83056640625 0.17884615312500002 0.86279296875 0.18049450625000002 0.8681640625 0.18296703281249999 0.86962890625 0.35631868125 0.8720703125
0 0.1115384609375 0.7021484375 0.26950549375 0.7021484375 0.277472528125 0.7001953125 0.28104395625 0.6962890625 0.2826923078125 0.68359375 0.2898351640625 0.5439453125 0.2876373625 0.53662109375 0.2832417578125 0.53076171875 0.271978021875 0.5283203125 0.1129120875 0.52978515625 0.109615384375 0.53466796875 0.10659340625 0.55126953125 0.1016483515625 0.5947265625 0.0991758234375 0.6337890625 0.09752747187500001 0.6845703125 0.09945055 0.69677734375 0.103571428125 0.69970703125 0.1115384609375 0.7021484375
0 0.17884615312500002 0.87255859375 0.184615384375 0.7236328125 0.183791209375 0.7177734375 0.18076923125 0.712890625 0.17445055 0.708984375 0.09285714218749999 0.70556640625 0.090934065625 0.71240234375 0.0887362640625 0.7373046875 0.0835164828125 0.84228515625 0.0829670328125 0.8681640625 0.0857142859375 0.873046875 0.1664835171875 0.8759765625 0.17884615312500002 0.87255859375
0 0.384890109375 0.69775390625 0.39642857187499997 0.69189453125 0.3980769234375 0.673828125 0.3991758234375 0.60107421875 0.3983516484375 0.57568359375 0.33076923125 0.572265625 0.32829670312500003 0.57861328125 0.32142857187499996 0.6826171875 0.322252746875 0.6923828125 0.3263736265625 0.69580078125 0.384890109375 0.69775390625
0 0.9486263734374999 0.87158203125 0.971428571875 0.87109375 0.9730769234375 0.86865234375 0.9697802203125001 0.791015625 0.9626373625 0.7041015625 0.9609890109375 0.69775390625 0.783791209375 0.6943359375 0.784615384375 0.76611328125 0.7892857140625 0.86865234375 0.8074175828125 0.87060546875 0.9486263734374999 0.87158203125