0 0.378125 0.5984375 0.1265625 0.1796875
0 0.65390625 0.80859375 0.11875 0.1671875
0 0.57265625 0.6265625 0.125 0.1921875
0 0.40546875 0.42265625 0.134375 0.1953125
0 0.434375 0.2390625 0.1359375 0.2015625
0 0.92890625 0.43828125 0.128125 0.215625
0 0.6453125 0.25234375 0.13125 0.2171875
0 0.53984375 0.796875 0.11875 0.18125
0 0.78828125 0.628125 0.121875 0.2078125
0 0.8328125 0.4265625 0.125 0.209375
0 0.60546875 0.4453125 0.125 0.203125
0 0.84609375 0.8328125 0.11875 0.1875
0 0.7515625 0.8171875 0.115625 0.1859375
0 0.35234375 0.76171875 0.1234375 0.175
0 0.8875 0.6453125 0.1265625 0.2109375
0 0.6796875 0.70078125 0.0890625 0.059375
0 0.92109375 0.85390625 0.078125 0.15625
0 0.85546875 0.29609375 0.090625 0.059375
0 0.865625 0.24921875 0.0890625 0.0578125
0 0.09375 0.6796875 0.1875 0.19375
0 0.46015625 0.11484375 0.1 0.0703125
0 0.46484375 0.64296875 0.0453125 0.140625
0 0.94453125 0.30859375 0.096875 0.0625
0 0.49375 0.6484375 0.0484375 0.14375
0 0.98203125 0.4765625 0.0359375 0.140625
0 0.128125 0.425 0.1828125 0.3390625
0 0.46875 0.78046875 0.05 0.1390625
0 0.22578125 0.42734375 0.1046875 0.3015625
0 0.440625 0.77890625 0.0515625 0.140625
0 0.12734375 0.20234375 0.1046875 0.0375
0 0.12265625 0.23828125 0.1078125 0.05
0 0.20625 0.68359375 0.1015625 0.2796875
0 0.175 0.14453125 0.103125 0.103125