0 0.71328125 0.21015625 0.1515625 0.1828125
0 0.74375 0.38984375 0.1515625 0.1828125
0 0.784375 0.56171875 0.153125 0.1875
0 0.81953125 0.7359375 0.153125 0.1828125
0 0.66328125 0.80625 0.1109375 0.115625
0 0.4484375 0.2546875 0.1125 0.128125
0 0.47265625 0.3734375 0.10625 0.109375
0 0.4921875 0.48671875 0.1109375 0.121875
0 0.51640625 0.6 0.1078125 0.11875
0 0.54140625 0.7125 0.1140625 0.1265625
0 0.56171875 0.83203125 0.11875 0.1203125
0 0.31328125 0.153125 0.121875 0.1375
0 0.3421875 0.278125 0.115625 0.125
0 0.36640625 0.39765625 0.1171875 0.11875
0 0.3921875 0.51171875 0.1140625 0.121875
0 0.41953125 0.6296875 0.1125 0.121875
0 0.4421875 0.74609375 0.1171875 0.125
0 0.4671875 0.8609375 0.1109375 0.115625
0 0.266568746875 0.22698053125 0.24429559687500002 0.10549995781249999 0.142021165625 0.1161952453125 0.1669255 0.23396118124999998 0.266568746875 0.22698053125
0 0.29563181875 0.3470178953125 0.2723028515625 0.22891710468749998 0.1712088640625 0.2472499 0.1946119796875 0.3558688125 0.29563181875 0.3470178953125
0 0.32203482031249997 0.46288761875000006 0.2975569265625 0.3560748171875 0.1979901796875 0.36698339999999996 0.2229400890625 0.4807954578125 0.32203482031249997 0.46288761875000006
0 0.290625 0.5359375 0.121875 0.1234375
0 0.315625 0.6515625 0.1171875 0.128125
0 0.33984375 0.76953125 0.121875 0.121875
0 0.36640625 0.88984375 0.121875 0.1296875
0 0.09296875 0.1859375 0.125 0.14375
0 0.12421875 0.3171875 0.125 0.1265625
0 0.153125 0.4359375 0.128125 0.140625
0 0.1828125 0.5609375 0.1234375 0.1375
0 0.20625 0.6828125 0.1203125 0.121875
0 0.23828125 0.8 0.1140625 0.1171875
0 0.2625 0.9203125 0.121875 0.1328125
0 0.0234375 0.20859375 0.046875 0.1296875
0 0.03828125 0.3375 0.0765625 0.13125
0 0.053125 0.46171875 0.10625 0.1359375
0 0.07734375 0.5859375 0.125 0.1421875
0 0.1046875 0.70859375 0.1203125 0.1328125
0 0.1359375 0.8234375 0.1140625 0.115625
0 0.159375 0.93515625 0.121875 0.1296875