0 0.63046875 0.5984375 0.0765625 0.190625
0 0.70625 0.603125 0.06796875 0.18203125
0 0.715625 0.4015625 0.084375 0.18671875
0 0.79609375 0.40859375 0.07265625 0.1875
0 0.87109375 0.40546875 0.07421875 0.17578125
0 0.84609375 0.21875 0.07421875 0.17578125
0 0.77109375 0.2140625 0.07109375 0.17109375
0 0.86328125 0.596875 0.0734375 0.175
0 0.7859375 0.59765625 0.0640625 0.184375
0 0.3109375 0.59921875 0.1125 0.1890625
0 0.19140625 0.59453125 0.11015625 0.18359375
0 0.43984375 0.5578125 0.1 0.1609375
0 0.4375 0.378125 0.0953125 0.17109375
0 0.346875 0.38515625 0.0640625 0.17265625
0 0.26953125 0.3859375 0.0765625 0.1859375
0 0.1921875 0.39375 0.0671875 0.17734375