0 0.4390625 0.50859375 0.1171875 0.128125
0 0.4375 0.63671875 0.11484375 0.1203125
0 0.43671875 0.759375 0.1109375 0.11484375
0 0.43515625 0.8765625 0.10859375 0.1109375
0 0.3421875 0.6609375 0.071875 0.19375
0 0.34375 0.846875 0.06796875 0.17421875
0 0.60859375 0.48359375 0.08828125 0.303125
0 0.60078125 0.784375 0.09140625 0.27109375
0 0.72109375 0.384375 0.1125 0.1296875
0 0.715625 0.515625 0.11171875 0.1234375
0 0.71171875 0.6390625 0.10859375 0.115625
0 0.70546875 0.75703125 0.1078125 0.11171875
0 0.70234375 0.87421875 0.10625 0.11640625
0 0.809375 0.86796875 0.09609375 0.109375
0 0.81328125 0.75234375 0.096875 0.1140625
0 0.81875 0.6328125 0.103125 0.1140625
0 0.8265625 0.5109375 0.10625 0.11953125
0 0.8375 0.37890625 0.11015625 0.1265625
0 0.934375 0.840625 0.0734375 0.12421875
0 1 0.8760035374999999 0.9989691171875 0.79351851875 0.9927202046874999 0.79351851875 0.9798828125 0.9166666671874999 1 0.9184708640625001 1 0.8760035374999999
0 0.9869920343749999 0.6388888890625 0.9147786453125001 0.6416666671875 0.9062769125000001 0.772222221875 0.9765771796875 0.7703703703125 0.9869920343749999 0.6388888890625