0 0.7421875 0.15078125 0.17265625 0.08984375
0 0.75234375 0.3859375 0.253125 0.36484375
0 0.74609375 0.7609375 0.259375 0.36171875
0 0.478125 0.7609375 0.25390625 0.3640625
0 0.49375 0.3828125 0.2515625 0.35625
0 0.5265625 0.14609375 0.18203125 0.0953125
0 0.2109375 0.2890625 0.140625 0.1515625
0 0.2078125 0.46328125 0.04296875 0.18515625
0 0.159375 0.4640625 0.04453125 0.1859375
0 0.1109375 0.46484375 0.04765625 0.18515625
0 0.06171875 0.46484375 0.0484375 0.18515625
0 0.13359375 0.66875 0.18359375 0.20703125
0 0.134375 0.8765625 0.17890625 0.19375