0 0.775 0.6484375 0.13203125 0.1890625
0 0.77421875 0.84296875 0.1328125 0.178125
0 0.634375 0.84921875 0.13984375 0.175
0 0.6328125 0.6515625 0.1359375 0.1890625
0 0.63203125 0.45859375 0.13359375 0.171875
0 0.6328125 0.2640625 0.13203125 0.18046875
0 0.48828125 0.2609375 0.13671875 0.18828125
0 0.4890625 0.4625 0.13828125 0.1765625
0 0.490625 0.6578125 0.13515625 0.18828125
0 0.49140625 0.85390625 0.1375 0.1796875
0 0.34296875 0.86015625 0.1453125 0.1796875
0 0.34375 0.659375 0.14375 0.1890625
0 0.34140625 0.4609375 0.14921875 0.178125
0 0.33828125 0.2578125 0.1453125 0.19375
0 0.184375 0.2546875 0.14765625 0.2015625
0 0.18828125 0.46171875 0.1515625 0.1890625
0 0.18984375 0.66484375 0.14765625 0.19453125
0 0.1921875 0.8671875 0.15234375 0.184375