0 0.321875 0.596875 0.11875 0.121875
0 0.3875 0.36171875 0.109375 0.1109375
0 0.4328125 0.440625 0.1078125 0.1125
0 0.34453125 0.28359375 0.1046875 0.10625
0 0.27734375 0.51796875 0.1140625 0.115625
0 0.41640625 0.77890625 0.1234375 0.128125
0 0.6765625 0.29453125 0.1140625 0.11875
0 0.575 0.4609375 0.115625 0.1171875
0 0.36875 0.6859375 0.1203125 0.121875
0 0.196875 0.35703125 0.10625 0.10625
0 0.2375 0.4359375 0.1109375 0.1140625
0 0.36171875 0.4859375 0.1109375 0.1125
0 0.6265625 0.54921875 0.1171875 0.121875
0 0.55 0.8375 0.121875 0.1234375
0 0.50234375 0.74375 0.121875 0.1265625
0 0.3046875 0.21171875 0.1 0.1
0 0.478125 0.52109375 0.115625 0.11875
0 0.15546875 0.28203125 0.10625 0.1078125
0 0.40390625 0.56875 0.1109375 0.1140625
0 0.31796875 0.40546875 0.109375 0.1109375
0 0.734375 0.7234375 0.1234375 0.128125
0 0.4515625 0.6546875 0.1109375 0.1140625
0 0.46640625 0.87734375 0.1265625 0.13125
0 0.68125 0.63671875 0.11875 0.121875
0 0.58046875 0.696875 0.1265625 0.1328125
0 0.63515625 0.7890625 0.11875 0.1203125
0 0.5265625 0.60625 0.1140625 0.1171875
0 0.62421875 0.21796875 0.10625 0.1078125
0 0.2359375 0.25625 0.103125 0.1015625
0 0.784375 0.45703125 0.11875 0.1203125
0 0.27734375 0.32890625 0.10625 0.1078125
0 0.5265625 0.38203125 0.1109375 0.1109375
0 0.55078125 0.2578125 0.10625 0.10625
0 0.896875 0.63125 0.1234375 0.1296875
0 0.478125 0.30234375 0.1078125 0.1078125
0 0.840625 0.540625 0.1140625 0.1203125
0 0.81796875 0.68046875 0.121875 0.128125
0 0.70390625 0.50078125 0.1140625 0.11875
0 0.6515625 0.41328125 0.109375 0.1140625
0 0.59921875 0.33359375 0.1109375 0.1140625
0 0.728125 0.371875 0.1140625 0.1171875
0 0.76015625 0.5890625 0.1234375 0.125
0 0.1125 0.578125 0.1234375 0.1265625
0 0.04453125 0.61953125 0.0890625 0.1140625
0 0.56875 0.1421875 0.109375 0.109375
0 0.43125 0.2265625 0.1 0.1
0 0.0671875 0.48984375 0.1140625 0.1140625
0 0.40859375 0.13203125 0.1109375 0.1109375
0 0.0234375 0.5328125 0.046875 0.1125
0 0.15703125 0.67265625 0.1171875 0.121875
0 0.040625 0.4046875 0.08125 0.109375
0 0.5015625 0.18359375 0.1015625 0.103125
0 0.08203125 0.71171875 0.103125 0.115625
0 0.1328125 0.80546875 0.1 0.1125
0 0.23046875 0.97421875 0.0828125 0.0515625
0 0.9515625 0.36953125 0.096875 0.1640625
0 0.8859375 0.23671875 0.1296875 0.1578125
0 0.20390625 0.76796875 0.125 0.128125
0 0.29296875 0.9515625 0.1328125 0.096875
0 0.1796875 0.90390625 0.090625 0.1125
0 0.25 0.86796875 0.1265625 0.1328125