0 0.45703125 0.1296875 0.0921875 0.0921875
0 0.43515625 0.20859375 0.09375 0.09375
0 0.41484375 0.290625 0.0984375 0.0984375
0 0.3890625 0.37890625 0.1 0.096875
0 0.36875 0.47109375 0.103125 0.1015625
0 0.346875 0.56171875 0.1015625 0.10625
0 0.31796875 0.66640625 0.109375 0.1140625
0 0.29140625 0.765625 0.109375 0.125
0 0.53046875 0.1578125 0.0921875 0.0890625
0 0.51328125 0.23671875 0.1015625 0.0984375
0 0.49375 0.328125 0.1046875 0.1078125
0 0.475 0.4125 0.096875 0.09375
0 0.4515625 0.5015625 0.09375 0.0984375
0 0.43125 0.59765625 0.0953125 0.1
0 0.40546875 0.6921875 0.10625 0.1125
0 0.384375 0.7953125 0.109375 0.1171875
0 0.6125 0.17421875 0.084375 0.0859375
0 0.5984375 0.2546875 0.084375 0.0875
0 0.5765625 0.34140625 0.0859375 0.0953125
0 0.55625 0.428125 0.0953125 0.1
0 0.5359375 0.528125 0.0953125 0.1046875
0 0.51953125 0.61640625 0.090625 0.096875
0 0.49609375 0.71875 0.1078125 0.1234375
0 0.47265625 0.81875 0.1 0.0984375
0 0.7453125 0.1921875 0.096875 0.0953125
0 0.69765625 0.2734375 0.09375 0.084375
0 0.6828125 0.35859375 0.09375 0.0953125
0 0.66328125 0.4546875 0.096875 0.0828125
0 0.65 0.54453125 0.090625 0.0859375
0 0.62890625 0.6421875 0.0921875 0.0953125
0 0.609375 0.74296875 0.0921875 0.103125
0 0.59140625 0.84453125 0.103125 0.1109375
0 0.775 0.28125 0.0859375 0.0890625
0 0.76875 0.38203125 0.090625 0.084375
0 0.7546875 0.4703125 0.0890625 0.0984375
0 0.7375 0.56328125 0.0953125 0.10625
0 0.71875 0.659375 0.1078125 0.115625
0 0.7015625 0.76328125 0.1 0.10625
0 0.68125 0.86015625 0.1 0.1078125
0 0.859375 0.31015625 0.096875 0.10625
0 0.85 0.40078125 0.084375 0.084375
0 0.8328125 0.48515625 0.09375 0.0875
0 0.821875 0.5875 0.090625 0.1
0 0.80703125 0.68359375 0.0921875 0.103125
0 0.790625 0.78125 0.0953125 0.10625
0 0.771875 0.88046875 0.1140625 0.1109375