0 0.3015625 0.390625 0.2796875 0.246875
0 0.57421875 0.17421875 0.2109375 0.221875
0 0.52734375 0.34921875 0.2 0.2
0 0.478125 0.51015625 0.196875 0.196875
0 0.43515625 0.66015625 0.1875 0.175
0 0.39609375 0.80078125 0.178125 0.16875
0 0.63984375 0.5515625 0.190625 0.18125
0 0.59375 0.7015625 0.1859375 0.1828125
0 0.55 0.846875 0.1734375 0.1625
0 0.32578125 0.55078125 0.109375 0.0953125
0 0.3078125 0.6140625 0.10625 0.0796875
0 0.29453125 0.6703125 0.1046875 0.075
0 0.27890625 0.72890625 0.1078125 0.08125
0 0.2609375 0.79453125 0.1046875 0.0796875
0 0.21953125 0.51796875 0.1203125 0.0859375
0 0.20390625 0.5859375 0.109375 0.078125
0 0.1921875 0.646875 0.1109375 0.0765625
0 0.175 0.70859375 0.1125 0.08125
0 0.15859375 0.7671875 0.115625 0.0796875
0 0.10625 0.5484375 0.1171875 0.0875
0 0.08828125 0.6140625 0.1109375 0.075
0 0.075 0.68046875 0.10625 0.0734375
0 0.0609375 0.7375 0.10625 0.0796875
0 0.15546875 0.3125 0.1171875 0.1890625
0 0.71640625 0.21796875 0.15 0.1703125