0 0.55859375 0.52265625 0.1109375 0.271875
0 0.525 0.78125 0.1125 0.2625
0 0.2921875 0.74453125 0.140625 0.140625
0 0.43359375 0.61640625 0.125 0.128125
0 0.41953125 0.74609375 0.128125 0.1390625
0 0.34765625 0.3046875 0.0828125 0.1875
0 0.42109375 0.31640625 0.0859375 0.1953125
0 0.490625 0.32421875 0.08125 0.1984375
0 0.3578125 0.45546875 0.109375 0.1078125
0 0.084375 0.64453125 0.14375 0.171875
0 0.078125 0.79921875 0.1484375 0.1484375
0 0.171875 0.453125 0.1296875 0.1296875
0 0.18359375 0.31328125 0.1296875 0.140625