0 0.28828125 0.47734375 0.14375 0.16875
0 0.32890625 0.8109375 0.1578125 0.1921875
0 0.475 0.8046875 0.171875 0.165625
0 0.4546875 0.6546875 0.165625 0.1578125
0 0.43515625 0.5125 0.1546875 0.1515625
0 0.30859375 0.64140625 0.153125 0.1796875
0 0.04609375 0.3625 0.0921875 0.096875
0 0.05546875 0.4578125 0.0984375 0.1015625
0 0.8 0.55625 0.4 0.521875
0 0.08203125 0.76953125 0.103125 0.1140625
0 0.0421875 0.26953125 0.084375 0.1046875
0 0.09609375 0.88125 0.0984375 0.115625
0 0.07265625 0.66171875 0.10625 0.1109375
0 0.0640625 0.559375 0.103125 0.1078125
0 0.00546875 0.46484375 0.0109375 0.0890625
0 0.66171875 0.290625 0.1640625 0.0640625
0 0.928125 0.25703125 0.078125 0.0453125