0 0.41796875 0.13984375 0.2015625 0.0703125
0 0.1890625 0.671875 0.15 0.1828125
0 0.18671875 0.86953125 0.15 0.1796875
0 0.3421875 0.27890625 0.14375 0.1796875
0 0.34296875 0.47421875 0.1453125 0.1859375
0 0.34140625 0.6671875 0.1390625 0.178125
0 0.33828125 0.8609375 0.1359375 0.1765625
0 0.48984375 0.28359375 0.1296875 0.1828125
0 0.48828125 0.47578125 0.1328125 0.16875
0 0.484375 0.66796875 0.1328125 0.1734375
0 0.48046875 0.8625 0.125 0.1765625
0 0.62890625 0.29609375 0.1328125 0.184375
0 0.6265625 0.48359375 0.1296875 0.1796875
0 0.62421875 0.66796875 0.134375 0.16875
0 0.61796875 0.85546875 0.1359375 0.1734375
0 0.7703125 0.2921875 0.1296875 0.171875
0 0.7671875 0.4796875 0.13125 0.1703125
0 0.76328125 0.66796875 0.1328125 0.1828125
0 0.759375 0.853125 0.128125 0.1671875
0 0.90859375 0.2953125 0.1296875 0.1671875
0 0.90234375 0.4859375 0.1234375 0.165625
0 0.9 0.6671875 0.125 0.1796875
0 0.8921875 0.8546875 0.1265625 0.165625