0 0.33828125 0.51171875 0.15 0.1546875
0 0.3515625 0.65390625 0.1515625 0.1515625
0 0.36796875 0.790625 0.1453125 0.1375
0 0.19453125 0.5203125 0.1546875 0.1546875
0 0.2125 0.6609375 0.14375 0.140625
0 0.1511677484375 0.7359301484375 0.169371009375 0.8663212890624999 0.30134387500000004 0.863140325 0.28554913437499996 0.729750078125 0.1511677484375 0.7359301484375
0 0.0188612109375 0.7374150953124999 0.029310803125 0.856854478125 0.03089635 0.8728594765625 0.1592724484375 0.864416409375 0.1425422 0.7385437125000001 0.0188612109375 0.7374150953124999
0 0.61163215625 0.8248400640625 0.6043228796875 0.6934958234375 0.46470287499999996 0.703852065625 0.4777110859375 0.835627178125 0.61163215625 0.8248400640625
0 0.746516165625 0.68657625625 0.6056370640625001 0.6905924578125 0.6140645640625 0.8227683296875 0.7512250390624999 0.8191335078125 0.746516165625 0.68657625625
0 0.7401114609375 0.674180159375 0.73351690625 0.5390555375 0.591523340625 0.5459015875000001 0.6021209984375 0.6862527609375 0.7401114609375 0.674180159375
0 0.5682942953125 0.20868328125 0.5834219640625 0.5382452015625 0.7378975203125 0.52937765625 0.726287521875 0.1995046375 0.5682942953125 0.20868328125
0 0.5719283578125001 0.49649547343749995 0.5627977109375 0.3801819859375 0.45286514999999994 0.3832936 0.4638646421875 0.504090896875 0.5719283578125001 0.49649547343749995
0 0.472329165625 0.6176773640625 0.58616591875 0.6114326984375 0.5756865234374999 0.5036023796875 0.46355341875 0.512483290625 0.472329165625 0.6176773640625
0 0.9534246828124999 0.3041807265625 0.95057688125 0.2059068203125 0.8630215109374999 0.208919609375 0.865189153125 0.305394096875 0.9534246828124999 0.3041807265625
0 0.95771350625 0.4069758765625 0.9571828468750001 0.3112876328125 0.866872271875 0.3126825453125 0.8717619515624999 0.4144956625 0.95771350625 0.4069758765625
0 1 0.6610969921875001 0.9550174531250001 0.6609550984375 0.9564813125 0.74540814375 1 0.7459294921875 1 0.6610969921875001
0 1 0.5686962531249999 0.956724953125 0.5669299671875 0.9560774921874999 0.65714450625 1 0.6587646625 1 0.5686962531249999
0 1 0.47816952187500006 0.999786378125 0.4757278125 0.9622258125 0.4744318859375 0.9601004218750001 0.565705190625 1 0.5675901015625 1 0.47816952187500006
0 0.9994690625 0.4721008859375 0.9915580234375 0.3816773015625 0.9605434531249999 0.38349171718749997 0.9588892781249999 0.384565903125 0.9614834078125 0.4679905984375 0.9994690625 0.4721008859375
0 0.9602841625 0.38258494062500004 0.9916334796875 0.3825397546875 0.9826911078125 0.28032798125 0.9570163921875 0.28341831093750003 0.9602841625 0.38258494062500004
0 0.9409970812499999 0.20395655625 0.9513723031250001 0.2030488421875 0.95427765625 0.27808114375000004 0.9822801953125 0.27563123906250003 0.973939990625 0.1803022609375 0.9435044109374999 0.176782771875 0.9409970812499999 0.20395655625
0 0.9427384703125 0.43759235781249994 0.9128622249999999 0.7550486765625 0.9259201875 0.75814525625 0.9563737703124999 0.439096971875 0.9560593046875001 0.43873912031250006 0.9427384703125 0.43759235781249994
0 0.8974909343749999 0.755237396875 0.9113423125000001 0.7574938359375001 0.9416152656250001 0.439617446875 0.9310851765624999 0.43745579531249995 0.8974909343749999 0.755237396875
0 0.92752014375 0.44200670156250005 0.914428721875 0.4385276828125 0.8840888515625 0.7556392 0.8956077718750001 0.7584850656250001 0.92752014375 0.44200670156250005
0 0.9132099390624999 0.444414775 0.899191265625 0.4402461515625 0.8703904375 0.7576083828125 0.8813310265625001 0.761275575 0.9132099390624999 0.444414775
0 0.8964143140624999 0.4431866515625 0.884498684375 0.4407608578125 0.8577924156250001 0.7567837484375 0.8687701484374999 0.7589062328125 0.8964143140624999 0.4431866515625
0 0.8814731890624999 0.4433377390625 0.8680854374999999 0.44142610156249995 0.8403743546875001 0.756380809375 0.8514965671875 0.7596467484375 0.8814731890624999 0.4433377390625
0 0.8664173578125001 0.44465495468749994 0.8535410203125 0.4411571171875 0.8274215671875 0.759440853125 0.8381614015625001 0.7608134234375 0.8664173578125001 0.44465495468749994
0 0.8519733171875 0.4455332796875 0.8389822734375001 0.44320157031249996 0.81587391875 0.7438804828125 0.822001428125 0.7495102203124999 0.8216812359375 0.7607137953125 0.8267094 0.75873243125 0.8519733171875 0.4455332796875