0 0.8066076437499999 0.2886837703125 0.7708612078125 0.28985306093749996 0.7372025890625 0.29492809375 0.7355822265625 0.2960731125 0.7362246625 0.30157972499999997 0.7389429187500001 0.3094276234375 0.7430130625 0.314664503125 0.7645477140625 0.3163355046875 0.8124036374999999 0.2953502359375 0.8124611375 0.2916670234375 0.8113297390625 0.289486228125 0.8066076437499999 0.2886837703125
0 0.85676916875 0.502172471875 0.8575841078125 0.49662944531250003 0.840785609375 0.4528678640625 0.8382903234375 0.451733634375 0.803327803125 0.46567750781250006 0.7691827046874999 0.48558384375 0.760323453125 0.49316875156249995 0.7760480515625 0.5310663250000001 0.7792552703125 0.5355884093750001 0.7835578984375 0.537597925 0.7944234703124999 0.5344730625 0.8390146765625 0.512648921875 0.85676916875 0.502172471875
0 0.83778891875 0.63289103125 0.8356795937499999 0.637361865625 0.8382588546875 0.6494472796874999 0.8496568312500001 0.682206428125 0.85224560625 0.6843508109374999 0.9342371171874999 0.6534002375 0.9377918203125001 0.6473285343749999 0.9206433546874999 0.602655253125 0.909391821875 0.6001750515625 0.8909134 0.60569919375 0.83778891875 0.63289103125
0 0.8758857593749999 0.6700460046875001 0.8546915640625 0.6792277343750001 0.8518942984375 0.683439625 0.8725064609375 0.7325365390624999 0.8750137421874999 0.7352352234375 0.9213547921874999 0.71796958125 0.955792359375 0.7026581578125 0.9578201906249999 0.698741625 0.942548565625 0.6528248718749999 0.937557996875 0.6505564109375 0.8758857593749999 0.6700460046875001
0 0.6543680281250001 0.304861196875 0.5955075359374999 0.3332088421875 0.5944121265625 0.3357214109375 0.5985182609375 0.345651653125 0.6605499796875 0.317132728125 0.6543680281250001 0.304861196875
0 0.7201964796875 0.42593489062499995 0.705402240625 0.431090846875 0.6568248703124999 0.45862929374999994 0.65590444375 0.4615977125 0.658284728125 0.4700983671875 0.6661015234375001 0.4942948203125 0.6694262265625001 0.5029559671875 0.6712335703125001 0.503831253125 0.7363310296875001 0.4725664390625 0.73665700625 0.470349228125 0.7226102703125 0.4276234234375 0.7201964796875 0.42593489062499995
0 0.7582754328125 0.51173759375 0.743250771875 0.47566341875000007 0.741011965625 0.4744307359375 0.7221955703125 0.480607634375 0.67777935 0.5028876234374999 0.6759384984375 0.5088244609375 0.6770123984375 0.51468846875 0.686322559375 0.5435418734375 0.6888538343749999 0.5493694687499999 0.6906611781249999 0.5502447546875 0.754989203125 0.5192753 0.7586493937500001 0.515778203125 0.7582754328125 0.51173759375
0 0.701307765625 0.5493184484375 0.699792890625 0.553038075 0.7060588203125 0.576260790625 0.7113323453125 0.59306519375 0.7133961671875 0.5938420265625 0.7607511312499999 0.5746181203125 0.780219475 0.5640068015625 0.7794835484375 0.5574900375 0.7659737640625 0.5176962374999999 0.74383515 0.526717475 0.701307765625 0.5493184484375
0 0.7861498359375 0.73365636875 0.79660339375 0.766255025 0.798935690625 0.768497859375 0.8667394109375 0.743516490625 0.8713440203125 0.7401798859375 0.8715765062499999 0.7369525234375 0.8619283718749999 0.7087518734375 0.8575202578125 0.70416775 0.787058265625 0.7291234953125 0.7861498359375 0.73365636875
0 0.81122714375 0.4072051140625 0.752261165625 0.4329781515625 0.7369899625 0.44302437812499995 0.7352066109375001 0.44527800156249997 0.7354870828125 0.448308459375 0.749905296875 0.48356938749999995 0.7534504859375 0.487438715625 0.8241209703125 0.4561266984375 0.8291929124999999 0.44978803906250003 0.8184810312499999 0.42473225000000003 0.8157628484374999 0.4167012703125 0.81122714375 0.4072051140625
0 0.692240621875 0.3655354171875 0.68845095 0.36332899531249996 0.63443955 0.3866771296875 0.6267692 0.392759621875 0.6280995765624999 0.398525178125 0.6334425984375 0.413210825 0.6358803828124999 0.4180282671875 0.6376877249999999 0.418903553125 0.6953713140625 0.393622778125 0.6973296484375 0.3918250046875 0.6982260796875 0.3857276765625 0.692240621875 0.3655354171875
0 0.7651910703125 0.665988934375 0.76059845625 0.67088999375 0.7624897765624999 0.6827164640625 0.7661644484375 0.692289309375 0.8080998671874999 0.6819450312499999 0.83623096875 0.6716695328125 0.83671993125 0.6683437171875 0.8316213921875001 0.6519951625 0.828344675 0.6495918374999999 0.817536603125 0.6490334859375 0.7651910703125 0.665988934375
0 0.8474238390625001 0.6778333921875 0.8418963203125 0.672632928125 0.7763889093749999 0.6951637671875 0.7737426328125 0.6967025984374999 0.7750035140625 0.7045869109375 0.779670590625 0.72057806875 0.7833452624999999 0.7301509140625 0.784896128125 0.731124653125 0.85287483125 0.706599134375 0.8553101328125001 0.6999110890625 0.854411215625 0.69450293125 0.8474238390625001 0.6778333921875
0 0.96775485 0.50977898125 0.9482405796875 0.46967498750000003 0.9419196328125 0.4616409703125 0.907726546875 0.4752894859375 0.8921053734375001 0.48442401406249996 0.8712396375000001 0.50289401875 0.8708441640625001 0.5072299874999999 0.8825801140625 0.5393363796874999 0.8894595187500001 0.5419258234375001 0.925658928125 0.532737353125 0.9623113078125 0.5155297015625 0.9668344234375 0.5127474000000001 0.96775485 0.50977898125
0 0.98292473125 0.52016943125 0.975529884375 0.50627140625 0.9075296703125 0.539173503125 0.8983204499999999 0.5458467109375 0.89791298125 0.5486182234375 0.9068851703125 0.578124384375 0.9132661015625001 0.593980675 0.9160298609374999 0.5965809078125 0.9863743671874999 0.5674861 0.9965280062499999 0.560973384375 0.99734294375 0.5554303593750001 0.98292473125 0.52016943125
0 1 0.5637681640625 0.9638845359375001 0.5755961187499999 0.9198877796874999 0.59666905 0.9390305703124999 0.6442379234375 0.9732596484375 0.635282771875 1 0.6250181125000001 1 0.5637681640625
0 1 0.623231553125 0.9676861796875 0.6353301453125 0.9515640484375 0.6462260328125 0.9444306453125 0.6552405296875 0.9542777578124999 0.6870259390625 0.9583718937500001 0.6953917265625 0.9606106999999999 0.696624409375 1 0.6859085390625 1 0.623231553125
0 0.8622722375 0.4963989015625 0.81989584375 0.516326815625 0.7917312359374999 0.533414434375 0.78903945625 0.5402009328124999 0.791443734375 0.551830496875 0.8017678109374999 0.5787256359375 0.8036806421874999 0.5821755296875 0.8065138984375 0.5826570046875 0.8463495046875 0.566842528125 0.8845167593750001 0.5459152515625 0.8698995671875001 0.5070695640625 0.8622722375 0.4963989015625
0 0.667949821875 0.313666440625 0.6054171421875 0.34394672656249997 0.6014189796875 0.348096578125 0.6033678 0.35623983593749997 0.615767696875 0.3854762625 0.618193484375 0.38872925 0.682615 0.35876994687499997 0.6850862906249999 0.3567752671875 0.68540026875 0.35299360156250004 0.67610210625 0.3257046515625 0.667949821875 0.313666440625
0 0.7143993281250001 0.42240698906249996 0.706407546875 0.39775468593749996 0.703037340625 0.39434120625 0.6950625265625 0.39426433125 0.635885571875 0.41488815468749995 0.633018809375 0.42121880312500004 0.6352145953125 0.43920463906249996 0.6377578671874999 0.44659668906250005 0.6463656078125 0.4621212078125 0.6486044140625 0.463353890625 0.7124194828125 0.432581340625 0.714121340625 0.43088201875000004 0.7143993281250001 0.42240698906249996
0 0.45574085000000003 0.34805403125 0.4916597859375 0.335835103125 0.521049284375 0.32193843125 0.5085439 0.290127396875 0.5059551265625 0.28798301406250004 0.4534466046875 0.3060470671875 0.4405532015625 0.3130884609375 0.45393350625 0.34717874531250004 0.45574085000000003 0.34805403125
0 0.5258195437500001 0.328998640625 0.520677984375 0.329403240625 0.5035754421874999 0.335445271875 0.4606285921875 0.359253303125 0.46200695625000004 0.371276678125 0.47058119062500003 0.39361331875 0.47299498125 0.39530185156250003 0.5421625859375 0.369273915625 0.542546059375 0.36337349375 0.5408657140625001 0.3566962375 0.5308221078125 0.33283155625 0.5258195437500001 0.328998640625
0 0.5423350609375001 0.4141874296875 0.558632178125 0.40374739374999996 0.5466517484375 0.3733039078125 0.47817208593749994 0.3995907875 0.4770646796875 0.4005389015625 0.49053847343749996 0.43563933749999995 0.49191435468750005 0.4361572265625 0.5423350609375001 0.4141874296875
0 0.5247707078125 0.505658996875 0.5316885874999999 0.5244472921875001 0.533589421875 0.5263327296875 0.6064412109374999 0.499936609375 0.5913685625 0.4576046140625 0.5878473671875 0.4568641953125 0.5413433296875 0.4752384421875 0.5217119968749999 0.48695836562499994 0.52010363125 0.48966783906250005 0.5247707078125 0.505658996875
0 0.5424504421874999 0.5302535828125 0.5420429734375001 0.533025096875 0.5477839515625 0.5548802625 0.555284284375 0.57135289375 0.5596804015625 0.5743725625 0.6218775937500001 0.55625051875 0.630724846875 0.54710115625 0.61745954375 0.505644446875 0.6141828281249999 0.5032411203125 0.6056135625 0.5039154531250001 0.5424504421874999 0.5302535828125
0 0.56326353125 0.5944409484375 0.5711618203125 0.6180831015625 0.5764903625 0.61969880625 0.6482827296875 0.6005086171875 0.652129903125 0.5990318265625 0.6524558781249999 0.5968146156249999 0.6350509328125 0.5522397875 0.56200016875 0.5750511484375 0.5593778859375 0.5797188890625 0.56326353125 0.5944409484375
0 0.6755041281249999 0.6507296234375 0.67079403125 0.6514916203125 0.5992701375 0.6721478109375 0.5989921500000001 0.680622840625 0.604546146875 0.7004577015625 0.6096326890625 0.7152418015625 0.6110085703125 0.715759690625 0.6921756296875 0.7002931765625 0.6925830984375 0.6975216625 0.6843923421875 0.6692846 0.679061315625 0.6561634078125 0.6755041281249999 0.6507296234375
0 0.6404242531250001 0.7724606703125 0.63657708125 0.7739374609375 0.63651958125 0.7776206734375 0.64613420625 0.8126334453125 0.6503218359375 0.8220093859375 0.713930896875 0.8090985953125 0.734111175 0.8018751312499999 0.7337492109375 0.7993989765625 0.727471284375 0.77461180625 0.720308921875 0.75748641875 0.6404242531250001 0.7724606703125
0 0.3903117234375 0.40298205937500003 0.398466490625 0.42652575937500004 0.40233765625 0.42817787812499997 0.4655280859375 0.3992141640625 0.4583899859375 0.385217584375 0.449670690625 0.36136756718749996 0.422251521875 0.37503091875 0.38973878281249996 0.395356690625 0.3887248671875 0.39731495625 0.3903117234375 0.40298205937500003
0 0.40462346875 0.43566875781250003 0.4037725390625 0.43651841874999997 0.41322169375 0.46113430781250003 0.45887480312499995 0.443609721875 0.4831347390625 0.4316821046875 0.47018589843749997 0.39794921875 0.40462346875 0.43566875781250003
0 0.562883165625 0.61184661875 0.55942898125 0.5974819546875 0.5501308171875 0.5701930046875 0.515249790625 0.5835825765625 0.4921332515625 0.5992554453125 0.480627725 0.6083791828125 0.4785998921875 0.6122957140625 0.4834084484375 0.63555484375 0.4902903390625 0.649649775 0.4918412046875 0.6506235125 0.559934909375 0.61873156875 0.5628256640625 0.61552983125 0.562883165625 0.61184661875
0 0.5662678515625 0.6283300406250001 0.5576290875 0.6311231312500001 0.504655596875 0.6556419078125 0.49903707343750003 0.660936778125 0.5025727484375 0.6747471390625 0.5067843703125 0.687251990625 0.509886103125 0.6891994671874999 0.5172544703125 0.6884630953124999 0.58077955625 0.6646011203125 0.5828193828125 0.6622490437499999 0.5711649296875 0.6295883484375 0.5662678515625 0.6283300406250001
0 0.5871806578125 0.672081346875 0.58448639375 0.6673623578125001 0.524063040625 0.6931718109375 0.512207546875 0.7013838484375 0.5267672375 0.7439127484375 0.5296244875 0.7475231328125 0.6003069671875 0.7177755703125 0.5871806578125 0.672081346875
0 0.6144871937499999 0.7332530921875 0.608842190625 0.723913565625 0.6061719234375 0.7223234859375001 0.5861546296875 0.7284383437499999 0.5427403281250001 0.7471956140625 0.5331116421875 0.7550758796875 0.5353169421875 0.763120684375 0.545782496875 0.7972837968750001 0.5495601703124999 0.7979257625 0.6192647250000001 0.77482983125 0.62420730625 0.7708404718749999 0.6230039265625 0.759272946875 0.6144871937499999 0.7332530921875
0 0.62982778125 0.7770512953125001 0.62672605 0.7751038171875 0.6090865578125 0.7782138437499999 0.563013984375 0.7969454875 0.5584213703125 0.801846546875 0.5570934765625 0.8075864781250001 0.563615884375 0.8307107406249999 0.5696588421875 0.8472197875 0.5726790796875 0.8497215671875 0.6452863875 0.824988353125 0.646043825 0.8231285406250001 0.6384835078125 0.7988336328125001 0.62982778125 0.7770512953125001
0 0.47551191875 0.8472710250000001 0.4843546265625 0.8710736671875001 0.48808679687499995 0.8769633015625 0.5469737671875 0.863250053125 0.5616265265625 0.850826125 0.5493871359375 0.8089756046875 0.5300457875 0.813784953125 0.48362324375 0.8316048984375 0.47928710937499996 0.8364075046874999 0.47551191875 0.8472710250000001
0 0.4553294484375 0.787025746875 0.460185990625 0.8165426953124999 0.4692131953125 0.8308601578125 0.48139714843750003 0.8319363953125001 0.5310149140625 0.81707408125 0.544864734375 0.8117576328125 0.54628611875 0.8070278546875 0.5287276984375 0.7536205984375 0.4666719875 0.7790106140625 0.4553294484375 0.787025746875
0 0.4297522265625 0.7387887 0.44582679374999995 0.7775979734375 0.4503859 0.7795090375 0.49707691875000004 0.76315509375 0.5160443031249999 0.7543051375000001 0.5193425281249999 0.7483318875 0.5056337656250001 0.7049533265625 0.45080494375 0.7223389984375 0.431267103125 0.7350690734375 0.4297522265625 0.7387887
0 0.46267302031249996 0.6037649078125 0.41185684218749996 0.6300706703125 0.396597634375 0.6416813515625 0.4062577640625 0.67144645625 0.409033521875 0.6756111437500001 0.4298562375 0.6738942921875 0.4450819375 0.6690957328125 0.48355365937499994 0.6543278234375001 0.48386763750000006 0.6505461578125 0.47030035156250005 0.6144355703125 0.46267302031249996 0.6037649078125
0 0.44361324062499996 0.55564115 0.44792538281249994 0.5477096328125 0.44798288125 0.544026421875 0.4365274046875 0.5149504859375 0.43480155624999994 0.513520896875 0.40241581406250004 0.5280446999999999 0.3663003828125 0.5481843546875 0.3633281328125 0.5519403953124999 0.3658834015625 0.5608968984375 0.373419725 0.582062896875 0.376871425 0.5849220734375 0.39066374375 0.5832888374999999 0.435779903125 0.562832246875 0.44361324062499996 0.55564115
0 0.4141887671875 0.46442422343749995 0.390266803125 0.4756990859375 0.366987278125 0.49248055781250005 0.344338190625 0.5132041890625 0.3567620796875 0.5455695265625 0.40190223124999996 0.5282418453125 0.42819 0.5123976953125 0.430148334375 0.510599921875 0.4306253015625 0.5057096515625 0.41850339375 0.46799819375 0.4141887671875 0.46442422343749995
0 0.3122487 0.43190160781250003 0.31438450156250003 0.44206517031250003 0.318828609375 0.45134265781250005 0.3223618015625 0.45364753281250003 0.34526985 0.4443309359375 0.3892186171875 0.41700018437499997 0.37498738593750003 0.3837595609375 0.3160358875 0.4226025421875 0.312131215625 0.4277625453125 0.3122487 0.43190160781250003
0 0.7530805453125 0.6434406874999999 0.75964845625 0.661317284375 0.764943490625 0.6697451109375 0.8169150625 0.648749053125 0.8282336078125001 0.6376050109375 0.8173150796875 0.6114610796875 0.8119625453125 0.606716465625 0.7581501234375 0.633649359375 0.7550843828125 0.636395246875 0.7530805453125 0.6434406874999999
0 0.49064941875 0.43507372968749997 0.510947603125 0.4879523078125 0.513454884375 0.49065099375 0.5885429953125 0.45398206874999997 0.5895569109375 0.4520238015625 0.58889048125 0.44338828125 0.5765840765625 0.41516200625 0.5720129734375 0.41168648750000003 0.51106218125 0.4246229046875 0.49064941875 0.43507372968749997
0 0.44222124375 0.50439650625 0.4766828046875 0.4922139921875 0.4939363359375 0.4834989015625 0.49878542656249997 0.478499390625 0.5001013249999999 0.4711950046875 0.4911651265625 0.44638220781250004 0.4889143234375 0.44358507031250005 0.48324781093749997 0.44262212031250003 0.4389585859375 0.45910014062500004 0.42256797968750004 0.4685300265625 0.42105310312500005 0.472249653125 0.42533422187500003 0.48263574531250003 0.43601778125 0.5005015515625 0.43887503125 0.5041119359375 0.44222124375 0.50439650625
0 0.36388981875000004 0.36396059687500004 0.3524248296875 0.34482569375 0.3472832703125 0.34523029375 0.2832957 0.38705248124999997 0.2851055265625 0.399433253125 0.2900985796875 0.4132072015625 0.2919994140625 0.4150926390625 0.2951826390625 0.4164858140625 0.30775006875 0.4116616296875 0.36441725625 0.37683363281250004 0.36652658125 0.3723628 0.36388981875000004 0.36396059687500004
0 0.3238174265625 0.471917490625 0.335867353125 0.50024221875 0.356980053125 0.4916147921875 0.408215696875 0.4641019703125 0.40894914218749995 0.459113246875 0.398471590625 0.42338568125 0.395882815625 0.42124129843749997 0.379223734375 0.42920518124999996 0.3261712328125 0.46578374843750003 0.3238174265625 0.471917490625
0 0.46758658750000004 0.5919413859375 0.4542662671875 0.5656733765624999 0.45039510156249996 0.5640212578125 0.4014317703125 0.5859546390625 0.38609106875 0.5981196234375 0.383725265625 0.6026889109375 0.384705675 0.6075427671875 0.392591965625 0.6296204640624999 0.3970575828125 0.630521375 0.42116652656250003 0.6212668171875 0.4508005078125 0.6057072375 0.4640318828125 0.5980130890625001 0.46758658750000004 0.5919413859375
0 0.4342252875 0.680585490625 0.422626271875 0.6886990765625 0.414898421875 0.69846478125 0.427835265625 0.7306332125 0.42999257812499997 0.7324201968749999 0.5027028890625 0.6987561046875 0.5054306578125 0.696662971875 0.50523168125 0.6930782125 0.49141991406249996 0.65863053125 0.48711728593750003 0.6566210156250001 0.4342252875 0.680585490625
0 0.32890627499999997 0.4982071453125 0.3184647140625 0.46717294374999996 0.25796235 0.5050421859374999 0.25798634374999996 0.5081710968750001 0.2696863015625 0.5355841234375001 0.2807148609375 0.53135065625 0.3250016015625 0.50336715 0.32890627499999997 0.4982071453125
0 0.3371851984375 0.504443525 0.2887468203125 0.52774445625 0.272497690625 0.5444423125 0.270831825 0.550835 0.2848185765625 0.5857385296875 0.286369440625 0.58671226875 0.3605011359375 0.548318396875 0.3371851984375 0.504443525
0 0.287744609375 0.58723043125 0.302455290625 0.6270862703125 0.305231046875 0.6312509578125 0.3701535234375 0.59953029375 0.3756090609375 0.5953440296875 0.3765174890625 0.59081115625 0.3632186796875 0.5561665703124999 0.348433953125 0.55138149375 0.29521598125000004 0.5775631796875 0.287744609375 0.58723043125
0 0.3752715109375 0.6519597640625 0.3910436734375 0.6401521781249999 0.39255855 0.6364325515625 0.391928109375 0.6324903953125001 0.3776848796875 0.5976853171875 0.3756090609375 0.5953440296875 0.3246059015625 0.6196294875 0.3088217421875 0.62987261875 0.307143878125 0.6347008515625 0.3166050296875 0.6608811953125 0.3210491359375 0.670158684375 0.32346292656250003 0.6718472171875 0.343398725 0.6662866609375 0.3752715109375 0.6519597640625
0 0.42123633125 0.7310742265625 0.4099558390625 0.702454140625 0.40477829062500004 0.6981653750000001 0.34026328281249996 0.7271145265625 0.3383169453125 0.7304767546875001 0.3504028609375 0.7634948484375 0.35266566250000003 0.7678564406249999 0.3555924078125 0.7693480671875 0.36552555781249996 0.76762716875 0.4038677984375 0.747155740625 0.4189640203125 0.736653665625 0.42123633125 0.7310742265625
0 0.362666425 0.8084742078125 0.36835941562499996 0.8240715546875 0.3718806125 0.8248119734375001 0.443670496875 0.7941162984375 0.4458613171875 0.7890911625 0.4264860421875 0.7447496515625 0.367671053125 0.7678496296875 0.356410009375 0.7753104609375 0.35543208437499996 0.781962090625 0.362666425 0.8084742078125
0 0.3874318421875 0.8177963765625 0.372661596875 0.8260812421875 0.371496690625 0.8307125671875 0.3843640390625 0.8649997562499999 0.38913411875000004 0.872060034375 0.4551759984375 0.8409557124999999 0.46198342343750004 0.8341584265625 0.44765870156250004 0.7999076515625 0.4436125515625 0.7977996828125 0.43127760625 0.799396503125 0.3874318421875 0.8177963765625
0 0.3938992078125 0.9120724890625 0.39941721406249997 0.9272139859375 0.4075910078125 0.9308756203125 0.45831617968750005 0.9150651921874999 0.4754067234375 0.9074587062499999 0.481852184375 0.898185265625 0.4622779296875 0.850258996875 0.386348403125 0.8778365515625 0.38476403124999997 0.883674934375 0.3938992078125 0.9120724890625
0 0.2637141140625 0.6403885546875 0.25609175 0.6527288671875 0.27224078125 0.71243035625 0.285985534375 0.76050228125 0.296810571875 0.7856360609374999 0.32160745625 0.7766404484375 0.3225613875 0.7668599078125 0.3192821890625 0.7529510937499999 0.3019802484375 0.6994453843749999 0.2780768890625 0.6348752015625 0.2637141140625 0.6403885546875
0 0.328907384375 0.78952886875 0.325268703125 0.7846493875 0.3008792859375 0.7908734875000001 0.3013852125 0.8121231015625 0.3363390640625 0.9200462187499999 0.341763578125 0.9341775625000001 0.344690325 0.9356691906249999 0.36168737968750003 0.927052553125 0.3653930734375 0.9183077890625 0.36005956562499997 0.8936811109375 0.33240707187499996 0.798645865625 0.328907384375 0.78952886875
0 0.9145595203125 0.420887571875 0.8988208625 0.42588303749999995 0.8655961890625001 0.44282095468750005 0.8537286984374999 0.44946853750000004 0.8449749343749999 0.459628053125 0.85932365 0.4970077375 0.865702096875 0.5013585421875 0.91065526875 0.48201055625 0.9343087578124999 0.46926969218750003 0.9414541546875 0.4618196515625 0.9201565359374999 0.4239692796875 0.9145595203125 0.420887571875
0 0.82834929375 0.40481669687500005 0.82035296875 0.41311639843750003 0.8195260328125 0.41709496875 0.8291501718750001 0.442166709375 0.8386208375 0.458406021875 0.9027618828125 0.4254162609375 0.9105137265625001 0.41877946718750003 0.9111776734375001 0.41590950156249995 0.8877442515625 0.3678955671875 0.8849924890624999 0.366859790625 0.82834929375 0.40481669687500005
0 0.846209184375 0.3969148859375 0.8717275171875001 0.3813660953125 0.886298784375 0.3694964703125 0.8897024968749999 0.36609782812499997 0.8851169140625 0.3495523671875 0.8833670703125 0.34499386875 0.8711446437499999 0.327718778125 0.8639727671875 0.3205344234375 0.8118286953125 0.35258011875 0.7969194578125001 0.3651024984375 0.79626750625 0.36953691875 0.8093913328125 0.40372565624999995 0.8130300125 0.40860513750000005 0.8167141984375 0.40823695000000004 0.846209184375 0.3969148859375
0 0.7729601796875001 0.3601780625 0.776028403125 0.3689376625 0.7807864875 0.3744334859375 0.7965611359375 0.3741313859375 0.8363127625000001 0.347365725 0.8450545281249999 0.3356417546875 0.8354448703124999 0.3236399578125 0.8236683859375 0.31979220625 0.7801630765625001 0.349044809375 0.7729601796875001 0.3601780625
0 0.7085421375000001 0.357185771875 0.69744408125 0.363537996875 0.6959292046875001 0.3672576234375 0.7056348375 0.39177506093750003 0.7075356734375 0.3936604984375 0.755823059375 0.373032628125 0.7720841859375 0.35789922500000004 0.770437346875 0.344409846875 0.7628220125 0.335303640625 0.7580064281250001 0.3334910296875 0.7085421375000001 0.357185771875
0 0.79764578125 0.3815603296875 0.7920822734375 0.3716665 0.78794263125 0.36854837812499996 0.768682778125 0.3728034234375 0.7232861484375 0.3902295578125 0.717749115625 0.394970125 0.715093328125 0.4064499875 0.7253239140625001 0.43233497343750005 0.73467709375 0.444435225 0.8051845890625 0.4142318125 0.8079123578124999 0.41213868124999997 0.8081448421875 0.40891131875 0.79764578125 0.3815603296875
0 0.5183006406249999 0.5170339625 0.5205729546875 0.5114545234375 0.515205940625 0.4936399671875 0.5093979484375 0.4854090453125 0.5028685125 0.4837313015625 0.4811493640625 0.49154548125 0.44025433906250006 0.514565890625 0.45380962656249996 0.5491120234375 0.5183006406249999 0.5170339625
0 0.16075051406250002 0.562233075 0.15067836875 0.5681914890625 0.146634703125 0.57758900625 0.1532410890625 0.6116644546875001 0.158128653125 0.62286379375 0.16054244374999999 0.6245523265624999 0.22081480781249999 0.6014159343750001 0.2330202703125 0.5941155953125 0.2348611203125 0.5881787593750001 0.21847009218750002 0.5416456640625 0.16075051406250002 0.562233075
0 0.24587295937500003 0.6153329125 0.23981800468749997 0.5972594109375 0.23748570781249997 0.595016575 0.22158406249999998 0.6011206453125 0.16553283593749998 0.6268208546875 0.16435593125 0.6298877265625 0.1653483375 0.6363060375 0.1718707453125 0.6594303 0.17675830937499998 0.670629640625 0.2367861921875 0.64915615625 0.248303715625 0.6415968734375 0.25007506875 0.63777879375 0.24587295937500003 0.6153329125
0 0.2541838625 0.65921445625 0.25210804531250003 0.6568731671875 0.24455269531249998 0.655589234375 0.23854821093749998 0.655279040625 0.20068293593750003 0.670860196875 0.17898778125 0.6818032875 0.1785803125 0.6845748 0.1955058078125 0.7225344125000001 0.19844455156250002 0.7255904953125001 0.22514227187500002 0.7184803203125 0.2645919171875 0.6970607796875 0.26567533125 0.6929837562500001 0.2541838625 0.65921445625
0 0.2804129359375 0.747473821875 0.26724112187500004 0.7070272656250001 0.19645315624999998 0.7342002203125 0.19596419375000002 0.737526034375 0.1981959703125 0.7602052375 0.20851756250000003 0.7755948890625 0.2786415828125 0.7512919 0.2804129359375 0.747473821875
0 0.2260592609375 0.860389765625 0.235939878125 0.885363053125 0.237747221875 0.8862383390625 0.29855653437499996 0.8660339499999999 0.3100620609375 0.8569102125000001 0.3109824859375 0.8539417953124999 0.3095586171875 0.8471660859375 0.291851690625 0.8079373765625 0.22304853750000003 0.847946953125 0.2260592609375 0.860389765625
0 0.325324084375 0.9127680328125001 0.32588254375000003 0.9073234593749999 0.31346816718750004 0.8650170906250001 0.31104237968750004 0.8617641031250001 0.2461534109375 0.8866726453125 0.2388905296875 0.8899836234375 0.236781203125 0.8944544578125001 0.249624559375 0.9256127375000001 0.2543011484375 0.9316628625 0.2579158359375 0.933413434375 0.26366384374999996 0.93382208125 0.31934359375 0.9155867484375 0.325324084375 0.9127680328125001
0 0.331119453125 0.9194347390625 0.27774800625 0.9367839984374999 0.246982625 0.9501627812500001 0.24743808281250002 0.9536490875 0.261750809375 0.9863354078125001 0.265365496875 0.9880859796875001 0.34327735000000004 0.9618395609375 0.34616810781249996 0.9586378234374999 0.3379773484375 0.9304007609375 0.33353324375 0.9211232718750001 0.331119453125 0.9194347390625
0 0.0594872421875 0.595874203125 0.0577973828125 0.5991379796875 0.062382965624999995 0.6156834390625 0.0709452015625 0.636455625 0.08831621875 0.631879596875 0.140182303125 0.6083089328125 0.1492165375 0.6011798749999999 0.150158471875 0.5898348796875 0.13596322968750002 0.5612876203125 0.1318355859375 0.5597339546875 0.0594872421875 0.595874203125
0 0.0868800609375 0.6795026875 0.167006728125 0.6513600421875 0.167845659375 0.6489459265625 0.166503284375 0.641615915625 0.1554457625 0.6197094984375 0.1520875546875 0.617860475 0.074782146875 0.644920140625 0.07393121875 0.6457698 0.0868800609375 0.6795026875
0 0.1798444796875 0.7039642921875 0.16716411250000002 0.6716974078125 0.1636189234375 0.667828078125 0.088307840625 0.6977833343750001 0.08514860937499999 0.6995190703125 0.102366571875 0.7420735953125 0.1803239296875 0.710579509375 0.1798444796875 0.7039642921875
0 0.1084788484375 0.7564639515625 0.12362099374999999 0.7966771890625 0.1928940859375 0.7732238609375 0.1987810859375 0.7693949921875001 0.1896914125 0.7357497703125 0.18545828125 0.731621496875 0.1084788484375 0.7564639515625
0 0.8919648109375 0.5482864125 0.8876501859375001 0.544712440625 0.844806340625 0.5595895921875 0.8144844203125 0.574890228125 0.8109177203125 0.579397475 0.8231786203125001 0.61287141875 0.8286606359375 0.62331955 0.8329872578125 0.6284579765625 0.907996359375 0.6038488390625 0.912646471875 0.59526456875 0.8973413406249999 0.5561599359375 0.8919648109375 0.5482864125
0 0.6810900078125 0.331635275 0.689956709375 0.35856682968750003 0.69282595625 0.36374166875 0.7549606796874999 0.32629186250000003 0.7570005078125 0.3239397859375 0.7564515609375 0.31944332656249996 0.7459633109375 0.298887446875 0.741112921875 0.2871508171875 0.68008560625 0.323652509375 0.6810900078125 0.331635275
0 0.7367739828125 0.2919545 0.726835865625 0.270664425 0.7201529546875001 0.26015425312499996 0.71201515 0.261185984375 0.66024255625 0.2857668015625 0.658902665625 0.2899422765625 0.6591951328125 0.29453718906250004 0.6696941953125 0.321888178125 0.672539446875 0.3239341078125 0.6871587015625 0.31832230156249997 0.7367739828125 0.2919545
0 0.7220033171875 0.24427638593749998 0.7203229703125 0.23759912968750002 0.71387254375 0.223861596875 0.709464428125 0.21927747343749998 0.70346945625 0.20902624687500002 0.69850288125 0.209886696875 0.6418931921875 0.2410314796875 0.6428041046875 0.24800409375000002 0.6536531343750001 0.2762667828125 0.6556354625 0.27759791875 0.6733324546875 0.2708046796875 0.7220033171875 0.24427638593749998
0 0.73021605 0.6443722453125 0.73585856875 0.6422062859375 0.8106087078125 0.606190115625 0.8106782062500001 0.6040713578125 0.8010540671875 0.5789996171875 0.7918973796875 0.5589786390625 0.7875947515624999 0.5569691234375 0.7650126796875 0.564068509375 0.719884521875 0.5829606453125 0.712156671875 0.59272635 0.7249090203125 0.6343799625 0.7289216625 0.6433000546875001 0.73021605 0.6443722453125
0 0.6208248203125 0.7250670859375 0.6169776484375 0.7265438765625001 0.6159757296875 0.730066596875 0.627898659375 0.7641932953125 0.6323427640625 0.7734707828125 0.6952398921875 0.7571721375 0.71386930625 0.7489749359375 0.714183284375 0.7451932703125 0.70129194375 0.707777171875 0.698178215625 0.7042652390625 0.6208248203125 0.7250670859375
0 0.577886640625 0.6270081249999999 0.5769782125 0.6315409984375 0.5826256984375 0.6523860125 0.5875372578125 0.6667142609375001 0.5920148703125 0.6691796265625001 0.6702191921875 0.6475281203125001 0.67103413125 0.6419850953124999 0.6616424765625 0.6136859921875 0.6570233859375 0.6039526546875 0.6541781328125 0.601906725 0.577886640625 0.6270081249999999
0 0.525794259375 0.520433671875 0.4886289234375 0.537838228125 0.45491528593749997 0.5581019609375 0.4696954640625 0.5958390437500001 0.47658686718750004 0.5999929421875 0.497630071875 0.5934842734375 0.5118873609375 0.5853963125 0.534665928125 0.5703762 0.544608590625 0.55871426875 0.5288959890625 0.52238115 0.525794259375 0.520433671875
0 0.32084962031250003 0.67494245 0.3161755140625 0.6803978125000001 0.3190687546875 0.6887015609375 0.3322860703125 0.7239004515625 0.3342683984375 0.7252315859375 0.39975181718749997 0.6995718375 0.407841634375 0.6922822875 0.4098454734375 0.6852368453125 0.39134511875 0.643174584375 0.3891063125 0.6419419015625001 0.32084962031250003 0.67494245
0 0.2791955171875 0.800243146875 0.28956964375 0.7889386125 0.2776587109375 0.7563763703124999 0.2725626546875 0.751533303125 0.2094810296875 0.7773171296875 0.2043634640625 0.7808506390625001 0.20328005 0.7849276625 0.21370010156250002 0.824338440625 0.2791955171875 0.800243146875
0 0.1918874625 0.8311424687500001 0.2115882921875 0.8173037875 0.21284668906249998 0.8136826156250001 0.20872855937499998 0.8021879171874999 0.19820798906249998 0.7832135046875 0.190640640625 0.7803651171875 0.1798325703125 0.7798067671875 0.1524829 0.7913513609375 0.123968321875 0.8075272828125 0.11863026875 0.815852609375 0.12328534843750001 0.8302793125000001 0.129153321875 0.8463325078124999 0.1334679484375 0.8499064796875 0.138365025 0.8511647874999999 0.1918874625 0.8311424687500001
0 0.22529954062500002 0.8721878359374999 0.2103418921875 0.8224894171875 0.131277128125 0.8549316156250001 0.13077616875 0.8566929765625 0.13971485156250002 0.8930112593749999 0.14068326250000002 0.8963006609375 0.1459663 0.9031640328125 0.15060690000000002 0.90452079375 0.20263845625000002 0.8913470109375 0.22159384375000002 0.8809325984375 0.2254985171875 0.8757725953125 0.22529954062500002 0.8721878359374999
0 0.2396387421875 0.9195085531249999 0.231625453125 0.9032328265625 0.22087239687500002 0.8874857765625 0.1492550125 0.9071318140625 0.14635225937500002 0.908769096875 0.14701868906249999 0.91740461875 0.1563408484375 0.9478224781250001 0.160271996875 0.9572968718749999 0.1888010546875 0.9541908937500001 0.2303745078125 0.9413704609375 0.242673459375 0.935080275 0.2432439171875 0.9312001562500001 0.2396387421875 0.9195085531249999
0 0.1929883328125 1 0.2503077078125 0.9802676031249999 0.25179858906249997 0.9734190671875 0.25081817968750003 0.9685652109375 0.2405420890625 0.947927890625 0.235551521875 0.94565943125 0.177412478125 0.9674538984375 0.1549478890625 0.9786923468750001 0.159557465625 0.9983667171875 0.160235153125 1 0.1929883328125 1