0 0.48359375 0.48828125 0.1546875 0.1546875
0 0.48203125 0.6421875 0.15078125 0.13984375
0 0.48203125 0.79375 0.14609375 0.14609375
0 0.64296875 0.49296875 0.15390625 0.1546875
0 0.63828125 0.646875 0.15859375 0.14296875
0 0.63359375 0.79609375 0.1515625 0.13359375
0 0.325 0.78203125 0.146875 0.13359375
0 0.1765625 0.78125 0.1375 0.13046875
0 0.16640625 0.63671875 0.15703125 0.1453125
0 0.16015625 0.484375 0.14921875 0.15390625
0 0.153125 0.32109375 0.15234375 0.15703125
0 0.14453125 0.15078125 0.15625 0.16796875
0 0.3484375 0.559375 0.103125 0.12109375
0 0.8203125 0.78203125 0.1375 0.13671875
0 0.953125 0.628125 0.09375 0.140625
0 0.9515625 0.78203125 0.09609375 0.13828125
0 1 0.3056699734375 0.9173828125 0.3101851859375 0.898986515625 0.5416666671875 1 0.5480487765625 1 0.3056699734375
0 0.7298828125 0.36759259218749996 0.725579190625 0.49351851875 0.8391011031250001 0.49444444374999996 0.845350015625 0.3648148140625 0.7298828125 0.36759259218749996
0 0.8375388750000001 0.61851851875 0.8423828125 0.502777778125 0.725579190625 0.497222221875 0.7167265640625 0.621296296875 0.8375388750000001 0.61851851875