0 0.7234375 0.253125 0.128125 0.1796875
0 0.73046875 0.4453125 0.125 0.1703125
0 0.73515625 0.63125 0.1296875 0.1765625
0 0.73828125 0.8234375 0.1296875 0.1671875
0 0.5796875 0.25859375 0.13125 0.1765625
0 0.58671875 0.44609375 0.1328125 0.18125
0 0.59296875 0.63828125 0.1359375 0.18125
0 0.59921875 0.82734375 0.13125 0.1703125
0 0.4421875 0.2640625 0.1359375 0.178125
0 0.44375 0.459375 0.1328125 0.1703125
0 0.44609375 0.64453125 0.134375 0.1703125
0 0.453125 0.83046875 0.1359375 0.1765625
0 0.29375 0.265625 0.146875 0.184375
0 0.30078125 0.459375 0.14375 0.175
0 0.3046875 0.64921875 0.1375 0.175
0 0.31015625 0.84296875 0.1421875 0.1703125
0 0.14140625 0.26015625 0.146875 0.178125
0 0.14765625 0.45703125 0.15625 0.1828125
0 0.1515625 0.66015625 0.153125 0.196875
0 0.15390625 0.8640625 0.1515625 0.178125