0 0.3203125 0.27265625 0.1015625 0.13046875
0 0.32265625 0.4078125 0.0984375 0.115625
0 0.2171875 0.40078125 0.096875 0.121875
0 0.2125 0.26640625 0.10234375 0.1296875
0 0.2671875 0.59765625 0.12265625 0.14921875
0 0.146875 0.58671875 0.109375 0.13359375
0 0.15625 0.73125 0.10625 0.13359375
0 0.275 0.74453125 0.11640625 0.1203125
0 0.45703125 0.68671875 0.1203125 0.12109375
0 0.5859375 0.5609375 0.11484375 0.1296875
0 0.5828125 0.69375 0.11328125 0.12421875
0 0.47421875 0.24296875 0.06484375 0.1796875
0 0.5453125 0.24453125 0.06640625 0.171875
0 0.49921875 0.3984375 0.09375 0.109375
0 0.6140625 0.24453125 0.0625 0.17890625
0 0.5984375 0.4015625 0.09921875 0.11796875
0 0.703125 0.72890625 0.08125 0.259375
0 0.6746744796875 0.5925925921874999 0.7677593500000001 0.5990740734375 0.781819403125 0.315740740625 0.6802745734375 0.3111111109375 0.6746744796875 0.5925925921874999