0 0.39453125 0.80078125 0.14296875 0.10234375
0 0.5421875 0.79921875 0.14375 0.1046875
0 0.53984375 0.7015625 0.13828125 0.1046875
0 0.39296875 0.70546875 0.13671875 0.09765625
0 0.39296875 0.6078125 0.13828125 0.09765625
0 0.52890625 0.6078125 0.12890625 0.09765625
0 0.5265625 0.5140625 0.12890625 0.08046875
0 0.39296875 0.5171875 0.13046875 0.0828125
0 0.39296875 0.43203125 0.12890625 0.10234375
0 0.396875 0.34453125 0.13046875 0.0828125
0 0.39921875 0.26875 0.12734375 0.0734375
0 0.525 0.4359375 0.12890625 0.08046875
0 0.52578125 0.34921875 0.121875 0.09296875
0 0.53046875 0.27578125 0.12890625 0.09296875