0 0.81015625 0.26171875 0.06640625 0.128125
0 0.8078125 0.40078125 0.0734375 0.13046875
0 0.80625 0.5328125 0.0671875 0.115625
0 0.8046875 0.6609375 0.071875 0.12109375
0 0.80546875 0.7859375 0.0609375 0.115625
0 0.8734375 0.7859375 0.0703125 0.11484375
0 0.875 0.66171875 0.0640625 0.1203125
0 0.8765625 0.53359375 0.0703125 0.11953125
0 0.8828125 0.4015625 0.071875 0.1296875
0 0.94609375 0.53046875 0.0578125 0.12421875
0 0.9453125 0.66015625 0.06953125 0.11640625
0 0.94296875 0.784375 0.0625 0.11484375
0 0.684375 0.39609375 0.0703125 0.12890625
0 0.6828125 0.53125 0.06953125 0.1265625
0 0.68046875 0.66015625 0.065625 0.1203125
0 0.684375 0.79140625 0.0671875 0.1234375
0 0.61328125 0.796875 0.0703125 0.12109375
0 0.61171875 0.665625 0.06796875 0.12890625
0 0.61015625 0.53515625 0.06953125 0.12421875
0 0.49609375 0.5265625 0.096875 0.23671875
0 0.50546875 0.765625 0.09609375 0.22890625
0 0.3921875 0.58671875 0.109375 0.13671875
0 0.396875 0.7234375 0.10625 0.1296875
0 0.26640625 0.80234375 0.0796875 0.18046875
0 0.16484375 0.61328125 0.08515625 0.19140625
0 0.06328125 0.80625 0.12578125 0.15859375
0 0.48515625 0.278125 0.04765625 0.090625
0 0.54140625 0.275 0.04921875 0.10703125
0 0.4046875 0.41796875 0.08671875 0.11171875
0 0 0.563712778125 0.0095579546875 0.7166666671875 0.1058953578125 0.725 0.0918619796875 0.49629629687500004 0 0.4918829609375 0 0.563712778125
0 0.1796875 0.80078125 0.08046875 0.17421875