0 0.5609375 0.27421875 0.1234375 0.1546875
0 0.665625 0.25390625 0.1359375 0.1390625
0 0.7765625 0.23046875 0.1171875 0.11875
0 0.78828125 0.3390625 0.125 0.121875
0 0.6875 0.3640625 0.121875 0.1203125
0 0.58515625 0.38671875 0.1234375 0.13125
0 0.61171875 0.49453125 0.11875 0.11875
0 0.7140625 0.47578125 0.1203125 0.125
0 0.8171875 0.45 0.1234375 0.1265625
0 0.83359375 0.5625 0.103125 0.1078125
0 0.7328125 0.58515625 0.1078125 0.121875
0 0.63203125 0.6078125 0.1109375 0.1109375
0 0.65546875 0.7015625 0.115625 0.115625
0 0.7546875 0.68359375 0.1171875 0.109375
0 0.8515625 0.66640625 0.109375 0.1140625
0 0.8703125 0.76328125 0.1078125 0.1078125
0 0.77421875 0.7828125 0.1140625 0.1109375
0 0.68046875 0.803125 0.1109375 0.109375
0 0.58828125 0.79453125 0.09375 0.1625
0 0.553125 0.6296875 0.0890625 0.171875
0 0.51015625 0.45859375 0.103125 0.196875
0 0.50234375 0.85 0.1109375 0.115625
0 0.48125 0.74140625 0.1109375 0.121875
0 0.45078125 0.63515625 0.1125 0.109375
0 0.4265625 0.52421875 0.1171875 0.115625
0 0.45484413593750006 0.45629235625 0.4297148 0.348084290625 0.3299325734375 0.381535696875 0.360390353125 0.48267743125000007 0.45484413593750006 0.45629235625
0 0.42742125 0.3473101578125 0.3988063 0.23605810625 0.29618836718749997 0.2561826171875 0.328048859375 0.3772640953125 0.42742125 0.3473101578125
0 0.31979455625000003 0.36514025625 0.29127031406250004 0.2576538484375 0.194524928125 0.287257965625 0.221523534375 0.393598446875 0.31979455625000003 0.36514025625
0 0.323280203125 0.36818438124999997 0.2251750296875 0.39408394062499996 0.2572944875 0.5074134265625 0.35962061875 0.47905611875 0.323280203125 0.36818438124999997
0 0.2902060296875 0.6141040546875 0.391646190625 0.59967659375 0.35962061875 0.47905611875 0.2587244140625 0.5118572343750001 0.2902060296875 0.6141040546875
0 0.386711784375 0.5931554890624999 0.293375146875 0.6281346937500001 0.3174972359375 0.7154929906249999 0.41659398437500006 0.7003533 0.386711784375 0.5931554890624999
0 0.4148136953125 0.7019933546875 0.314762259375 0.73209153125 0.3196492796875 0.73396779375 0.351343478125 0.8340804984375 0.442658921875 0.8096241390625 0.4148136953125 0.7019933546875
0 0.4370611859375 0.8133373531249999 0.3460774609375 0.8326765421875001 0.37090729375 0.9250163875 0.457737890625 0.8972585437499999 0.4370611859375 0.8133373531249999
0 0.36897259375 0.9236962328124999 0.3486275875 0.8346577796875 0.251276371875 0.8540887765624999 0.273054965625 0.9489709140624999 0.36897259375 0.9236962328124999
0 0.34606176875 0.822586553125 0.31619524375 0.7254786359375001 0.2218166015625 0.7455394359375 0.251517259375 0.8452058921875001 0.34606176875 0.822586553125
0 0.224623221875 0.7487278921875 0.32434302187499997 0.7237467734374999 0.2907342921875 0.622387721875 0.2037901734375 0.6481563796875001 0.224623221875 0.7487278921875
0 0.287670990625 0.6179921828125 0.2525978109375 0.5030661609375 0.171498584375 0.5455375484375 0.201787434375 0.641293959375 0.287670990625 0.6179921828125
0 0.1290473578125 0.4359647015625 0.163500878125 0.53462090625 0.2619534625 0.5136941625 0.22441891875 0.3944972 0.1290473578125 0.4359647015625
0 0.09940605625 0.31988405000000003 0.131400271875 0.420324684375 0.22458671406250003 0.39799391562499997 0.193883225 0.28423899218750004 0.09940605625 0.31988405000000003
0 0.2691305765625 0.9247316578125 0.18494735625 0.6221635921875001 0.0916716578125 0.6467449296875001 0.1833221609375 0.9417091578125 0.2691305765625 0.9247316578125
0 0.15078125 0.9296875 0.0515625 0.0515625
0 0.10546875 0.93984375 0.05 0.0421875
0 0.0984375 0.89453125 0.05 0.0484375
0 0.1375 0.884375 0.046875 0.046875
0 0.125 0.84140625 0.046875 0.0515625
0 0.0828125 0.8546875 0.0421875 0.046875
0 0.11328125 0.79765625 0.0453125 0.0484375
0 0.0703125 0.80390625 0.040625 0.0453125
0 0.09765625 0.75078125 0.046875 0.0484375
0 0.08203125 0.7 0.05 0.0515625
0 0.06875 0.6578125 0.0484375 0.046875
0 0.05390625 0.6046875 0.05 0.0515625
0 0.04453125 0.559375 0.0515625 0.046875
0 0.0328125 0.50703125 0.04375 0.046875