0 0.62734375 0.25390625 0.12109375 0.084375
0 0.6265625 0.3375 0.13125 0.07109375
0 0.63203125 0.42734375 0.1359375 0.0703125
0 0.63203125 0.50859375 0.1359375 0.08046875
0 0.6328125 0.609375 0.1390625 0.08671875
0 0.628125 0.709375 0.1421875 0.078125
0 0.6296875 0.80859375 0.14375 0.09140625
0 0.75390625 0.18671875 0.11484375 0.07265625
0 0.75859375 0.2609375 0.1203125 0.0703125
0 0.76484375 0.3453125 0.1203125 0.0671875
0 0.77265625 0.4265625 0.1234375 0.078125
0 0.77265625 0.51875 0.12578125 0.07265625
0 0.77890625 0.61015625 0.13359375 0.075
0 0.77890625 0.7046875 0.13359375 0.08203125
0 0.77890625 0.80703125 0.13984375 0.078125
0 0.46484375 0.60078125 0.13515625 0.084375
0 0.465625 0.7015625 0.13671875 0.09140625
0 0.4640625 0.7953125 0.140625 0.09296875
0 0.33671875 0.16953125 0.12578125 0.071875
0 0.33359375 0.25078125 0.12734375 0.0640625
0 0.33515625 0.3359375 0.128125 0.07734375
0 0.3265625 0.42265625 0.1359375 0.0796875
0 0.32265625 0.5109375 0.13125 0.08125
0 0.31953125 0.61171875 0.13046875 0.078125
0 0.31796875 0.7015625 0.13515625 0.07734375
0 0.315625 0.80234375 0.1359375 0.08203125