0 0.79453125 0.45390625 0.1078125 0.14765625
0 0.80390625 0.6125 0.10859375 0.1578125
0 0.81640625 0.78203125 0.109375 0.171875
0 0.928125 0.5140625 0.12421875 0.1328125
0 0.93984375 0.64921875 0.11875 0.13359375
0 0.9453125 0.79296875 0.109375 0.1484375
0 0.546875 0.2078125 0.09921875 0.0828125
0 0.55625 0.30625 0.08203125 0.08671875
0 0.56171875 0.39765625 0.084375 0.08984375
0 0.56640625 0.49765625 0.0859375 0.096875
0 0.56953125 0.596875 0.09140625 0.1078125
0 0.57265625 0.7015625 0.0890625 0.103125
0 0.57734375 0.81171875 0.09140625 0.109375
0 0.46171875 0.21171875 0.0671875 0.08671875
0 0.47109375 0.30546875 0.084375 0.0859375
0 0.471875 0.39921875 0.0859375 0.09296875
0 0.47578125 0.49765625 0.08984375 0.0984375
0 0.475 0.6 0.09453125 0.103125
0 0.47890625 0.70390625 0.0953125 0.10546875
0 0.48203125 0.81484375 0.09921875 0.096875
0 0.38359375 0.8125 0.09296875 0.09375
0 0.3828125 0.70625 0.0921875 0.1
0 0.38203125 0.60234375 0.08828125 0.090625
0 0.3828125 0.5 0.08828125 0.0859375
0 0.3828125 0.40546875 0.08671875 0.0875
0 0.384375 0.3125 0.0859375 0.0859375
0 0.38359375 0.2203125 0.08046875 0.078125
0 0.45075549375 0.1591796875 0.45285842968749995 0.0751953125 0.37759680156250003 0.0986328125 0.37539938125 0.169921875 0.45075549375 0.1591796875
0 0.2859375 0.14609375 0.07890625 0.0671875
0 0.284375 0.2296875 0.08046875 0.08203125
0 0.28125 0.31953125 0.08046875 0.0875
0 0.2796875 0.4109375 0.08125 0.09296875
0 0.27734375 0.50703125 0.0859375 0.096875
0 0.27265625 0.60546875 0.0859375 0.0921875
0 0.26875 0.709375 0.0953125 0.1078125
0 0.265625 0.82109375 0.0921875 0.09453125
0 0.1671875 0.82109375 0.09765625 0.09765625
0 0.175 0.71796875 0.09375 0.09765625
0 0.18125 0.61171875 0.09765625 0.10078125
0 0.18515625 0.5140625 0.0859375 0.090625
0 0.18828125 0.4203125 0.0875 0.0859375
0 0.19296875 0.3234375 0.0859375 0.08671875
0 0.1984375 0.23359375 0.08515625 0.0875
0 0.203125 0.15 0.0828125 0.075
0 0.11640625 0.13515625 0.08203125 0.075
0 0.11171875 0.221875 0.07890625 0.0796875
0 0.1046875 0.31015625 0.07890625 0.0828125
0 0.096875 0.403125 0.0859375 0.0890625
0 0.090625 0.5 0.084375 0.0953125
0 0.0859375 0.6 0.0875 0.0984375
0 0.07734375 0.7046875 0.0890625 0.109375
0 0.0703125 0.81640625 0.09296875 0.1078125