0 0.90625 0.25703125 0.15546875 0.19140625
0 0.896875 0.45390625 0.1671875 0.1921875
0 0.9015625 0.6515625 0.15546875 0.17421875
0 0.8984375 0.8453125 0.1546875 0.16484375
0 0.7328125 0.2671875 0.1578125 0.18359375
0 0.7265625 0.4578125 0.1546875 0.171875
0 0.73203125 0.65234375 0.15625 0.17578125
0 0.73125 0.84296875 0.159375 0.17734375
0 0.5546875 0.26640625 0.1578125 0.18203125
0 0.55859375 0.46171875 0.15234375 0.17421875
0 0.56328125 0.6515625 0.1515625 0.16484375
0 0.56640625 0.83515625 0.1484375 0.17109375
0 0.390625 0.2640625 0.15703125 0.18671875
0 0.3890625 0.45625 0.1578125 0.16875
0 0.39453125 0.64765625 0.1546875 0.18125
0 0.4015625 0.84609375 0.15625 0.1703125
0 0.221875 0.25546875 0.1515625 0.18828125
0 0.221875 0.45234375 0.16640625 0.19296875
0 0.22421875 0.65 0.16875 0.18984375
0 0.23203125 0.84765625 0.1609375 0.16953125