0 0.425 0.23515625 0.1359375 0.084375
0 0.42890625 0.32109375 0.1359375 0.096875
0 0.43828125 0.40546875 0.14375 0.09375
0 0.4515625 0.4953125 0.1484375 0.109375
0 0.4625 0.5921875 0.153125 0.1
0 0.47578125 0.6984375 0.159375 0.109375
0 0.4890625 0.80078125 0.1578125 0.1109375
0 0.56171875 0.23828125 0.13125 0.078125
0 0.5734375 0.32109375 0.1375 0.0859375
0 0.5875 0.4046875 0.140625 0.090625
0 0.59921875 0.4984375 0.1359375 0.0984375
0 0.6125 0.584375 0.146875 0.1
0 0.63046875 0.68515625 0.153125 0.1015625
0 0.6421875 0.78359375 0.1484375 0.09375
0 0.26953125 0.41171875 0.146875 0.1671875
0 0.28359375 0.59921875 0.1546875 0.1953125
0 0.30234375 0.79375 0.15 0.1953125
0 0.14453125 0.61796875 0.15 0.1984375
0 0.153125 0.8046875 0.1453125 0.2
0 0.7921875 0.6671875 0.0765625 0.053125
0 0.796875 0.72109375 0.0734375 0.053125
0 0.81171875 0.775 0.0765625 0.046875
0 0.82265625 0.82734375 0.078125 0.0515625
0 0.83046875 0.8765625 0.075 0.0515625
0 0.88203125 0.7046875 0.0796875 0.0515625
0 0.8828125 0.82734375 0.0390625 0.1328125