0 0.31015625 0.45390625 0.1109375 0.1453125
0 0.353125 0.5921875 0.103125 0.15
0 0.39375 0.72421875 0.1046875 0.1359375
0 0.43046875 0.85625 0.1 0.1453125
0 0.3609375 0.88046875 0.1015625 0.1453125
0 0.321875 0.74765625 0.103125 0.1359375
0 0.226510309375 0.5694469859375 0.267605909375 0.6926379218750001 0.33210828124999997 0.665768671875 0.2942229140625 0.546510503125 0.226510309375 0.5694469859375
0 0.050595128125 0.5446891375 0.12964720937500002 0.781367653125 0.2284509234375 0.7577690421875001 0.15372350625 0.5189731484375 0.050595128125 0.5446891375
0 0.246285025 1 0.3121722203125 0.981693378125 0.24001989687499997 0.7546691453125 0.1398992109375 0.7853307609375 0.2124275125 1 0.246285025 1
0 0.40546875 0.2859375 0.109375 0.15
0 0.44296875 0.42578125 0.103125 0.1515625
0 0.48359375 0.559375 0.103125 0.1375
0 0.52109375 0.684375 0.0984375 0.1390625
0 0.559375 0.809375 0.0984375 0.1390625
0 0.62890625 0.7921875 0.0953125 0.1328125
0 0.590625 0.6671875 0.0984375 0.1421875
0 0.55390625 0.5359375 0.1015625 0.14375
0 0.5171875 0.40390625 0.1 0.146875
0 0.6234375 0.51171875 0.1015625 0.140625
0 0.66171875 0.64453125 0.103125 0.14375
0 0.69609375 0.77109375 0.0953125 0.1328125
0 0.7829900828125 0.569878571875 0.8939605890625 0.53535116875 0.8208392609375 0.224230746875 0.704329265625 0.2516151484375 0.7829900828125 0.569878571875
0 0.8423751953125 0.7955308203125 0.940483675 0.7673255546875 0.8893624875 0.5423347625 0.7888295828125 0.5750240062499999 0.8423751953125 0.7955308203125
0 1 0.688646403125 0.9896908218749999 0.639109853125 0.920061040625 0.6548913296875 0.9480890625 0.7729564109375 1 0.755161528125 1 0.688646403125
0 0.9907916374999999 0.6311461781250001 0.966055353125 0.5026131890625 0.8983427484375 0.525549671875 0.9241798484375 0.6461189875 0.9907916374999999 0.6311461781250001
0 0.897168215625 0.5191542640625 0.9646174703125 0.497246934375 0.93662354375 0.36862823749999996 0.8658593421875 0.3875894484375 0.897168215625 0.5191542640625
0 0.8655084687500001 0.38289052031250004 0.93396371875 0.36071363437500004 0.9085084921875 0.2294975171875 0.8353340140625001 0.248145971875 0.8655084687500001 0.38289052031250004
0 0.8691771625 0.22757465937500002 0.934901475 0.20325375937499998 0.902667615625 0.07289538281249999 0.8374447171874999 0.09037180624999999 0.8691771625 0.22757465937500002