0 0.4703125 0.28203125 0.1328125 0.1015625
0 0.58671875 0.2328125 0.128125 0.1
0 0.49765625 0.3515625 0.1359375 0.109375
0 0.528125 0.428125 0.140625 0.1140625
0 0.5609375 0.51015625 0.1421875 0.1109375
0 0.5921875 0.584375 0.14375 0.1125
0 0.63125 0.67265625 0.146875 0.1203125
0 0.61484375 0.31015625 0.1328125 0.1125
0 0.653125 0.3890625 0.1359375 0.1125
0 0.684375 0.4609375 0.1359375 0.0984375
0 0.71953125 0.53125 0.1421875 0.1171875
0 0.76953125 0.6140625 0.146875 0.11875
0 0.74921875 0.73203125 0.2921875 0.196875
0 0.29453125 0.228125 0.14375 0.1125
0 0.3265625 0.30703125 0.14375 0.1125
0 0.353125 0.38203125 0.1484375 0.1203125
0 0.38046875 0.46484375 0.15 0.115625
0 0.4125 0.55078125 0.1515625 0.1171875
0 0.446875 0.6359375 0.1578125 0.1265625
0 0.47421875 0.73203125 0.1640625 0.128125
0 0.50703125 0.828125 0.165625 0.13125
0 0.19453125 0.3453125 0.146875 0.115625
0 0.22109375 0.428125 0.146875 0.1125
0 0.2484375 0.5125 0.1484375 0.1171875
0 0.2734375 0.5984375 0.1515625 0.1171875
0 0.303125 0.690625 0.1546875 0.125
0 0.33359375 0.78828125 0.171875 0.1375
0 0.36328125 0.8859375 0.1734375 0.140625