0 0.847685571875 0.2737780390625 0.8244937046875 0.230805665625 0.75479471875 0.2783728984375 0.78180403125 0.31922922656249997 0.847685571875 0.2737780390625
0 0.8780315359375 0.32060072968750003 0.8543591906250001 0.2778946890625 0.7851251890625 0.3240876203125 0.8088326828125 0.36119139375 0.8780315359375 0.32060072968750003
0 0.911292659375 0.3613412921875 0.887153896875 0.316660678125 0.8117085124999999 0.3607138515625 0.8363699296875 0.3984054125 0.911292659375 0.3613412921875
0 0.9421053671875 0.4112549328125 0.9131864468750001 0.36475777656249997 0.8401396 0.40748141875000005 0.864268565625 0.45440057500000003 0.9421053671875 0.4112549328125
0 0.965311296875 0.4519863984375 0.9440061859375 0.4135509609375 0.8676033640625 0.45701829375 0.8898783937499999 0.497149209375 0.965311296875 0.4519863984375
0 1 0.503042 0.9772388546874999 0.4587735234375 0.9003274390625 0.5069890015625 0.9211454609375 0.5468109921875 1 0.506393921875 1 0.503042
0 1 0.5101255671875 0.9277975734374999 0.5542892328125 0.9505089640625 0.5975279390625 1 0.5735188499999999 1 0.5101255671875
0 1 0.5745244171875 0.9586738828125 0.5941186078125 0.9828547515625001 0.6354262109375 1 0.626877353125 1 0.5745244171875
0 0.8036038453125001 0.35515733125 0.7832596875 0.3161892296875 0.7207834937500001 0.3530534640625 0.743523003125 0.39181035625 0.8036038453125001 0.35515733125
0 0.8310918828125 0.400214525 0.8069601515624999 0.35441345625 0.74249895 0.4024270078125 0.7623556 0.44278189531249995 0.8310918828125 0.400214525
0 0.8628550031250001 0.4507179 0.8363349484375 0.40400758750000004 0.7661220875 0.45297622187500003 0.792210790625 0.49210973906250005 0.8628550031250001 0.4507179
0 0.889834446875 0.5005232390625001 0.861413575 0.451516896875 0.7897733421875001 0.49904362343750003 0.8153739468750001 0.5462635953125 0.889834446875 0.5005232390625001
0 0.9216116265625001 0.54878570625 0.8931837249999999 0.5008998171875 0.8177207687499999 0.54719584375 0.844755103125 0.5947376421875 0.9216116265625001 0.54878570625
0 0.9471526562499999 0.5982718140625 0.9239788609374999 0.5530563093749999 0.84372503125 0.5997748484375001 0.8674589625 0.6390970796875 0.9471526562499999 0.5982718140625
0 0.97753795 0.6394899203125 0.95480211875 0.6007309890625 0.8750965453124999 0.6426793953125001 0.8972879656250001 0.6862063265625 0.97753795 0.6394899203125
0 0.8412133562499999 0.6179154421875 0.817064546875 0.5754735109375 0.750249925 0.6214419140625 0.7734139203125 0.6644297375 0.8412133562499999 0.6179154421875
0 0.8986268109375001 0.7692059453125 0.8199637515625 0.6475591984375 0.8002642078125 0.6584788328125 0.8808767171874999 0.7835112093750001 0.8986268109375001 0.7692059453125
0 0.864940146875 0.80462711875 0.8808276749999999 0.791354290625 0.8088178890625001 0.6682526875 0.7919941765625 0.67869478125 0.864940146875 0.80462711875
0 0.65826578125 0.6255341765625 0.6828990796875 0.66770755 0.7444633609375 0.6235329015625 0.7217872921875 0.5791580609375 0.65826578125 0.6255341765625
0 0.7690896296874999 0.66682673125 0.7482720265625 0.6270045078125001 0.6814646796875 0.6673860953124999 0.70420613125 0.7083750249999999 0.7690896296874999 0.66682673125
0 0.802767628125 0.717385228125 0.7781765078125 0.6684891328125 0.7089817468749999 0.7113106421875 0.7345546859375001 0.755196278125 0.802767628125 0.717385228125
0 0.8326684312499999 0.7588718906249999 0.806611440625 0.7152545671875 0.7402845703125001 0.755369821875 0.7634483203125 0.8028240078125 0.8326684312499999 0.7588718906249999
0 0.86444920625 0.8071323640625 0.8336260328125 0.7594576390625 0.7672851046875 0.8018138 0.7895160359375 0.8475519421875 0.86444920625 0.8071323640625
0 0.41244260468749994 0.593196125 0.41717707343750005 0.6017373328125 0.42220161718749993 0.602301853125 0.5411402859375001 0.5363730734375001 0.5418966921874999 0.53037100625 0.53388721875 0.509688203125 0.503565278125 0.458385971875 0.3820048671875 0.5224183375 0.381746803125 0.525352775 0.41244260468749994 0.593196125
0 0.6827630046875 0.7816717625 0.647526778125 0.7124372640625001 0.6418027359375 0.7089108125 0.6240362312500001 0.7165258328124999 0.5204612640625 0.7761714875 0.5192278531250001 0.781879684375 0.5293500546875001 0.8092072781249999 0.553453165625 0.8594904390625 0.5570253593750001 0.8625348453124999 0.5981061484375 0.8408799484375 0.6807838562499999 0.7917012765625 0.6841655624999999 0.787035375 0.6827630046875 0.7816717625
0 0.4631667859375 0.3797308390625 0.4586299171875 0.3777794390625 0.4550328296875 0.37865678125 0.33826379375000004 0.4422663578125 0.337295559375 0.44391961562500004 0.33847206406249997 0.44717541718750003 0.3557350921875 0.48115207499999996 0.37607552499999997 0.5206805203125 0.3784641 0.5215896250000001 0.499081171875 0.4552887671875 0.500067190625 0.4508342609375 0.494636778125 0.43877087187499997 0.4631667859375 0.3797308390625
0 0.59692959375 0.6187790609375 0.5943042953125001 0.6174428953125 0.467909828125 0.6886210484374999 0.467655321875 0.6909952374999999 0.48467095625 0.7262255859375 0.505241 0.7673015890625 0.50808168125 0.7724263140625001 0.5116538734375 0.7754707203125 0.641401590625 0.704108665625 0.6419106046875 0.6993602875 0.6019078984374999 0.6266268296875 0.59692959375 0.6187790609375
0 0.2827607515625 0.359701690625 0.28927321250000004 0.3521838265625 0.2892945515625 0.3488223265625 0.2644812703125 0.2972579859375 0.2549838796875 0.28465756875000003 0.2502031734375 0.28339960937500003 0.206044978125 0.29950272187500004 0.177691921875 0.3152190765625 0.14113733125 0.34050612343750003 0.13391114375 0.34730305625 0.134840253125 0.351812546875 0.1591872015625 0.4014022671875 0.16937342187499999 0.41864536562500004 0.17271600468749998 0.4201422109375 0.2827607515625 0.359701690625
0 0.292996684375 0.3691013359375 0.2844284015625 0.36101041093749997 0.16814348437499999 0.42379335781250005 0.16716813749999998 0.426567115625 0.174718390625 0.44415479687500004 0.200962684375 0.49660075 0.20573627656250001 0.498979209375 0.3167385859375 0.43856618125 0.32276693125 0.43187494531250004 0.32326883125 0.4282470671875 0.31429823749999997 0.408097021875 0.292996684375 0.3691013359375
0 0.3256038046875 0.437560059375 0.319858421875 0.43739510625 0.203562834375 0.501858803125 0.2018630890625 0.505592378125 0.211780578125 0.5274506640625 0.23850898593749997 0.5790699906250001 0.24137812187500002 0.579712715625 0.3538292265625 0.51738005 0.3617726984375 0.5107437984375001 0.36203431875000003 0.507249109375 0.33130295 0.44500825937500005 0.3256038046875 0.437560059375
0 0.40291625781249996 0.592335603125 0.4046053328125 0.590282778125 0.403679778125 0.5852130375 0.37032666875000003 0.5210757703125 0.3648571328125 0.51517513125 0.357444015625 0.5137015046875 0.23873495625 0.5811778453125 0.241543628125 0.5913448203125 0.2507545015625 0.611361675 0.274151 0.659803403125 0.27891747968749997 0.6633023625 0.283705296875 0.6634398234375001 0.33200160625 0.6366687421874999 0.40291625781249996 0.592335603125
0 0.45309434687500005 0.6839930015625 0.45335241249999997 0.6810585625 0.4486428390625 0.66859560625 0.4138836171875 0.599654978125 0.4081631296875 0.5955682765625 0.40456959843750007 0.5958853687500001 0.27983575156249996 0.6694926953125 0.2850152140625 0.6833700234375 0.31314973749999997 0.739792709375 0.3207177734375 0.75457914375 0.323335959375 0.7570358078125 0.3252546421875 0.7565305421875 0.4316951890625 0.6980878625 0.45309434687500005 0.6839930015625
0 0.505904765625 0.7758661109375 0.5049720984375 0.7719168703125 0.46288156249999995 0.6886168703125 0.4557158390625 0.68588955625 0.32690790000000003 0.760080353125 0.32665695 0.7618942921875 0.3446159203125 0.7993931328125 0.3661293015625 0.842737628125 0.3694434296875 0.8487164734375 0.37325945781250003 0.8510674406250001 0.418654621875 0.8286958828125 0.5030036203125 0.780265634375 0.505904765625 0.7758661109375
0 0.5515636859375 0.8627709078124999 0.50877009375 0.7770692265625 0.50110246875 0.777969790625 0.3720649203125 0.850613028125 0.371333409375 0.8526933453125001 0.374859365625 0.863021 0.3845436859375 0.8838919765625001 0.4084171875 0.9326275765625001 0.4138653828125 0.9418897156250001 0.4164942390625 0.9426656296875 0.549358484375 0.8706926109375001 0.55201935 0.8664262781250001 0.5515636859375 0.8627709078124999
0 0.201560759375 0.6285812 0.2051827453125 0.623782109375 0.20739505937499997 0.61473990625 0.20293288125000003 0.6010232609374999 0.16776423125 0.5211440140625 0.1455442390625 0.4759580875 0.13622666249999998 0.472748728125 0.1290431546875 0.47282266406250006 0.0398992234375 0.5222359515624999 0.030284462499999998 0.5281237796875 0.025213681249999998 0.5348425078125 0.024202767187499998 0.5432187625 0.0787436171875 0.6642797109374999 0.088452834375 0.6812289375 0.10017676718749999 0.6825461515625 0.201560759375 0.6285812
0 0.2633062265625 0.2945596546875 0.26399505625 0.299202334375 0.2885893984375 0.347538365625 0.2978145 0.3653142203125 0.299485790625 0.36606264374999997 0.41457286406250005 0.30338539375 0.4138982609375 0.29650171406250003 0.383149109375 0.2370621125 0.37527677187499997 0.23249336718750002 0.316182084375 0.26301697343749997 0.2633062265625 0.2945596546875
0 0.417427771875 0.3062691203125 0.4140816328125 0.3053325234375 0.322552684375 0.35327645625000004 0.301404475 0.365557378125 0.2973054859375 0.3700625984375 0.32378294531249996 0.4234958625 0.333018715625 0.43959096875 0.3358807375 0.44135419374999996 0.45505257343750005 0.3764127234375 0.455787640625 0.37377215625 0.424080925 0.3143050625 0.417427771875 0.3062691203125
0 0.5476398953125 0.5389113421875 0.5414068390625 0.54013326875 0.423436403125 0.6044087921875 0.4236482296875 0.6087576015625 0.44277303437500004 0.6511929921874999 0.4612410203125 0.6839434546875001 0.4650499359375 0.6874149218750001 0.4691169140625 0.68795195 0.5919071796875001 0.6187716375 0.5826998624999999 0.5981945328125 0.5519222578125 0.5432369296874999 0.5476398953125 0.5389113421875
0 0.29330026249999996 0.796574278125 0.2167424625 0.6357976390625 0.09375449375 0.7017378703125 0.167864903125 0.87392013125 0.29330026249999996 0.796574278125
0 0.3449187734375 1 0.384602365625 0.9793250484374999 0.2990308359375 0.798980553125 0.17263735156249999 0.8735078328125001 0.228732190625 1 0.3449187734375 1