0 0.4578125 0.228125 0.12890625 0.06875
0 0.4515625 0.3140625 0.12734375 0.08125
0 0.45 0.3984375 0.13515625 0.078125
0 0.45234375 0.4890625 0.1375 0.09296875
0 0.4515625 0.58671875 0.14375 0.0828125
0 0.4515625 0.69375 0.14921875 0.09140625
0 0.45234375 0.796875 0.14765625 0.09296875
0 0.59296875 0.24765625 0.125 0.0640625
0 0.59453125 0.33125 0.13046875 0.0703125
0 0.5984375 0.41640625 0.13203125 0.075
0 0.5984375 0.51015625 0.12734375 0.0828125
0 0.6015625 0.59765625 0.13828125 0.084375
0 0.60703125 0.7 0.14375 0.084375
0 0.60625 0.7984375 0.140625 0.0765625
0 0.28203125 0.384375 0.12890625 0.15234375
0 0.2734375 0.571875 0.134375 0.18046875
0 0.26796875 0.7671875 0.12890625 0.18046875
0 0.1328125 0.5734375 0.12890625 0.184375
0 0.11875 0.76015625 0.12421875 0.1859375
0 0.76953125 0.7015625 0.07109375 0.04453125
0 0.76796875 0.75546875 0.06796875 0.04453125
0 0.77578125 0.8109375 0.071875 0.03828125
0 0.78046875 0.8640625 0.0734375 0.0421875
0 0.78203125 0.9140625 0.0703125 0.04375
0 0.85390625 0.75 0.07578125 0.04296875
0 0.83984375 0.871875 0.02265625 0.13125