0 0.1921875 0.12421875 0.09375 0.0953125
0 0.1734375 0.215625 0.103125 0.103125
0 0.14765625 0.3109375 0.1046875 0.1078125
0 0.121875 0.4125 0.109375 0.1109375
0 0.1 0.51640625 0.1109375 0.11875
0 0.08046875 0.628125 0.121875 0.1234375
0 0.05546875 0.74375 0.1109375 0.121875
0 0.153125 0.76015625 0.1171875 0.1203125
0 0.178125 0.64375 0.1109375 0.11875
0 0.19765625 0.5328125 0.1140625 0.1171875
0 0.21953125 0.428125 0.1109375 0.1171875
0 0.24140625 0.3265625 0.1046875 0.10625
0 0.26328125 0.2265625 0.103125 0.1046875
0 0.28125 0.13828125 0.1 0.103125
0 0.37109375 0.15078125 0.096875 0.1046875
0 0.35859375 0.24609375 0.0984375 0.1046875
0 0.334375 0.34609375 0.1015625 0.1078125
0 0.31640625 0.4453125 0.1046875 0.115625
0 0.29609375 0.5546875 0.1109375 0.11875
0 0.278125 0.65859375 0.1125 0.1296875
0 0.25703125 0.77578125 0.115625 0.1296875