0 0.609375 0.68125 0.1609375 0.134375
0 0.2828125 0.2359375 0.1546875 0.1234375
0 0.5734375 0.5953125 0.153125 0.125
0 0.7046875 0.54765625 0.1546875 0.1265625
0 0.54296875 0.51640625 0.15 0.121875
0 0.5109375 0.43828125 0.1484375 0.125
0 0.6015625 0.315625 0.14375 0.1171875
0 0.45390625 0.2875 0.1484375 0.1203125
0 0.4796875 0.359375 0.1453125 0.1203125
0 0.63359375 0.39296875 0.14375 0.1203125
0 0.7453125 0.62578125 0.1515625 0.1296875
0 0.48125 0.83671875 0.178125 0.1484375
0 0.6671875 0.4703125 0.14375 0.1140625
0 0.57421875 0.24375 0.1390625 0.1125
0 0.3390625 0.890625 0.1796875 0.1484375
0 0.4515625 0.73828125 0.1703125 0.1390625
0 0.3078125 0.79296875 0.171875 0.1421875
0 0.3109375 0.3109375 0.1484375 0.1171875
0 0.18125 0.34921875 0.1546875 0.1265625
0 0.7171875 0.7421875 0.2984375 0.1921875
0 0.2015625 0.4296875 0.159375 0.128125
0 0.36640625 0.4734375 0.15625 0.128125
0 0.33984375 0.390625 0.1484375 0.11875
0 0.425 0.64296875 0.1671875 0.1390625
0 0.2828125 0.69765625 0.171875 0.1390625
0 0.39453125 0.55546875 0.1578125 0.1265625
0 0.25234375 0.603125 0.1671875 0.134375
0 0.2296875 0.51484375 0.1609375 0.128125
0 0.13203125 0.74609375 0.1640625 0.140625
0 0.165625 0.840625 0.1546875 0.1390625
0 0.1953125 0.93359375 0.146875 0.1328125