0 0.9665723421875001 0.3934739296875 0.95947653125 0.345161021875 0.87771195625 0.36602114218750004 0.8891187203124999 0.4136512625 0.9665723421875001 0.3934739296875
0 0.9798535640624999 0.44575084218749994 0.9722151625000001 0.397523871875 0.8913575687499999 0.41725160624999996 0.9009450875 0.4602261875 0.9798535640624999 0.44575084218749994
0 0.996937646875 0.497425440625 0.9895363015624999 0.44718345312499996 0.9035737578124999 0.4627760546875 0.9138566359375 0.5066292375 0.996937646875 0.497425440625
0 1 0.4979373640625 0.917092034375 0.51303795 0.92371855 0.5653801281249999 1 0.5532983328125 1 0.4979373640625
0 1 0.5594045265625 0.9285698265625 0.571532909375 0.9357759234374999 0.6168621437499999 1 0.6044833875 1 0.5594045265625
0 1 0.619270775 0.9369557875 0.631506303125 0.9472549078125001 0.675356915625 1 0.6688416578124999 1 0.619270775
0 1 0.6713282203125 0.9520881828125001 0.6795350765625 0.9637960203124999 0.7271175109375 1 0.7237001640625 1 0.6713282203125
0 1 0.731856159375 0.9677311218750001 0.7344041359375 0.9781509625 0.7861455109375 1 0.7823755796875 1 0.731856159375
0 0.892890690625 0.4585356734375 0.8871013124999999 0.4149595234375 0.8157845828125 0.42823245468750004 0.8238970968749999 0.472429390625 0.892890690625 0.4585356734375
0 0.9108381421875 0.50512985 0.9023518015624999 0.45505970937500007 0.8253564843750001 0.478130659375 0.8302134499999999 0.5228432234375 0.9108381421875 0.50512985
0 0.9243451437499999 0.5623146796875 0.9154003109375 0.50935095 0.83267354375 0.5313522015625 0.84380445625 0.5770485421875 0.9243451437499999 0.5623146796875
0 0.93390105 0.6191365656250001 0.9239553203125 0.5633651562499999 0.8403804265625 0.5835232671874999 0.8482869421875 0.63665145 0.93390105 0.6191365656250001
0 0.9445421375 0.675786575 0.9342065859375 0.62106564375 0.8474604296875 0.638759828125 0.8566041421874999 0.6926807921875 0.9445421375 0.675786575
0 0.956111109375 0.7313008875 0.949799478125 0.6808863078125 0.8584068640625 0.697338946875 0.8672604703125 0.742407240625 0.956111109375 0.7313008875
0 0.973737784375 0.7828895484375 0.9656294265625001 0.738691953125 0.8763834875000001 0.7508496515624999 0.8823495140625001 0.7993414984375 0.973737784375 0.7828895484375
0 0.848825509375 0.7176424578125 0.84064905 0.6695007078125 0.7621417218750001 0.68984493125 0.7692060546875 0.7381628250000001 0.848825509375 0.7176424578125
0 0.8449793171875 0.8833704593749999 0.8126658593749999 0.7421555578125 0.797247253125 0.7433308078125 0.8324782828125 0.888316634375 0.8449793171875 0.8833704593749999
0 0.8101477453125 0.8948196515625 0.8318514046875001 0.8913821296875 0.8000861609375001 0.754035340625 0.7828720359375 0.7577505265625 0.8101477453125 0.8948196515625
0 0.672846065625 0.6565286703125001 0.6815696499999999 0.7045837640625 0.7545297703125 0.684129396875 0.749282796875 0.640467340625 0.672846065625 0.6565286703125001
0 0.764101484375 0.73402763125 0.7581593359375 0.68948694375 0.6815696499999999 0.7045837640625 0.6889205859375 0.75087879375 0.764101484375 0.73402763125
0 0.7764388265625 0.7943639234375001 0.7681891640625 0.7422788265625 0.6903865578125 0.75657901875 0.6994074890624999 0.8065644890625 0.7764388265625 0.7943639234375001
0 0.7928230171874999 0.8451606375 0.7832554609375 0.7952617453124999 0.707208365625 0.810272628125 0.7127448828125 0.8627874468750001 0.7928230171874999 0.8451606375
0 0.8049431734375 0.9005876515625 0.79228458125 0.8452459187500001 0.715457840625 0.86235775625 0.724486771875 0.9123419578125 0.8049431734375 0.9005876515625
0 0.5703956031249999 0.3632810265625 0.566799759375 0.3598956109375 0.5631195328125 0.359489765625 0.43163677656250005 0.379325853125 0.43016148750000005 0.3805482515625 0.43015348906249995 0.3840100921875 0.43475472656249997 0.42184201093749996 0.4403489578125 0.4659434359375 0.4422825515625 0.46761465625 0.5783017546875 0.44656569843750005 0.5807518375 0.44271706875000005 0.5797748421875 0.42952388125 0.5703956031249999 0.3632810265625
0 0.6172822328125 0.63121774375 0.6152722546875 0.6290642546874999 0.47215594375 0.6527203859374999 0.471104765625 0.6548643484375 0.47504474375 0.6937897359375 0.480325440625 0.7394239218750001 0.4812420484375 0.7452111593749999 0.4835575625 0.7492937265624999 0.6298877968750001 0.7266116625000001 0.6319901531250001 0.722323740625 0.619276215625 0.6402949140625 0.6172822328125 0.63121774375
0 0.4048540296875 0.2822224375 0.41354500312500003 0.2773853484375 0.41471475625 0.2742338703125 0.4090339421875 0.21729259843749998 0.404418909375 0.20220377968749997 0.4003567640625 0.1993865859375 0.35335404375 0.19941557031249998 0.3213355765625 0.20448679687500002 0.2783368171875 0.21574644062499998 0.26922173437499997 0.21966196718750003 0.268552475 0.22421727656249998 0.2744704390625 0.27914351718749997 0.27814487187500003 0.298830621875 0.28077391875 0.301380428125 0.4048540296875 0.2822224375
0 0.41095225625 0.29262703125 0.405667965625 0.282093521875 0.274922853125 0.3013184109375 0.273057646875 0.30359130156249997 0.2741372234375 0.32270065468750003 0.2808612171875 0.3809598078125 0.284533446875 0.3848274921875 0.409503971875 0.3660228421875 0.41745729843749996 0.3617969515625 0.41916973906250005 0.358559521875 0.41763185937499997 0.33655655 0.41095225625 0.29262703125
0 0.42065456718750005 0.36969480625 0.4153120890625 0.3675747640625 0.28398210156250003 0.3883753921875 0.28110790625000004 0.3913024578125 0.28295132343749996 0.41523450781250004 0.2904129625 0.4728824625 0.2928892421875 0.47446772812500004 0.41987774375000003 0.45435472656250003 0.429611896875 0.450835515625 0.43105299375 0.44764106249999996 0.423462578125 0.37864304843749996 0.42065456718750005 0.36969480625
0 0.44199592968749996 0.5413208453125 0.444285246875 0.5399695171875 0.44514946406250006 0.5348889609375 0.43574403281249996 0.4632122109375 0.4326224859375 0.45579673125 0.42616044531249997 0.451876540625 0.29153215 0.47468267031250005 0.290694128125 0.4851971234375 0.2925033515625 0.50715711875 0.2979208203125 0.5606795265625 0.3012031296875 0.5655977046875 0.3056551953125 0.5673644062500001 0.360195128125 0.5587261296875 0.44199592968749996 0.5413208453125
0 0.4610547828125 0.644096915625 0.46230092031250003 0.6414277078125 0.4621379515625 0.6281055906249999 0.45305405 0.5514342359375 0.4490762859375 0.545637471875 0.44559101874999996 0.5447063812499999 0.3032043546875 0.5712131546875 0.3033251328125 0.5860250578125 0.310465240625 0.6486676140625 0.3125196109375 0.6651507359375 0.31413967187499997 0.6683547187500001 0.31611545625000004 0.668536153125 0.436125425 0.6500228078125 0.4610547828125 0.644096915625
0 0.477408865625 0.7438408046875 0.47788316562500005 0.7398107406250001 0.46682127656250005 0.647138534375 0.4610204953125 0.642124875 0.3146058796875 0.6677865109375001 0.313749659375 0.669405225 0.3178002140625 0.7107849390625 0.32319148750000004 0.7588734500000001 0.3242608640625 0.7656252265625 0.32704268124999997 0.769139571875 0.377351703125 0.76364324375 0.4731779546875 0.746982753125 0.477408865625 0.7438408046875
0 0.49352523281250005 0.8455998156250001 0.482624109375 0.75043030625 0.47511088749999997 0.7486540781250001 0.32900980625 0.7727829515625 0.3276109 0.7744876203125 0.32739194843749997 0.7853983890625 0.3293539390625 0.8083229234375 0.335119134375 0.862284625 0.3370709265625 0.87285158125 0.3392758640625 0.8744798250000001 0.4887436375 0.8522895578125 0.49270320468750006 0.8491905859375001 0.49352523281250005 0.8455998156250001
0 0.24408497499999998 0.5158145703125 0.24912991406249999 0.5125436921875 0.254301425 0.5048034578125 0.25479971875 0.4903878703125 0.24907230937499997 0.403297546875 0.2436468421875 0.3532369796875 0.23598884999999997 0.3470343703125 0.229213275 0.344646940625 0.128545040625 0.3605912234375 0.1174963640625 0.3628355296875 0.1104334484375 0.367414759375 0.106618653125 0.3749401125 0.11646500312500001 0.5073542609375 0.11979170624999999 0.526602071875 0.1303580859375 0.5318496703125 0.24408497499999998 0.5158145703125
0 0.5513024265625 0.2778132640625 0.54847841875 0.27578870312500003 0.44607155 0.2895365203125 0.4219984109375 0.2938436984375 0.4166057453125 0.2966752828125 0.423211165625 0.3559419515625 0.4263851015625 0.3742252234375 0.4284714625 0.37686098281249997 0.5626676484375001 0.35659512968749996 0.5642615125 0.354365215625 0.554805890625 0.28764009218750003 0.5513024265625 0.2778132640625
0 0.5981286671875 0.5383440296875001 0.5918535859375 0.537360434375 0.4590141140625 0.5574114031249999 0.4577257859375 0.561570396875 0.461183465625 0.6079876890625 0.467336378125 0.6450794796875 0.46972827500000003 0.6496443171874999 0.47336631249999994 0.651539946875 0.612412478125 0.6285284625 0.6107982140625 0.606043221875 0.6006733328125 0.54387340625 0.5981286671875 0.5383440296875001
0 0.2775127765625 0.6924474546875 0.2605608234375 0.5151825234375 0.1224370515625 0.535081709375 0.133188253125 0.7222273625 0.2775127765625 0.6924474546875
0 0.13827220625 0.7263658203125 0.156124865625 0.9163416546875001 0.301262546875 0.8982977812499999 0.28253306093749997 0.699562203125 0.13827220625 0.7263658203125
0 0.5787297640625 0.4509472171875 0.442718559375 0.468534334375 0.44077696875 0.47032495625 0.4489260640625 0.5323133359375001 0.45360148593750005 0.55480810625 0.4563833 0.5583224515625 0.5907744453125 0.537531353125 0.5934274875 0.5296956359375 0.5818513078125 0.458362696875 0.5806633578125 0.45261843749999997 0.5787297640625 0.4509472171875
0 0.6325953609375 0.7365645484375001 0.6298899296875 0.7335324734374999 0.623538465625 0.7320666078125 0.48972420000000005 0.7547438078125001 0.48832529375 0.7564484765625 0.48841987500000006 0.7658264828125 0.49303131406249995 0.8160159796875 0.49775912499999997 0.8493785421875 0.499616334375 0.8505674921875 0.6455646484375 0.8254740796875 0.6468107859375001 0.822804871875 0.6457072171875 0.8140810406250001 0.6325953609375 0.7365645484375001
0 0.5380909453125 0.1978407125 0.5343001421875 0.1949805421875 0.504341840625 0.1972536328125 0.461588228125 0.2030364046875 0.408863315625 0.214353415625 0.4068031484375 0.21715155312499998 0.4115229625 0.25397595625 0.4184819046875 0.2944006578125 0.548489371875 0.27578696874999997 0.5501596203125 0.274039325 0.5501334250000001 0.268605428125 0.54048284375 0.20240555 0.5380909453125 0.1978407125