0 0.4125 0.47421875 0.109375 0.30625
0 0.521875 0.36640625 0.10625 0.128125
0 0.63984375 0.37265625 0.109375 0.121875
0 0.521875 0.50078125 0.0984375 0.13125
0 0.6328125 0.50234375 0.1125 0.121875
0 0.63359375 0.61796875 0.10625 0.125
0 0.51875 0.62109375 0.103125 0.11875
0 0.5140625 0.74609375 0.096875 0.109375
0 0.62421875 0.7453125 0.10625 0.109375
0 0.62890625 0.859375 0.1078125 0.103125
0 0.5171875 0.85859375 0.096875 0.10625
0 0.41484375 0.77109375 0.0921875 0.26875
0 0.2390625 0.484375 0.11875 0.1171875
0 0.24296875 0.61640625 0.115625 0.121875
0 0.24453125 0.73828125 0.10625 0.1125
0 0.25 0.85859375 0.103125 0.1125
0 0.153125 0.64453125 0.06875 0.190625
0 0.15390625 0.82109375 0.0734375 0.1671875
0 0.793252146875 0.7588498953125 0.8001936687500001 0.6342067765625 0.7298068468750001 0.6358024578125 0.7259194015625 0.7576158234375 0.793252146875 0.7588498953125
0 0.79602881875 0.7625521109375 0.7259194015625 0.76625441875 0.7224486406249999 0.8884293937500001 0.7953346234375 0.89583410625 0.79602881875 0.7625521109375
0 0.8980692796874999 0.49228637343750004 0.8175475796875 0.498456825 0.8140767125 0.6280363234374999 0.8855744124999999 0.6329726109375 0.8980692796874999 0.49228637343750004
0 0.8883509796875 0.7687225625 0.8925159359375 0.642845371875 0.8131401796875 0.6450617171874999 0.8106059515625 0.7798293953125001 0.8883509796875 0.7687225625
0 0.8709971734374999 0.9069407515625001 0.87655051875 0.7810634671875001 0.8061957359375 0.7901234453125 0.7981112968749999 0.90940889375 0.8709971734374999 0.9069407515625001