0 0.219224690625 0.031635796875 0.21303041718750002 0.10570987031250001 0.3744215734375 0.1334876484375 0.37876001875 0.059413574999999996 0.219224690625 0.031635796875
0 0.208808025 0.11496912968749999 0.20001500156250002 0.1828703875 0.3666123234375 0.21373460937500002 0.371818490625 0.15046298125 0.208808025 0.11496912968749999
0 0.2140163578125 0.20987653750000002 0.21303041718750002 0.2785494234375 0.37962774062500004 0.3032407578125 0.3778922984375 0.22916668437499998 0.2140163578125 0.20987653750000002
0 0.2140163578125 0.2932098703125 0.2147657796875 0.3773148328125 0.37962774062500004 0.388117278125 0.3813631015625 0.32175927656250003 0.2140163578125 0.2932098703125
0 0.2179226078125 0.388117278125 0.21563349999999998 0.46219135156249996 0.3822308234375 0.469907425 0.3839661859375 0.40046298125 0.2179226078125 0.388117278125
0 0.30546875 0.5125 0.1625 0.07265625
0 0.3046875 0.59765625 0.16640625 0.06796875
0 0.30703125 0.68203125 0.165625 0.0734375
0 0.3046875 0.7625 0.165625 0.06640625
0 0.30234375 0.8421875 0.16640625 0.0703125
0 0.30078125 0.93203125 0.16484375 0.06640625
0 0.392401775 0.22376542656249998 0.391775434375 0.2955246859375 0.5392834546875 0.317129646875 0.5436219796875 0.2430555734375 0.392401775 0.22376542656249998
0 0.391099690625 0.300154315625 0.391775434375 0.37885801875 0.540151175 0.3958333515625 0.5453573421875 0.32175927656250003 0.391099690625 0.300154315625
0 0.391099690625 0.3927469078125 0.391775434375 0.45756172343749996 0.5332096468749999 0.47145061093749996 0.534945009375 0.39891979375000003 0.391099690625 0.3927469078125
0 0.3937038578125 0.4807098703125 0.393510796875 0.5347222390625 0.542754259375 0.5455246859375 0.5436219796875 0.4868827578125 0.3937038578125 0.4807098703125
0 0.475 0.59609375 0.15234375 0.07421875
0 0.4734375 0.67578125 0.14921875 0.06640625
0 0.47265625 0.753125 0.15234375 0.05703125
0 0.4703125 0.83515625 0.15234375 0.05625
0 0.46953125 0.9171875 0.14609375 0.065625
0 0.8265625 0.30703125 0.19296875 0.2453125
0 0.8265625 0.56875 0.1921875 0.246875
0 0.825 0.8203125 0.19140625 0.23046875