0 1 0.6484156265625 0.8095703125 0.659259259375 0.8021283703125001 0.871296296875 1 0.8611914328125 1 0.6484156265625
0 0.8137369796874999 0.22777777812500002 0.8115017390625001 0.3648148140625 0.9484570734375 0.365740740625 0.9500193015624999 0.2296296296875 0.8137369796874999 0.22777777812500002
0 0.9364799906249999 0.5046296296875 0.9413411453125 0.3703703703125 0.8109809953125 0.371296296875 0.8078565390625 0.5046296296875 0.9364799906249999 0.5046296296875
0 0.7345703125 0.48981481406249994 0.7313073609375 0.56851851875 0.7943172296875 0.5694444437499999 0.7984831703124999 0.4916666671875 0.7345703125 0.48981481406249994
0 0.76203118125 0.590740740625 0.7964002 0.5898148140624999 0.7984831703124999 0.575 0.7257161453125 0.5740740734374999 0.721933990625 0.665740740625 0.7557822671875 0.6611111109375 0.76203118125 0.590740740625
0 0.753699296875 0.6740740734374999 0.7262369796875 0.675 0.72349621875 0.7638888890625 0.7490126125 0.7648148140625 0.753699296875 0.6740740734374999
0 0.0241536453125 0.29722222187499997 0.0345536046875 0.49629629687500004 0.1131857546875 0.4953703703125 0.1012086734375 0.29722222187499997 0.0241536453125 0.29722222187499997
0 0 0.6868520296875 0.0460099453125 0.6833333328125 0.0335121203125 0.5009259265625 0 0.500098321875 0 0.6868520296875
0 0 0.8298009015625001 0.06059074062499999 0.8324074078124999 0.0481119796875 0.696296296875 0 0.6927699031250001 0 0.8298009015625001
0 0.1168309546875 0.502777778125 0.0402994796875 0.5009259265625 0.052258857812500004 0.6879629625 0.12828729375 0.6870370375 0.1168309546875 0.502777778125
0 0.130370265625 0.6916666671875 0.053841145312500005 0.6981481484375001 0.064235940625 0.83148148125 0.136098434375 0.8194444437499999 0.130370265625 0.6916666671875
0 0.2063987015625 0.6888888890625 0.1340494796875 0.6925925921875 0.1413058625 0.8203703703125 0.2126476140625 0.8111111109375001 0.2063987015625 0.6888888890625
0 0.19754607500000002 0.5009259265625 0.12311197968750001 0.503703703125 0.129849521875 0.6879629625 0.20691944375000001 0.6851851859375 0.19754607500000002 0.5009259265625
0 0.18504825 0.296296296875 0.1090494796875 0.3 0.1194346671875 0.49259259218749996 0.196504590625 0.49351851875 0.18504825 0.296296296875
0 0.1225911453125 0.1148148140625 0.132973978125 0.28611111093749997 0.20483647343750003 0.28611111093749997 0.1970253328125 0.11388888906250001 0.1225911453125 0.1148148140625
0 0.20540364531250002 0.1148148140625 0.2100439 0.2870370375 0.2824271390625 0.28148148125 0.276178225 0.11574074062499999 0.20540364531250002 0.1148148140625
0 0.278261196875 0.49398148124999997 0.2709707984375 0.2953703703125 0.1892141921875 0.29444444375 0.19858756093750002 0.4916666671875 0.278261196875 0.49398148124999997
0 0.19967447968750002 0.5009259265625 0.21056464375 0.690740740625 0.2850308515625 0.6851851859375 0.2803441671875 0.4990740734375 0.19967447968750002 0.5009259265625
0 0.20904947968749998 0.690740740625 0.21681355624999998 0.8175925921875 0.2902382796875 0.7953703703125 0.2834686234375 0.6851851859375 0.20904947968749998 0.690740740625
0 0.403125 0.40859375 0.10703125 0.1859375
0 0.39609375 0.6 0.0984375 0.17578125
0 0.396875 0.77734375 0.09765625 0.15859375
0 0.4984375 0.778125 0.09296875 0.15859375
0 0.59765625 0.778125 0.09765625 0.1609375
0 0.6015625 0.5984375 0.08984375 0.17890625
0 0.49921875 0.60234375 0.10078125 0.18203125
0 0.57890625 0.37421875 0.0734375 0.13984375
0 0.496875 0.371875 0.075 0.14453125