0 0.89453125 0.26953125 0.12734375 0.18515625
0 0.8921875 0.4609375 0.12890625 0.17421875
0 0.896875 0.65546875 0.1328125 0.1859375
0 0.89765625 0.8484375 0.134375 0.17421875
0 0.75625 0.853125 0.1375 0.178125
0 0.75859375 0.66171875 0.1328125 0.18515625
0 0.75390625 0.46640625 0.13984375 0.17421875
0 0.7546875 0.2671875 0.1359375 0.18828125
0 0.61015625 0.2640625 0.1390625 0.1953125
0 0.6125 0.465625 0.14296875 0.1765625
0 0.61328125 0.659375 0.1375 0.18828125
0 0.61484375 0.8578125 0.13984375 0.18046875
0 0.46796875 0.8625 0.1453125 0.184375
0 0.46796875 0.6640625 0.14296875 0.19375
0 0.46640625 0.4640625 0.14453125 0.18671875
0 0.46328125 0.2625 0.13828125 0.1953125
0 0.22734375 0.26171875 0.14609375 0.190625
0 0.23125 0.4734375 0.15078125 0.184375
0 0.2328125 0.678125 0.1484375 0.18828125
0 0.23125 0.87890625 0.1484375 0.18046875
0 0.07265625 0.26171875 0.1453125 0.2046875
0 0.07578125 0.471875 0.15078125 0.190625
0 0.07578125 0.6796875 0.1515625 0.1984375
0 0.07734375 0.88203125 0.15234375 0.18515625