0 0.41328125 0.48203125 0.15546875 0.16796875
0 0.57265625 0.48359375 0.15 0.16484375
0 0.4140625 0.63046875 0.146875 0.14375
0 0.56484375 0.63984375 0.13828125 0.15078125
0 0.56640625 0.79296875 0.1453125 0.14140625
0 0.4140625 0.78125 0.1421875 0.1359375
0 0.746875 0.775 0.134375 0.1359375
0 0.26171875 0.7765625 0.15703125 0.134375
0 0.8305012921875001 0.5555555437499999 0.8231007124999999 0.694677134375 0.9660961140625 0.697145371875 0.974426025 0.5601613484375 0.8305012921875001 0.5555555437499999
0 0.8258772796875 0.7131884921875 0.8251832968749999 0.8403000359374999 0.9681784859375 0.8489384421875 0.971649246875 0.7033158234375 0.8258772796875 0.7131884921875
0 0.8339735140625001 0.314814803125 0.8251832968749999 0.5416499921875 0.9848383078125 0.5502885875 0.9980271578125001 0.32444999375 0.8339735140625001 0.314814803125
0 0.6568901796875 0.3703703578125 0.6578924625 0.4873499921875 0.771733490625 0.49105220781250003 0.776592534375 0.375047778125 0.6568901796875 0.3703703578125
0 0.6537276125 0.49352044375000004 0.6544217015625 0.62309994375 0.7724275796875 0.6268021578125 0.7779808187499999 0.49228637343750004 0.6537276125 0.49352044375000004
0 0.033626292187500004 0.716049371875 0.049120984374999996 0.847704371875 0.18517486249999998 0.84153391875 0.17684505625 0.7094862765625 0.033626292187500004 0.716049371875
0 0.0324613734375 0.7033158234375 0.1761508625 0.702081753125 0.169903534375 0.5762044687500001 0.022743178125 0.5650976359375 0.0324613734375 0.7033158234375
0 0.0060835671875 0.26027732812500004 0.01649585 0.403431803125 0.16782105625 0.405900040625 0.15740877343749998 0.24670230312500002 0.0060835671875 0.26027732812500004
0 0.0284179578125 0.5524691234375 0.1726801 0.5613954203125 0.16573857812499998 0.4108363265625 0.0081660453125 0.40960225625 0.0284179578125 0.5524691234375