0 0.5203125 0.55078125 0.1734375 0.115625
0 0.53046875 0.659375 0.1765625 0.115625
0 0.540625 0.7609375 0.1734375 0.109375
0 0.54921875 0.85390625 0.16875 0.103125
0 0.6828125 0.42578125 0.18125 0.1234375
0 0.69375 0.5359375 0.178125 0.115625
0 0.7015625 0.64375 0.1703125 0.1109375
0 0.70625 0.7453125 0.16875 0.103125
0 0.71328125 0.84140625 0.1640625 0.096875
0 0.8453125 0.278125 0.1765625 0.1265625
0 0.8546875 0.39140625 0.1640625 0.115625
0 0.8578125 0.5015625 0.165625 0.1125
0 0.86015625 0.60625 0.1609375 0.1109375
0 0.865625 0.70546875 0.15625 0.1125
0 0.86796875 0.80234375 0.1546875 0.1046875