0 0.5177911484375 0.2721380625 0.6015182453125 0.23486035625 0.55737584375 0.131874015625 0.47147573749999994 0.1691056546875 0.5177911484375 0.2721380625
0 0.6048483 0.23337772031249998 0.65329269375 0.2077546796875 0.6142642734375 0.108572759375 0.5654867203125 0.12927637187500002 0.6048483 0.23337772031249998
0 0.758942578125 0.17490604999999998 0.7001918578125 0.0186241765625 0.6339270140625 0.046100079687500004 0.6940659874999999 0.2007503140625 0.758942578125 0.17490604999999998
0 0.744075671875 0 0.704246946875 0.01580518125 0.762094253125 0.170462178125 0.8236407890624999 0.14610055 0.7703959609375 0 0.744075671875 0
0 0.8023521265625 0.17382281093750002 0.8689125000000001 0.34892575 0.9356127140625 0.3182153484375 0.8746303359375001 0.1436695828125 0.8023521265625 0.17382281093750002
0 0.7308154250000001 0.20263234687499998 0.7994570671875 0.3798493015625 0.866533890625 0.34998477499999997 0.7978475296875 0.174814834375 0.7308154250000001 0.20263234687499998
0 0.6597345984375 0.23630667343749998 0.7305764703125 0.409503365625 0.7973757984375001 0.3777352859375 0.726199378125 0.2046875421875 0.6597345984375 0.23630667343749998
0 0.5342926875 0.27847405625 0.60009005 0.4300982359375 0.68058620625 0.3932454859375 0.6206110453125 0.24156297656249998 0.5342926875 0.27847405625
0 0.7975134515625 0.5854521796875 0.7296645953125 0.42409908906249993 0.6624262046875 0.45200844531250006 0.731843946875 0.6197578874999999 0.7975134515625 0.5854521796875
0 0.7320630546875 0.41796346562500003 0.7994956078125 0.5886238765625 0.8650659953125001 0.55537585 0.800033025 0.38972838906249996 0.7320630546875 0.41796346562500003
0 0.9304381578124999 0.5242431843750001 0.8711126671875 0.3570681421875 0.801658834375 0.3869774265625 0.8662156703124999 0.552836878125 0.9304381578124999 0.5242431843750001
0 0.9976140953125 0.49332097812500003 0.9391012999999999 0.3247705484375 0.8741593968749999 0.357738753125 0.9367018125 0.5255086343750001 0.9976140953125 0.49332097812500003
0 1 0.4994246765625 0.9363053562499999 0.52973935625 0.9806855531249999 0.64478245 1 0.632310121875 1 0.4994246765625
0 0.8705565859375 0.5600261484375 0.9200309171875001 0.683950259375 0.97830694375 0.645841475 0.93342300625 0.5279820046875 0.8705565859375 0.5600261484375
0 0.8036581437500001 0.5928519078125001 0.85408391875 0.7163524109375 0.9137672640625001 0.682684809375 0.8658587078125001 0.55806356875 0.8036581437500001 0.5928519078125001
0 0.72782009375 0.6286442890624999 0.774578903125 0.7426283546875 0.8514278140625 0.7155078796875001 0.8008314671875001 0.595123978125 0.72782009375 0.6286442890624999
0 0.43515625 0.65 0.1734375 0.2125
0 0.509375 0.80625 0.15625 0.171875
0 0.5953125 0.76640625 0.1234375 0.15625
0 0.3296875 0.6953125 0.16875 0.2078125
0 0.4046875 0.84765625 0.159375 0.175
0 0.45625 0.403125 0.153125 0.1890625
0 0.53125 0.5609375 0.1484375 0.1796875
0 0.37734375 0.44375 0.128125 0.1796875
0 0.30859375 0.471875 0.13125 0.18125
0 0.2421875 0.50078125 0.1234375 0.178125