0 0.37109375 0.4734375 0.54609375 0.58671875
0 0.8015625 0.21484375 0.08515625 0.0796875
0 0.809375 0.30390625 0.0671875 0.09296875
0 0.8171875 0.3953125 0.06953125 0.090625
0 0.82734375 0.496875 0.07578125 0.1
0 0.840625 0.596875 0.078125 0.09765625
0 0.84765625 0.70390625 0.0765625 0.10078125
0 0.85703125 0.8171875 0.08125 0.096875
0 0.88125 0.21015625 0.07578125 0.07421875
0 0.9625 0.20859375 0.075 0.0765625
0 0.8921875 0.3015625 0.071875 0.08125
0 0.89921875 0.39921875 0.06484375 0.08515625
0 0.91875 0.49296875 0.08203125 0.0859375
0 0.9375 0.59765625 0.08828125 0.09375
0 0.9453125 0.70546875 0.0734375 0.09453125
0 0.95234375 0.8109375 0.059375 0.0859375