0 0.43125 0.7 0.1640625 0.146875
0 0.5625 0.1640625 0.15625 0.1359375
0 0.47421875 0.61796875 0.15625 0.1359375
0 0.5953125 0.6875 0.1578125 0.1390625
0 0.515625 0.54296875 0.153125 0.134375
0 0.5546875 0.46875 0.1515625 0.1359375
0 0.70703125 0.459375 0.1453125 0.128125
0 0.6328125 0.328125 0.15 0.13125
0 0.59453125 0.39453125 0.146875 0.13125
0 0.66796875 0.53359375 0.146875 0.13125
0 0.5609375 0.76875 0.1546875 0.140625
0 0.2296875 0.70234375 0.18125 0.1609375
0 0.63046875 0.609375 0.1453125 0.1265625
0 0.74375 0.3921875 0.140625 0.1234375
0 0.096875 0.62734375 0.1828125 0.1625
0 0.2859375 0.61640625 0.1734375 0.1515625
0 0.15234375 0.54140625 0.175 0.1546875
0 0.5234375 0.23359375 0.1515625 0.1296875
0 0.41015625 0.159375 0.1578125 0.1390625
0 0.45390625 0.821875 0.29375 0.221875
0 0.3625 0.2265625 0.1625 0.140625
0 0.43515625 0.38046875 0.159375 0.140625
0 0.48125 0.30703125 0.15 0.13125
0 0.3421875 0.53515625 0.1703125 0.1515625
0 0.20859375 0.4609375 0.1734375 0.153125
0 0.38984375 0.45546875 0.159375 0.1390625
0 0.26171875 0.3765625 0.16875 0.146875
0 0.31484375 0.30234375 0.1625 0.140625
0 0.0796875 0.3765625 0.159375 0.153125
0 0.05234375 0.4625 0.1046875 0.15
0 0.0234375 0.54765625 0.046875 0.1453125
0 0.19765625 0.0421875 0.0609375 0.08125