0 0.4921875 0.7234375 0.175 0.1765625
0 0.62734375 0.771875 0.1671875 0.1578125
0 0.67421875 0.64921875 0.178125 0.1765625
0 0.62109375 0.4375 0.134375 0.1484375
0 0.64921875 0.27578125 0.1296875 0.2140625
0 0.7203125 0.30078125 0.14375 0.2140625
0 0.721875 0.47265625 0.140625 0.1484375
0 0.3 0.73984375 0.1828125 0.1921875
0 0.34609375 0.58828125 0.1796875 0.1890625
0 0.171875 0.68515625 0.1765625 0.1921875
0 0.2109375 0.5375 0.175 0.1890625
0 0.3375 0.3546875 0.153125 0.165625
0 0.45 0.39609375 0.1609375 0.165625
0 0.49375 0.26015625 0.159375 0.1796875
0 0.384375 0.21015625 0.1625 0.184375
0 0.8684647953125 0.75706565 0.993046990625 0.4762731984375 0.8879263390625001 0.4361617671875 0.7739651140625 0.7010331671875 0.8684647953125 0.75706565
0 0.8583651874999999 0.7522828968749999 0.7648039125 0.7148463484375001 0.669034303125 0.96558299375 0.7563776015625 0.9951732109375 0.8583651874999999 0.7522828968749999
0 0.79765625 0.33046875 0.1265625 0.2078125