0 0.50859375 0.4015625 0.0859375 0.1859375
0 0.5078125 0.59140625 0.090625 0.178125
0 0.49375 0.778125 0.08125 0.175
0 0.59140625 0.7765625 0.0890625 0.16953125
0 0.596875 0.59609375 0.08046875 0.1765625
0 0.60078125 0.40390625 0.08671875 0.18984375
0 0.50546875 0.27890625 0.07578125 0.0453125
0 0.50546875 0.234375 0.07890625 0.04453125
0 0.5078125 0.18828125 0.08046875 0.04609375
0 0.69375 0.2265625 0.07890625 0.040625
0 0.69453125 0.2734375 0.08046875 0.04375
0 0.696875 0.396875 0.08671875 0.19140625
0 0.68828125 0.59140625 0.0875 0.18125
0 0.68203125 0.77578125 0.08359375 0.17109375
0 0.2375 0.7984375 0.0859375 0.17890625
0 0.1390625 0.79921875 0.08359375 0.18046875
0 0.2734375 0.37734375 0.07421875 0.16171875
0 0.89065463125 0.3009259265625 0.7960286453125 0.3046296296875 0.7844231171875 0.5425925921875 0.8807605203125 0.534259259375 0.89065463125 0.3009259265625
0 0.7522786453125 0.547222221875 0.7427637 0.7111111109375 0.8755530921875 0.7083333328125 0.8849264609375 0.5425925921875 0.7522786453125 0.547222221875
0 0.87503235 0.7120370375 0.7448466703125 0.7129629625 0.7382949984375 0.8675835265625 0.86565898125 0.8666666671875 0.87503235 0.7120370375
0 1 0.4805139625 0.9088806265624999 0.478703703125 0.9095703125 0.48148148125 0.8995072578125001 0.703703703125 0.9932409468750001 0.70648148125 1 0.5339851703125 1 0.4805139625
0 1 0.7101935578125 0.8830078125 0.7120370375 0.8734701218750001 0.865740740625 1 0.8666552984375 1 0.7101935578125
0 0.0631944546875 0.4981481484375 0.0553833140625 0.3638888890625 0.00018458593750000002 0.3601851859375 0.000705328125 0.4990740734375 0.0631944546875 0.4981481484375
0 0.21733429843750002 0.584259259375 0.23087360937499998 0.5666666671875 0.23087360937499998 0.46666666718750005 0.1569661453125 0.46944444374999994 0.1605733421875 0.6296296296875 0.180361565625 0.627777778125 0.21733429843750002 0.584259259375