0 0.62890625 0.09375 0.07734375 0.0796875
0 0.71328125 0.190625 0.07578125 0.0859375
0 0.72109375 0.28515625 0.0765625 0.084375
0 0.72890625 0.38046875 0.07890625 0.090625
0 0.734375 0.48359375 0.08203125 0.09453125
0 0.74296875 0.58671875 0.08515625 0.09765625
0 0.74921875 0.6921875 0.08359375 0.1
0 0.75546875 0.8046875 0.090625 0.1015625
0 0.6578125 0.803125 0.09609375 0.1046875
0 0.65234375 0.6921875 0.09140625 0.10078125
0 0.65 0.58203125 0.0875 0.09765625
0 0.646875 0.48125 0.0890625 0.096875
0 0.6390625 0.3796875 0.0859375 0.090625
0 0.63515625 0.2828125 0.08046875 0.08203125
0 0.6296875 0.1875 0.08046875 0.08984375
0 0.54140625 0.18828125 0.08359375 0.0828125
0 0.54765625 0.28203125 0.08125 0.0890625
0 0.54765625 0.38046875 0.08671875 0.09296875
0 0.5546875 0.48125 0.08515625 0.09375
0 0.55546875 0.58515625 0.09140625 0.1
0 0.5578125 0.69140625 0.09375 0.103125
0 0.5609375 0.8015625 0.096875 0.1078125
0 0.8359375 0.14765625 0.06640625 0.075
0 0.84609375 0.23359375 0.0671875 0.078125
0 0.8546875 0.31875 0.0671875 0.08125
0 0.86484375 0.40625 0.07109375 0.0859375
0 0.8765625 0.4984375 0.07265625 0.09296875
0 0.88828125 0.60078125 0.07421875 0.0953125
0 0.884375 0.696875 0.07578125 0.096875
0 0.90703125 0.80390625 0.07578125 0.0953125
0 0.91328125 0.16171875 0.06015625 0.075
0 0.9265625 0.24296875 0.06328125 0.0796875
0 0.93828125 0.3296875 0.0625 0.078125
0 0.9453125 0.42265625 0.059375 0.0875
0 0.96171875 0.51015625 0.071875 0.0828125
0 0.96640625 0.60859375 0.0671875 0.090625