0 0.772703296875 0.75732421875 0.7754505484374999 0.75537109375 0.7751758234375 0.66796875 0.772703296875 0.6611328125 0.6306703296875 0.65673828125 0.6254505484374999 0.6591796875 0.623802196875 0.720703125 0.623802196875 0.75390625 0.6251758234375 0.75634765625 0.772703296875 0.75732421875
0 0.7754096500000001 0.65966796875 0.7767832765625 0.6572265625 0.7759591 0.5712890625 0.7754096500000001 0.5634765625 0.7734865734375 0.56103515625 0.6336514078125 0.560546875 0.629255803125 0.56591796875 0.628431628125 0.57958984375 0.6273327265625 0.6259765625 0.628431628125 0.65625 0.6300799796875001 0.65869140625 0.7754096500000001 0.65966796875
0 0.4655248796875 0.29150390625 0.46744795625 0.2734375 0.4688215828125 0.21875 0.4657996046875 0.2158203125 0.4399754296875 0.2138671875 0.339425978125 0.212890625 0.33667872656250003 0.2158203125 0.33585455 0.2197265625 0.33228312187500003 0.2626953125 0.331733671875 0.28759765625 0.33530509999999997 0.29296875 0.463052353125 0.29443359375 0.4655248796875 0.29150390625
0 0.4630105109375 0.37744140625 0.46685666406250004 0.3759765625 0.468505015625 0.373046875 0.46823029062500005 0.29833984375 0.4649335875 0.29443359375 0.3393841359375 0.2939453125 0.336636884375 0.29541015625 0.3349885328125 0.30029296875 0.331417103125 0.333984375 0.32949402656250004 0.36474609375 0.32949402656250004 0.37158203125 0.331417103125 0.3740234375 0.4630105109375 0.37744140625
0 0.32364726250000003 0.1318359375 0.32666924062499997 0.12060546875 0.32886704375 0.06884765625 0.32694396718749996 0.06396484375 0.3206252859375 0.06103515625 0.20414176875 0.0595703125 0.2022186921875 0.06298828125 0.1997461640625 0.076171875 0.194526384375 0.125 0.194526384375 0.13427734375 0.1980978125 0.13623046875 0.319251659375 0.13671875 0.32364726250000003 0.1318359375
0 0.31932995625 0.2158203125 0.3212530328125 0.21435546875 0.3223519328125 0.208984375 0.3264728125 0.14111328125 0.3253739109375 0.13720703125 0.323450834375 0.13671875 0.1970772078125 0.1376953125 0.19515413125 0.14111328125 0.1904838015625 0.177734375 0.1871870984375 0.21142578125 0.1874618234375 0.21484375 0.189110175 0.21630859375 0.31932995625 0.2158203125
0 0.9835164828125 0.33056640625 0.997252746875 0.32763671875 1 0.32373046875 0.9980769234375 0.28173828125 0.9953296703125 0.2578125 0.9939560437500001 0.25439453125 0.978571428125 0.251953125 0.878846153125 0.25048828125 0.878571428125 0.26123046875 0.8840659343749999 0.322265625 0.8854395609375001 0.32568359375 0.9835164828125 0.33056640625
0 0.88020713125 0.22412109375 0.8813060328125 0.2216796875 0.8782840546875 0.15087890625 0.876360978125 0.1455078125 0.7563060328125 0.14599609375 0.752185153125 0.1474609375 0.7505368015625 0.1533203125 0.7502620765625 0.173828125 0.75383350625 0.2216796875 0.7552071312499999 0.224609375 0.88020713125 0.22412109375
0 0.886525609375 0.3046875 0.8818552796875 0.23193359375 0.8804816531249999 0.2265625 0.7571300062499999 0.2265625 0.7579541812499999 0.28955078125 0.7582289062500001 0.2958984375 0.7601519828125001 0.30078125 0.886525609375 0.3046875
0 0.895286171875 0.38427734375 0.89336309375 0.31640625 0.8911652921875 0.30322265625 0.7889674906249999 0.2998046875 0.764791665625 0.2998046875 0.7628685890625 0.3017578125 0.764242215625 0.36865234375 0.7667147421875 0.384765625 0.8823740828125001 0.38623046875 0.895286171875 0.38427734375
0 0.91440021875 0.67822265625 0.9119276921875 0.662109375 0.83940021875 0.66064453125 0.773466153125 0.66259765625 0.77731230625 0.75732421875 0.8775870328125001 0.7587890625 0.9190705484375 0.7568359375 0.91440021875 0.67822265625
0 0.927194903125 0.8583984375 0.9249971015625 0.80908203125 0.9211509484375 0.75634765625 0.919502596875 0.75244140625 0.775821278125 0.75390625 0.776645453125 0.81103515625 0.77911798125 0.85791015625 0.9238982 0.85986328125 0.927194903125 0.8583984375
0 0.7766831140625 0.7666015625 0.7747600375 0.75439453125 0.746463334375 0.75244140625 0.63190289375 0.7529296875 0.6269578390625 0.75390625 0.6242105859375 0.7578125 0.6247600375 0.8564453125 0.6261336640625 0.8583984375 0.7786061906249999 0.8583984375 0.7766831140625 0.7666015625
0 0.76322278125 0.37939453125 0.76267333125 0.345703125 0.760475528125 0.29931640625 0.759376628125 0.29541015625 0.6308051984375 0.29443359375 0.628607396875 0.29638671875 0.628882121875 0.380859375 0.7580030015625 0.3837890625 0.7610249796875 0.38330078125 0.76322278125 0.37939453125
0 0.3164021890625 0.29736328125 0.3194241671875 0.2939453125 0.3216219703125 0.28369140625 0.324094496875 0.220703125 0.3224461453125 0.2158203125 0.3188747171875 0.21435546875 0.19607251875 0.2138671875 0.19277581562499999 0.21533203125 0.1911274640625 0.2197265625 0.1872813109375 0.25537109375 0.185632959375 0.29296875 0.1886549375 0.2958984375 0.24222636562500002 0.29931640625 0.3164021890625 0.29736328125
0 0.20882629375 0.38671875 0.30910101874999996 0.38818359375 0.3165186015625 0.3837890625 0.32036475468750003 0.369140625 0.32091420625 0.31005859375 0.31981530468749997 0.3046875 0.3140460734375 0.29931640625 0.2302548640625 0.30029296875 0.18987025 0.30322265625 0.18519992031250002 0.3056640625 0.1827273921875 0.31982421875 0.180529590625 0.37060546875 0.1827273921875 0.38134765625 0.186573546875 0.38427734375 0.20882629375 0.38671875
0 0.31369216718750004 0.56494140625 0.31561524531249996 0.47705078125 0.31396689375000003 0.4736328125 0.17687898124999998 0.47509765625 0.174681178125 0.48193359375 0.17110975 0.52490234375 0.16946139843750002 0.560546875 0.1716592015625 0.56201171875 0.3123185421875 0.5673828125 0.31369216718750004 0.56494140625
0 0.3003505296875 0.66015625 0.30611976093750004 0.65673828125 0.3105153640625 0.64208984375 0.3129878921875 0.6181640625 0.3129878921875 0.58203125 0.311614265625 0.5693359375 0.3094164640625 0.5654296875 0.1717791015625 0.56591796875 0.1693065734375 0.568359375 0.16765822187499999 0.576171875 0.1629878921875 0.62353515625 0.1621637171875 0.64990234375 0.1627131671875 0.65380859375 0.16463624375000002 0.6552734375 0.3003505296875 0.66015625
0 0.30184068750000004 0.759765625 0.3029395875 0.75341796875 0.305412115625 0.71728515625 0.3067857421875 0.66796875 0.3032143140625 0.66455078125 0.16118134687500002 0.66064453125 0.15815936875 0.66455078125 0.1521154125 0.72607421875 0.1515659625 0.755859375 0.1543132140625 0.76025390625 0.299642884375 0.76171875 0.30184068750000004 0.759765625
0 0.7699776296875 0.478515625 0.767779828125 0.4677734375 0.6381094984375 0.4677734375 0.630691915625 0.46875 0.6293182890625 0.47216796875 0.6282193875 0.49609375 0.631241365625 0.56005859375 0.7719007062500001 0.55908203125 0.7699776296875 0.478515625
0 0.76495355 0.38037109375 0.631711790625 0.38134765625 0.6300634390625001 0.38427734375 0.6295139890625 0.42529296875 0.631162340625 0.4697265625 0.768250253125 0.46923828125 0.76495355 0.38037109375
0 0.7540818703125 0.21337890625 0.6491368140625 0.212890625 0.6290818703125 0.21337890625 0.625235715625 0.2158203125 0.62798296875 0.2958984375 0.7573785734375 0.294921875 0.755730221875 0.2333984375 0.7540818703125 0.21337890625
0 0.456711015625 0.75244140625 0.46083189375 0.74951171875 0.46302969687499995 0.65283203125 0.32209563124999996 0.6533203125 0.31879892656250003 0.6552734375 0.317150575 0.66015625 0.313579146875 0.73095703125 0.313579146875 0.74853515625 0.3149527734375 0.75146484375 0.456711015625 0.75244140625
0 0.8368542765625 0.4716796875 0.9014147171875001 0.46923828125 0.9014147171875001 0.42431640625 0.8986674640625001 0.39404296875 0.8967443875000001 0.3896484375 0.8428982328125001 0.38525390625 0.7676235078125 0.3876953125 0.7670740578124999 0.42431640625 0.7703707609375 0.4677734375 0.7717443875 0.47119140625 0.8368542765625 0.4716796875
0 0.90832030625 0.56396484375 0.9105181078125 0.5615234375 0.9063972281250001 0.4853515625 0.9041994265625 0.47412109375 0.8020016249999999 0.47412109375 0.7731554703125 0.47705078125 0.774254371875 0.55810546875 0.77727635 0.56298828125 0.8923862390625 0.56494140625 0.90832030625 0.56396484375
0 0.917153178125 0.65576171875 0.9124828484374999 0.56298828125 0.7877575734375 0.5634765625 0.7759443874999999 0.5654296875 0.778966365625 0.65576171875 0.7803399921875 0.65771484375 0.91358175 0.658203125 0.917153178125 0.65576171875
0 0.4627201171875 0.552734375 0.46491791875 0.47119140625 0.462445390625 0.46630859375 0.44761022656250005 0.46533203125 0.32783000625000003 0.4658203125 0.324533303125 0.46923828125 0.323709128125 0.4736328125 0.3212366 0.5283203125 0.320961875 0.55419921875 0.3220607765625 0.55517578125 0.461346490625 0.556640625 0.4627201171875 0.552734375
0 0.46338624062499995 0.4638671875 0.46475986718750006 0.44775390625 0.46640821875 0.38427734375 0.46558404375 0.37744140625 0.46283679062500005 0.37548828125 0.3331664609375 0.375 0.32822140625 0.37890625 0.326023603125 0.40869140625 0.325474153125 0.4609375 0.32712250468750004 0.4638671875 0.46201261406249994 0.46533203125 0.46338624062499995 0.4638671875
0 0.60768609375 0.85498046875 0.6118069734375 0.8525390625 0.610982796875 0.78076171875 0.6090597203125 0.7490234375 0.5499937859374999 0.74853515625 0.466477303125 0.75146484375 0.463455325 0.75439453125 0.46208169843749997 0.78857421875 0.46153224843749996 0.83544921875 0.46208169843749997 0.84814453125 0.464004775 0.8505859375 0.60768609375 0.85498046875
0 0.4596093625 0.8486328125 0.4615324390625 0.75830078125 0.4604335375 0.75439453125 0.45521375781250006 0.75341796875 0.31702694375 0.75390625 0.3148291421875 0.7548828125 0.313730240625 0.7587890625 0.31180716406250003 0.796875 0.3107082625 0.84521484375 0.31180716406250003 0.8515625 0.4579610109375 0.8515625 0.4596093625 0.8486328125
0 0.449993978125 0.654296875 0.45933463750000003 0.65380859375 0.4618071640625 0.6513671875 0.46455441718749996 0.56689453125 0.46345551562500004 0.5625 0.3857082625 0.5615234375 0.325543428125 0.5634765625 0.322796175 0.56591796875 0.3216972734375 0.58251953125 0.319499471875 0.6484375 0.319499471875 0.65234375 0.3208730984375 0.654296875 0.449993978125 0.654296875
0 0.316322734375 0.47216796875 0.3179710859375 0.3974609375 0.31577328437499996 0.388671875 0.3078062515625 0.38623046875 0.1833557015625 0.384765625 0.18115789843750002 0.38671875 0.179509546875 0.39404296875 0.17538866875 0.44189453125 0.1740150421875 0.47021484375 0.17648756875 0.47314453125 0.3083557015625 0.47607421875 0.316322734375 0.47216796875
0 0.29752106718750004 0.85791015625 0.29861996875 0.84814453125 0.30191667187500004 0.763671875 0.2966968921875 0.76171875 0.2807628265625 0.76171875 0.15603755156250002 0.76611328125 0.1505430453125 0.76953125 0.14697161718750001 0.78125 0.14147711093749998 0.845703125 0.1417518375 0.85791015625 0.14587271562499998 0.86083984375 0.29559799062500003 0.861328125 0.29752106718750004 0.85791015625
0 0.6068681312499999 0.64892578125 0.6068681312499999 0.57568359375 0.60576923125 0.55908203125 0.603846153125 0.5546875 0.46785714218749996 0.5546875 0.46373626406249996 0.5576171875 0.46318681249999993 0.57470703125 0.4629120875 0.6474609375 0.46483516406250003 0.650390625 0.6052197796875001 0.65087890625 0.6068681312499999 0.64892578125
0 0.6082417578125 0.74951171875 0.6085164828125 0.71923828125 0.60659340625 0.65283203125 0.6043956046875001 0.64990234375 0.46373626406249996 0.6513671875 0.46263736250000004 0.65478515625 0.46181318750000006 0.71337890625 0.4615384609375 0.748046875 0.46456043906250005 0.751953125 0.6068681312499999 0.751953125 0.6082417578125 0.74951171875
0 0.465659340625 0.21044921875 0.4670329671875 0.1455078125 0.46593406562500006 0.1376953125 0.4629120875 0.134765625 0.3379120875 0.13134765625 0.334615384375 0.14697265625 0.3335164828125 0.18310546875 0.3329670328125 0.20849609375 0.3354395609375 0.212890625 0.46373626406249996 0.21533203125 0.465659340625 0.21044921875
0 0.1673076921875 0.56298828125 0.16813186875 0.556640625 0.17087912031250002 0.517578125 0.171978021875 0.47705078125 0.0357142859375 0.4755859375 0.034065934375 0.4794921875 0.027472528125 0.54541015625 0.0260989015625 0.5625 0.027747253125 0.56494140625 0.1648351640625 0.56591796875 0.1673076921875 0.56298828125
0 0.1601648359375 0.65869140625 0.1623626375 0.6435546875 0.1648351640625 0.62060546875 0.1667582421875 0.57373046875 0.1640109890625 0.56982421875 0.15714285781249998 0.56884765625 0.0266483515625 0.5693359375 0.024725274999999998 0.57177734375 0.0236263734375 0.5791015625 0.0197802203125 0.6318359375 0.0197802203125 0.658203125 0.024450549999999998 0.6611328125 0.15549450625 0.6640625 0.1601648359375 0.65869140625
0 0.153571428125 0.744140625 0.15576923125 0.67041015625 0.1508241765625 0.66748046875 0.016208790625 0.67041015625 0.0137362640625 0.6806640625 0.0071428578125 0.75 0.006868131249999999 0.7587890625 0.009065934375 0.7607421875 0.15 0.7607421875 0.153571428125 0.744140625
0 0.14340659375 0.86328125 0.1516483515625 0.7685546875 0.1489010984375 0.76611328125 0.0082417578125 0.76611328125 0.00604395625 0.771484375 0.0013736265625 0.81201171875 0 0.8623046875 0.028296703125 0.8662109375 0.1271978015625 0.86572265625 0.14340659375 0.86328125