0 0.55703125 0.81796875 0.14375 0.14765625
0 0.56015625 0.64375 0.14453125 0.17421875
0 0.565625 0.42734375 0.1203125 0.13828125
0 0.565625 0.27890625 0.1234375 0.1578125
0 0.4421875 0.2734375 0.12109375 0.14921875
0 0.4375 0.41953125 0.121875 0.12890625
0 0.415625 0.63984375 0.1453125 0.16953125
0 0.4171875 0.8078125 0.1359375 0.16015625
0 0.72109375 0.73203125 0.13515625 0.12109375
0 0.92578125 0.7796875 0.00078125 0.00078125
0 0.925141175 0.668761253125 0.8027235140625001 0.6691358000000001 0.789781384375 0.795872609375 0.9209762187500001 0.8045112046874999 0.925141175 0.668761253125
0 0.8061957359375 0.5209876515625 0.8008878625 0.6564203484375 0.9272235468750001 0.66752718125 0.943189175 0.52437270625 0.8061957359375 0.5209876515625
0 0.669693134375 0.3417272796875 0.7454318468750001 0.3358024671875 0.7529914015625 0.14303873281249999 0.6759404625000001 0.1467410890625 0.669693134375 0.3417272796875
0 0.8183485140625001 0.34197530625 0.83212481875 0.1479751140625 0.7557679687500001 0.1479751140625 0.7467439687499999 0.3367908984375 0.8183485140625001 0.34197530625
0 0.8897393687499999 0.3466636609375 0.90292821875 0.1516773765625 0.8328188015625001 0.1418046609375 0.8189357578124999 0.3454295890625 0.8897393687499999 0.3466636609375
0 0.789781384375 0.46019994531249997 0.8841862359375 0.4688386359375 0.896680890625 0.356536421875 0.7911697734375001 0.3466636609375 0.789781384375 0.46019994531249997
0 0.6703872234375 0.3404932078125 0.673857984375 0.47377501562499996 0.789781384375 0.478711303125 0.793252146875 0.34296135156249996 0.6703872234375 0.3404932078125
0 0.05189765625 0.8736202515624999 0.1928104734375 0.8723861812499999 0.18586895 0.71935894375 0.0477327 0.7094862765625 0.05189765625 0.8736202515624999
0 0.1865631453125 0.71935894375 0.1777235140625 0.5456790109375 0.037320417187499996 0.5379476828125 0.04703850625 0.7070180390624999 0.1865631453125 0.71935894375
0 0.17753914531249998 0.546586278125 0.1754566671875 0.377515921875 0.0247160734375 0.36577658281250003 0.0380146125 0.5342453734375 0.17753914531249998 0.546586278125
0 0.015692073437500002 0.1806630609375 0.0247160734375 0.3682447265625 0.16909975625 0.3546697515625 0.1628524296875 0.1707902515625 0.015692073437500002 0.1806630609375