0 0.78515625 0.21796875 0.109375 0.1296875
0 0.78046875 0.353125 0.11484375 0.11875
0 0.775 0.48125 0.103125 0.11953125
0 0.7703125 0.6046875 0.1125 0.109375
0 0.76328125 0.72109375 0.0984375 0.10703125
0 0.75625 0.83203125 0.10234375 0.0984375
0 0.64765625 0.8296875 0.10078125 0.1015625
0 0.653125 0.7171875 0.10625 0.10078125
0 0.6546875 0.59921875 0.10390625 0.10859375
0 0.6609375 0.47578125 0.1125 0.11640625
0 0.66328125 0.35078125 0.109375 0.11484375
0 0.66796875 0.2171875 0.11640625 0.1265625
0 0.5125 0.346875 0.11328125 0.128125
0 0.5171875 0.48046875 0.11328125 0.121875
0 0.51796875 0.61015625 0.1109375 0.11640625
0 0.515625 0.7328125 0.10625 0.11171875
0 0.5203125 0.84765625 0.10546875 0.103125
0 0.4078125 0.846875 0.10625 0.103125
0 0.40703125 0.72890625 0.10625 0.109375
0 0.4046875 0.60859375 0.10546875 0.10625
0 0.40234375 0.48515625 0.1046875 0.121875
0 0.39296875 0.353125 0.1109375 0.115625
0 0.390625 0.21796875 0.1125 0.11796875
0 0.271875 0.20859375 0.1125 0.1265625
0 0.275 0.346875 0.10703125 0.12890625
0 0.28671875 0.478125 0.10859375 0.10546875
0 0.290625 0.6015625 0.09921875 0.11640625
0 0.296875 0.72890625 0.10625 0.1109375
0 0.3 0.8453125 0.0984375 0.1015625
0 0.16484375 0.846875 0.09765625 0.109375
0 0.16015625 0.73125 0.09765625 0.10859375
0 0.14765625 0.60859375 0.11015625 0.1140625
0 0.13984375 0.4796875 0.09609375 0.12421875
0 0.13125 0.35859375 0.10234375 0.10625
0 0.05859375 0.8421875 0.09296875 0.10078125
0 0.0484375 0.73046875 0.09609375 0.11015625
0 0.04375 0.6078125 0.0875 0.11015625
0 0.0390625 0.4828125 0.078125 0.121875
0 0.0328125 0.3453125 0.065625 0.1296875
0 0.025 0.2234375 0.05 0.034375
0 0.02421875 0.26015625 0.0484375 0.03515625
0 0.89375 0.46953125 0.1046875 0.1234375
0 0.8796875 0.59609375 0.11015625 0.11015625
0 0.8765625 0.71953125 0.0984375 0.11484375
0 0.8640625 0.8328125 0.10625 0.09921875
0 1 0.3306884984375 0.9583510937499999 0.3333333328125 0.92085761875 0.88148148125 1 0.88148148125 1 0.3306884984375