0 0.5578125 0.2828125 0.1328125 0.1140625
0 0.52265625 0.35078125 0.1359375 0.1125
0 0.48359375 0.4234375 0.1421875 0.125
0 0.44296875 0.4984375 0.146875 0.1234375
0 0.403125 0.57578125 0.146875 0.1265625
0 0.36015625 0.65546875 0.15625 0.134375
0 0.32578125 0.75390625 0.153125 0.128125
0 0.665625 0.3453125 0.128125 0.103125
0 0.63203125 0.41328125 0.1375 0.121875
0 0.59453125 0.48984375 0.1375 0.1109375
0 0.55859375 0.56171875 0.140625 0.11875
0 0.521875 0.64375 0.146875 0.1265625
0 0.49375 0.728125 0.1515625 0.13125
0 0.45390625 0.815625 0.146875 0.121875
0 0.478125 0.1234375 0.1375 0.1171875
0 0.4359375 0.1921875 0.1375 0.1171875
0 0.39765625 0.2640625 0.1359375 0.1109375
0 0.35234375 0.340625 0.1421875 0.11875
0 0.30703125 0.41640625 0.1421875 0.115625
0 0.26328125 0.49609375 0.15 0.1234375
0 0.20859375 0.5765625 0.1640625 0.1359375
0 0.15390625 0.665625 0.1640625 0.1359375
0 0.32109375 0.1203125 0.1421875 0.121875
0 0.27421875 0.19375 0.146875 0.121875
0 0.2296875 0.2640625 0.1484375 0.125
0 0.17421875 0.34375 0.1484375 0.128125
0 0.125 0.4234375 0.1546875 0.13125
0 0.075 0.5078125 0.15 0.134375
0 0.0484375 0.59375 0.096875 0.14375