0 0.5663823203125 0.26455930781250003 0.543381321875 0.316355184375 0.5430480046875 0.319380284375 0.6477314796875 0.3653615515625 0.6534532328125 0.3629336359375 0.6756250515625 0.3065897234375 0.6734965468749999 0.2957238140625 0.5776890015625 0.254908540625 0.5710594703125 0.255916434375 0.5663823203125 0.26455930781250003
0 0.508386715625 0.39490302499999996 0.5970227796875001 0.4344007171875 0.6222794406250001 0.44302518593749995 0.6514344750000001 0.3715973140625 0.6508925249999999 0.3692718390625 0.541624075 0.321438121875 0.5375417515625001 0.323475153125 0.508831140625 0.3908695578125 0.508386715625 0.39490302499999996
0 0.6213902828125 0.4510919953125 0.620267084375 0.4480050515625 0.5120432359375 0.4063862921875 0.5083660375 0.4059538640625 0.50515219375 0.4109749265625 0.4798058328125 0.4707758953125 0.4802366765625 0.47410973749999996 0.49715256874999997 0.48357734218750004 0.5899034640624999 0.52315765 0.593508853125 0.5230344375 0.618313265625 0.46090799374999997 0.6213902828125 0.4510919953125
0 0.5917516046875 0.5281173734375 0.5865271515625 0.5175805046875 0.47764345781250006 0.4783282921875 0.4756382 0.479624628125 0.4705559234375 0.49073696250000004 0.44843019531249995 0.5418332140625 0.44641814843749994 0.5468132046874999 0.4469600984375 0.5491386796875 0.5586321421875 0.59689025625 0.5637726468750001 0.593700871875 0.5725456999999999 0.5756536546875 0.5917516046875 0.5281173734375
0 0.45262889843750004 0.55564205 0.4480439234375 0.5537896 0.44509158906249996 0.5552299203125 0.413134625 0.6255257390625 0.409842184375 0.6336748171875 0.41020122187499997 0.6364530187499999 0.5267197515625 0.682476303125 0.5359357890625 0.6809335421875 0.56439846875 0.6097525687500001 0.5641112390624999 0.6075300078125 0.45262889843750004 0.55564205
0 0.542290309375 0.69087373125 0.42574605937500004 0.6390471421874999 0.42359718749999997 0.6392321984375 0.421990265625 0.6417427296875 0.40169367031250003 0.688311715625 0.388308484375 0.7192411015625 0.38928806875 0.7212167640625 0.50969921875 0.7693393984375 0.5139251578125 0.768413646875 0.516629559375 0.76318675625 0.5423553265625001 0.6951130265625001 0.542290309375 0.69087373125
0 0.369755715625 0.7680945234375 0.34974634843749997 0.8168860703125 0.3505430203125 0.819314459375 0.46384770625 0.87035880625 0.4672701828125 0.8706883203125001 0.47802133593749996 0.8660793874999999 0.5106327937499999 0.7765627546875 0.387014590625 0.729777528125 0.385264053125 0.731176778125 0.369755715625 0.7680945234375
0 0.4553972796875 0.1997065671875 0.4529543875 0.20135271562499998 0.4432274703125 0.223227571875 0.42453779531249997 0.2672860265625 0.5371176171875 0.316457625 0.5411606421874999 0.3159846 0.5425846515625 0.3139267953125 0.5656317359374999 0.2568832578125 0.566951428125 0.2521501640625 0.5660829484375001 0.24916613437500001 0.4553972796875 0.1997065671875
0 0.4169545546875 0.272121621875 0.3900012703125 0.33443312187499996 0.3887208765625 0.33760220625000004 0.38933463437500004 0.34048332187499997 0.5039522234375 0.3904782328125 0.5077405265625 0.3899022921875 0.532623534375 0.324647834375 0.5327414296875 0.3199558125 0.4219446546875 0.2715046125 0.4169545546875 0.272121621875
0 0.3843308796875 0.3484676109375 0.35554846093750003 0.415306375 0.3537193265625 0.419833640625 0.35426127812499997 0.42215911562499997 0.46997634687499995 0.469437665625 0.47405866874999997 0.46740063281250005 0.5017436078124999 0.40327822968750004 0.5032137031249999 0.3959727625 0.3877601453125 0.3451134703125 0.3843308796875 0.3484676109375
0 0.470002065625 0.47524096875 0.4695712203125 0.4719071265625 0.35266114375 0.4209859921875 0.350290059375 0.42318778124999995 0.34282991093750004 0.440185559375 0.31912976875 0.4959119890625 0.3199982484375 0.49889601875 0.4316377828125 0.544527946875 0.4389528796875 0.5469568109375 0.4421599328125 0.545619403125 0.468427653125 0.479871146875 0.470002065625 0.47524096875
0 0.30435987343750004 0.5273351734375 0.28197263437500003 0.5820121640625 0.2818547390625 0.5867041859375 0.40525073125000005 0.635506146875 0.4070012671875 0.634106896875 0.43918723281250005 0.5581106890624999 0.43912221406249996 0.5538713937499999 0.31634677031249997 0.50426689375 0.3132833296875 0.50671558125 0.30435987343750004 0.5273351734375
0 0.280534890625 0.591437215625 0.27772617187500004 0.59398881875 0.25563974218749996 0.6435210609375 0.24400509375 0.673051196875 0.34480273906250003 0.7132494609375 0.3750102015625 0.7228209265625 0.4017616421875 0.651475196875 0.40440102656250004 0.6420090125 0.40225894375 0.6385104125 0.3390556671875 0.61086811875 0.280534890625 0.591437215625
0 0.38297164375000003 0.730250584375 0.3822467796875 0.7283778359374999 0.25182970937500004 0.67568591875 0.247381559375 0.6786284046875 0.23794866093749997 0.6990421671875 0.2117663296875 0.757978753125 0.20923805 0.766436571875 0.319930509375 0.812212484375 0.34638896875 0.8207958828124999 0.3508371171875 0.8178533968749999 0.3811750171875 0.736897496875 0.38297164375000003 0.730250584375
0 0.473496284375 0.100640125 0.47771008125 0.086543759375 0.4758945265625 0.083703715625 0.36403956875 0.036404865625 0.361015428125 0.037289546875 0.3537517703125 0.0464672890625 0.3379955 0.0795984640625 0.327059996875 0.105198046875 0.3287644453125 0.10904645937499999 0.44422479375 0.1562220953125 0.44939780625000003 0.1551523578125 0.45300998750000004 0.151345490625 0.473496284375 0.100640125
0 0.44122668125000003 0.16291020312499999 0.44086764531249995 0.16013200156250001 0.3289801765625 0.1107135046875 0.324467009375 0.1094166953125 0.3222788390625 0.1111657578125 0.29248432812499997 0.1739092109375 0.29120393437500003 0.177078296875 0.2920006046875 0.17950668593750002 0.40800290468749995 0.2290077984375 0.41211773437500004 0.2290904140625 0.416095740625 0.2243780921875 0.44122668125000003 0.16291020312499999
0 0.289328634375 0.18685319218750002 0.2846650625 0.18812875625 0.2668642359375 0.22412027656250003 0.253374734375 0.252374375 0.25507918281249997 0.25622278593750003 0.3746475734375 0.30716469375 0.3787691953125 0.303563653125 0.4088577265625 0.23935910625 0.4079567375 0.2342554296875 0.393875284375 0.22803952500000002 0.289328634375 0.18685319218750002
0 0.3680368953125 0.3176595125 0.3674231359375 0.31477839687500003 0.2945404671875 0.2832253734375 0.246215315625 0.26422737343749997 0.2434458953125 0.26521496875 0.21459845937500002 0.3278144375 0.210940190625 0.3368689671875 0.211410334375 0.33863880156250004 0.3262108359375 0.38818098437500004 0.33720313125 0.391042275 0.3615238203125 0.33451330625 0.3680368953125 0.3176595125
0 0.306723440625 0.45034912968749996 0.33016886093750003 0.3945197859375 0.3287909421875 0.391329928125 0.2984073546875 0.378527534375 0.20455897968749998 0.3416635859375 0.20007153125000002 0.346170078125 0.18204849375 0.38417833125 0.166252925 0.4188735140625 0.16784626875 0.42373029375 0.196734040625 0.438034853125 0.29134657656249996 0.47520754218750005 0.295357090625 0.47261486875000003 0.306723440625 0.45034912968749996
0 0.163104021875 0.428133840625 0.1593482265625 0.430829428125 0.1362497015625 0.4762663609375 0.1219567390625 0.505775725 0.1211464890625 0.5107146453125 0.2555279875 0.5660615499999999 0.26872346875 0.5392685453125 0.2931945640625 0.480167203125 0.2930184390625 0.476936275 0.2461498046875 0.4580001171875 0.163104021875 0.428133840625
0 0.24860435937499997 0.56853050625 0.247664071875 0.5649908359375 0.21146120468750002 0.5482574140625001 0.1302377640625 0.5175475281249999 0.11385703437500001 0.514089053125 0.10710281875000001 0.5234726234375 0.089047271875 0.5593612296875 0.0738397421875 0.5911342265624999 0.072082415625 0.59621713125 0.0732449140625 0.5977400671875001 0.211375415625 0.654075040625 0.2137465 0.6518732515625 0.24860435937499997 0.56853050625
0 0.20191144687499998 0.651831234375 0.0646169140625 0.5963606421875001 0.0625398484375 0.5971013375 0.0591430921875 0.602575128125 0.022045623437500002 0.6760603296875 0.0167018390625 0.69075340625 0.026668459375 0.6968866953124999 0.1590514875 0.7498462828125 0.16320561875 0.748364890625 0.164812540625 0.745854359375 0.202159378125 0.655617803125 0.20191144687499998 0.651831234375
0 0.3181588875 0.09422896875 0.31521334375 0.0919856359375 0.19527912812499998 0.04194918125 0.192032775 0.044850596874999996 0.1841417796875 0.0585145328125 0.1562549984375 0.11360270624999999 0.15610459375000002 0.11617508125 0.2797485171875 0.16876360937499998 0.282955571875 0.167426203125 0.3059036921875 0.12456164375 0.31757084999999996 0.09715115625000001 0.3181588875 0.09422896875
0 0.27988542031249997 0.1735585765625 0.27876222031250003 0.170471634375 0.27206767187500003 0.16724023125 0.151767628125 0.11810923124999999 0.1488871015625 0.12010519374999999 0.14351759687500001 0.12899496562499999 0.11654538125 0.18181950625 0.11208365312499999 0.192129303125 0.1128085171875 0.1940020515625 0.2419126828125 0.2477434046875 0.244427384375 0.246652896875 0.24855579374999998 0.2393682015625 0.27988542031249997 0.1735585765625
0 0.239743365625 0.2589793953125 0.240305684375 0.2502539046875 0.2361976421875 0.24648763593749998 0.110254440625 0.19665653593750002 0.10693628125000001 0.1990023109375 0.1018607953125 0.206430990625 0.07317055156249999 0.2627744296875 0.06969519843750001 0.2713762328125 0.07074659062500001 0.2739075359375 0.2001772859375 0.32830744375 0.20345614687500002 0.3275256765625 0.209622325 0.32106429375 0.239743365625 0.2589793953125
0 0.0295939578125 0.33469515156249996 0.0218397890625 0.353154025 0.0245238234375 0.3589780984375 0.1539220078125 0.411258359375 0.15574435312499998 0.41041475 0.1608591390625 0.4014220625 0.19391358125 0.32840988437499996 0.0639734453125 0.2738041484375 0.0581337953125 0.2809240859375 0.0295939578125 0.33469515156249996