0 0.90859375 0.3921875 0.1828125 0.215625
0 0.85625 0.58359375 0.2109375 0.2203125
0 0.7984375 0.7640625 0.2046875 0.2109375
0 0.73671875 0.91640625 0.2046875 0.1671875
0 0.57734375 0.8921875 0.2078125 0.215625
0 0.63828125 0.70859375 0.2109375 0.2296875
0 0.69765625 0.52265625 0.20625 0.21875
0 0.76171875 0.34140625 0.209375 0.2265625
0 0.60703125 0.28203125 0.203125 0.21875
0 0.54296875 0.46953125 0.20625 0.225
0 0.48203125 0.65390625 0.2078125 0.225
0 0.421875 0.83828125 0.2078125 0.2265625
0 0.259375 0.790625 0.2125 0.2203125
0 0.31875 0.61015625 0.2109375 0.2234375
0 0.38125 0.41640625 0.2140625 0.21875
0 0.43046875 0.22890625 0.2140625 0.240625