0 0.459375 0.38984375 0.11484375 0.13125
0 0.56875 0.38515625 0.1015625 0.11796875
0 0.67578125 0.39140625 0.09609375 0.09765625
0 0.67578125 0.50390625 0.10078125 0.09453125
0 0.56953125 0.5109375 0.1 0.11484375
0 0.4640625 0.5078125 0.103125 0.1203125
0 0.47109375 0.3125 0.090625 0.0328125
0 0.56015625 0.3109375 0.08515625 0.0296875
0 0.559375 0.27734375 0.0828125 0.0296875
0 0.46875 0.271875 0.0921875 0.02421875
0 0.46796875 0.24296875 0.090625 0.04140625
0 0.4671875 0.203125 0.08984375 0.0296875
0 0.465625 0.62109375 0.103125 0.11953125
0 0.56875 0.62734375 0.09765625 0.10703125
0 0.67578125 0.61875 0.10078125 0.1140625
0 0.67421875 0.7359375 0.09765625 0.1140625
0 0.671875 0.83828125 0.0890625 0.109375
0 0.57578125 0.73984375 0.1015625 0.09140625
0 0.5765625 0.84140625 0.09921875 0.103125
0 0.46953125 0.73984375 0.10390625 0.109375
0 0.46875 0.84375 0.0984375 0.09453125
0 0.7984375 0.25859375 0.10234375 0.09765625
0 0.90234375 0.26875 0.0953125 0.09921875
0 0.79609375 0.378125 0.10859375 0.1078125
0 0.903125 0.3890625 0.09765625 0.1109375
0 0.90390625 0.51015625 0.09453125 0.10703125
0 0.79296875 0.49921875 0.10546875 0.103125
0 0.796875 0.61484375 0.09921875 0.1
0 0.9015625 0.6140625 0.10078125 0.11015625
0 0.8 0.73125 0.10546875 0.1109375
0 0.89453125 0.72265625 0.10703125 0.10625
0 0.796875 0.8375 0.09296875 0.1
0 0.89453125 0.84140625 0.096875 0.10234375
0 0.17421875 0.8921875 0.1109375 0.10546875
0 0.17109375 0.7765625 0.11484375 0.10234375
0 0.16328125 0.6609375 0.109375 0.1171875
0 0.159375 0.54765625 0.115625 0.1140625
0 0.14921875 0.4125 0.11640625 0.121875
0 0.1390625 0.2921875 0.11796875 0.11484375
0 0.06171875 0.8921875 0.11484375 0.10546875