0 0.7984375 0.31875 0.165625 0.215625
0 0.8640625 0.5015625 0.1671875 0.2078125
0 0.92265625 0.6734375 0.1546875 0.19375
0 0.7875 0.68203125 0.215625 0.2828125
0 0.7109375 0.47265625 0.1625 0.2
0 0.65 0.29296875 0.165625 0.2140625
0 0.61796875 0.69453125 0.290625 0.3953125
0 0.51328125 0.88125 0.140625 0.115625
0 0.48515625 0.8015625 0.1421875 0.115625
0 0.4546875 0.721875 0.140625 0.1078125
0 0.42421875 0.64140625 0.1390625 0.1125
0 0.38984375 0.5640625 0.1421875 0.1125
0 0.396875 0.90703125 0.134375 0.171875
0 0.30859375 0.93203125 0.1390625 0.1359375
0 0.253125 0.80078125 0.1375 0.171875
0 0.1180232453125 0.5937020796875 0.1822228125 0.745727609375 0.26739733125 0.6950196234375 0.2043416 0.5475045203125 0.1180232453125 0.5937020796875
0 0.2022190671875 0.5433503109375 0.1400055375 0.387645871875 0.054434192187499994 0.43258619062500003 0.11548976250000001 0.5867413921875 0.2022190671875 0.5433503109375