0 0.528125 0.41484375 0.1046875 0.1109375
0 0.30625 0.51484375 0.1203125 0.1234375
0 0.5640625 0.33125 0.10625 0.1078125
0 0.59921875 0.2484375 0.1015625 0.103125
0 0.37421875 0.78359375 0.1234375 0.1296875
0 0.39453125 0.3265625 0.1171875 0.11875
0 0.2234375 0.246875 0.1171875 0.11875
0 0.26015625 0.6109375 0.1203125 0.1265625
0 0.178125 0.33984375 0.11875 0.1234375
0 0.471875 0.15078125 0.1109375 0.1109375
0 0.49453125 0.49921875 0.109375 0.1125
0 0.60078125 0.4609375 0.0984375 0.1015625
0 0.3515625 0.41953125 0.11875 0.125
0 0.45546875 0.58984375 0.1125 0.11875
0 0.671875 0.2984375 0.103125 0.1046875
0 0.0453125 0.6296875 0.090625 0.1375
0 0.63671875 0.3796875 0.1 0.1015625
0 0.63125 0.17109375 0.1 0.1
0 0.41640625 0.684375 0.11875 0.125
0 0.31015625 0.28984375 0.1140625 0.1171875
0 0.7015625 0.22109375 0.09375 0.09375
0 0.4578125 0.8265625 0.125 0.125
0 0.27109375 0.15859375 0.1140625 0.115625
0 0.21796875 0.471875 0.1171875 0.121875
0 0.56875 0.54453125 0.1046875 0.10625
0 0.43515625 0.2375 0.1125 0.1125
0 0.58046875 0.76328125 0.1140625 0.1203125
0 0.64765625 0.57421875 0.1046875 0.109375
0 0.12734375 0.43203125 0.1140625 0.1203125
0 0.5328125 0.63359375 0.109375 0.115625
0 0.35390625 0.20078125 0.1125 0.1140625
0 0.709375 0.4046875 0.1 0.103125
0 0.1703125 0.571875 0.11875 0.121875
0 0.496875 0.73046875 0.1125 0.1171875
0 0.121875 0.6734375 0.1328125 0.1375
0 0.67890625 0.490625 0.0984375 0.103125
0 0.61328125 0.665625 0.1046875 0.1125
0 0.43359375 0.04296875 0.1171875 0.0859375
0 0.209375 0.71328125 0.128125 0.1359375
0 0.74140625 0.3265625 0.096875 0.1
0 0.265625 0.37734375 0.1140625 0.121875
0 0.3125 0.0796875 0.1078125 0.109375
0 0.08046875 0.52734375 0.121875 0.1265625
0 0.5421875 0.859375 0.115625 0.11875
0 0.39375 0.11640625 0.1078125 0.1109375
0 0.771875 0.2484375 0.0875 0.090625
0 0.81953125 0.44375 0.1125 0.1109375
0 0.75390625 0.61875 0.1046875 0.109375
0 0.7859375 0.53203125 0.1046875 0.10625
0 0.83515625 0.6515625 0.1125 0.1140625
0 0.684375 0.8078125 0.109375 0.11875
0 0.91640625 0.6859375 0.1046875 0.1125
0 0.84453125 0.3609375 0.1015625 0.1015625
0 0.8796875 0.77890625 0.1046875 0.1140625
0 0.95859375 0.50859375 0.0828125 0.1015625
0 0.8015625 0.74296875 0.1078125 0.1140625
0 0.65234375 0.90625 0.115625 0.1234375
0 0.71875 0.71171875 0.1125 0.11875
0 0.8453125 0.87421875 0.0953125 0.1109375
0 0.9 0.28671875 0.1015625 0.103125
0 0.97109375 0.41953125 0.0578125 0.1015625
0 0.76640625 0.84140625 0.1125 0.1171875
0 0.7390625 0.940625 0.121875 0.11875
0 0.89609375 0.475 0.09375 0.096875
0 0.80859375 0.959375 0.0859375 0.08125
0 0.91640625 0.3890625 0.0921875 0.096875
0 0.86640625 0.56015625 0.096875 0.10625
0 0.93984375 0.59921875 0.096875 0.0984375