0 0.390625 0.3875 0.26015625 0.39609375
0 0.3921875 0.76953125 0.265625 0.37265625
0 0.12578125 0.7625 0.2515625 0.38203125
0 0.128125 0.3796875 0.25625 0.390625
0 0.68828125 0.2640625 0.16484375 0.19453125
0 0.69921875 0.45390625 0.17265625 0.18046875
0 0.70390625 0.65390625 0.1703125 0.1828125
0 0.70859375 0.8484375 0.17109375 0.196875
0 0.87109375 0.253125 0.153125 0.2015625
0 0.8703125 0.44921875 0.16328125 0.19453125
0 0.871875 0.6515625 0.16484375 0.2109375
0 0.87109375 0.84375 0.153125 0.1875