0 0.359375 0.38671875 0.15625 0.28046875
0 0.1640625 0.61171875 0.18984375 0.178125
0 0.10625 0.78828125 0.0921875 0.2
0 0.24140625 0.7859375 0.19453125 0.1609375
0 0.390625 0.79921875 0.09609375 0.1734375
0 0.4859375 0.796875 0.08515625 0.16875
0 0.58203125 0.7984375 0.08203125 0.17109375
0 0.71484375 0.78359375 0.096875 0.18046875
0 0.853125 0.7796875 0.18515625 0.1828125
0 0.8515625 0.6078125 0.175 0.15625
0 0.71796875 0.6078125 0.0828125 0.1609375
0 0.71328125 0.45546875 0.09765625 0.1734375
0 0.825 0.47109375 0.12578125 0.10234375