0 0.1765625 0.80390625 0.0875 0.0671875
0 0.47265625 0.67109375 0.0984375 0.071875
0 0.18671875 0.7515625 0.0875 0.06875
0 0.44921875 0.775 0.096875 0.071875
0 0.3765625 0.70234375 0.09375 0.0703125
0 0.4625 0.721875 0.0984375 0.0703125
0 0.1546875 0.253125 0.15 0.10625
0 0.403125 0.59453125 0.09375 0.0671875
0 0.48515625 0.6171875 0.096875 0.06875
0 0.74921875 0.8390625 0.0984375 0.075
0 0.3875 0.646875 0.0921875 0.071875
0 0.7578125 0.78515625 0.0953125 0.071875
0 0.16171875 0.85546875 0.0890625 0.0703125
0 0.0734375 0.5109375 0.146875 0.11875
0 0.09609375 0.41875 0.15 0.1125
0 0.28125 0.7125 0.090625 0.06875
0 0.5234375 0.46015625 0.0890625 0.0671875
0 0.50078125 0.5640625 0.096875 0.0703125
0 0.18125 0.17109375 0.146875 0.103125
0 0.43203125 0.8359375 0.0984375 0.0734375
0 0.69453125 0.621875 0.090625 0.0671875
0 0.66171875 0.8265625 0.096875 0.0703125
0 0.43359375 0.48984375 0.0921875 0.065625
0 0.5140625 0.5078125 0.09375 0.0671875
0 0.68671875 0.67109375 0.09375 0.071875
0 0.65234375 0.88203125 0.09375 0.071875
0 0.7390625 0.8953125 0.096875 0.071875
0 0.3625 0.75859375 0.096875 0.0734375
0 0.19765625 0.6984375 0.084375 0.065625
0 0.79296875 0.5359375 0.09375 0.06875
0 0.86640625 0.64609375 0.09375 0.06875
0 0.346875 0.8109375 0.0984375 0.065625
0 0.70625 0.571875 0.0921875 0.0703125
0 0.83671875 0.85546875 0.0984375 0.075
0 0.784375 0.58203125 0.0859375 0.065625
0 0.60859375 0.49140625 0.090625 0.0703125
0 0.4203125 0.5421875 0.09375 0.06875
0 0.7671875 0.73203125 0.0921875 0.0671875
0 0.671875 0.77578125 0.0953125 0.0703125
0 0.828125 0.91484375 0.0921875 0.0734375
0 0.71328125 0.52109375 0.0875 0.0671875
0 0.85 0.74921875 0.0859375 0.0625
0 0.8578125 0.69765625 0.0921875 0.06875
0 0.7953125 0.3984375 0.0890625 0.065625
0 0.6765625 0.72421875 0.090625 0.0671875
0 0.8453125 0.8 0.0921875 0.06875
0 0.596875 0.54140625 0.09375 0.0671875
0 0.96171875 0.43125 0.0765625 0.0625
0 0.21484375 0.64921875 0.0859375 0.0671875
0 0.5484375 0.75390625 0.0953125 0.071875
0 0.79609375 0.48515625 0.0953125 0.06875
0 0.95703125 0.478125 0.0859375 0.059375
0 0.7765625 0.6328125 0.0875 0.0640625
0 0.77421875 0.68125 0.090625 0.0671875
0 0.5859375 0.59765625 0.0953125 0.071875
0 0.53828125 0.80859375 0.103125 0.075
0 0.12890625 0.3375 0.1546875 0.109375
0 0.8703125 0.54765625 0.08125 0.0609375
0 0.5609375 0.6984375 0.0921875 0.071875
0 0.94609375 0.62265625 0.084375 0.065625
0 0.93828125 0.6734375 0.075 0.0625
0 0.71640625 0.47890625 0.0859375 0.0609375
0 0.52265625 0.86484375 0.103125 0.075
0 0.0625 0.60234375 0.125 0.1265625
0 0.87890625 0.46328125 0.08125 0.0578125
0 0.57109375 0.64609375 0.090625 0.0640625
0 0.8734375 0.5046875 0.0765625 0.0546875
0 0.92890625 0.72109375 0.0734375 0.0625
0 0.86953125 0.59375 0.090625 0.0625
0 0.91875 0.76953125 0.071875 0.0625
0 0.95625 0.52109375 0.0875 0.0578125
0 0.953125 0.5734375 0.0890625 0.0640625
0 0.8921875 0.92890625 0.053125 0.0625
0 0.22734375 0.81875 0.0578125 0.1515625
0 0.80234375 0.440625 0.090625 0.0671875
0 0.2640625 0.8203125 0.065625 0.1578125
0 0.63203125 0.6515625 0.0640625 0.15
0 0.0515625 0.7 0.103125 0.128125
0 0.903125 0.87578125 0.0546875 0.059375
0 0.59609375 0.8203125 0.078125 0.19375
0 0.096875 0.1359375 0.065625 0.0875
0 0.91171875 0.8171875 0.065625 0.0625