0 0.28046875 0.27890625 0.10625 0.12109375
0 0.2828125 0.40625 0.10703125 0.11484375
0 0.290625 0.5265625 0.09921875 0.10625
0 0.29453125 0.640625 0.10390625 0.10390625
0 0.2984375 0.753125 0.0984375 0.09609375
0 0.30390625 0.859375 0.10390625 0.090625
0 0.165625 0.27734375 0.10234375 0.1234375
0 0.17265625 0.4046875 0.10546875 0.10546875
0 0.1828125 0.52421875 0.10390625 0.10859375
0 0.18359375 0.640625 0.09921875 0.10703125
0 0.190625 0.75390625 0.1078125 0.10078125
0 0.19765625 0.86328125 0.09921875 0.09296875
0 0.053125 0.28359375 0.09765625 0.12578125
0 0.0625 0.41171875 0.1078125 0.109375
0 0.07109375 0.528125 0.10703125 0.1015625
0 0.071875 0.64375 0.10625 0.103125
0 0.0859375 0.7578125 0.09453125 0.103125
0 0.0953125 0.86328125 0.10078125 0.084375
0 0 0.9164642468749999 0.041844003125 0.9129629625 0.0293619796875 0.746296296875 0 0.7488212625 0 0.9164642468749999
0 0 0.7432608046875 0.0283203125 0.7379629624999999 0.013723896874999999 0.5601851859375 0 0.5609246484375 0 0.7432608046875
0 0.5859375 0.19921875 0.08515625 0.02890625
0 0.58515625 0.23359375 0.08515625 0.0265625
0 0.584375 0.2671875 0.0859375 0.03203125
0 0.5828125 0.3 0.084375 0.02578125
0 0.671875 0.26328125 0.08515625 0.0296875
0 0.6703125 0.296875 0.08203125 0.021875
0 0.578125 0.3765625 0.09921875 0.11015625
0 0.57890625 0.49140625 0.09921875 0.10390625
0 0.58125 0.60078125 0.09765625 0.096875
0 0.58125 0.7109375 0.09609375 0.1
0 0.58125 0.8109375 0.09453125 0.096875
0 0.68046875 0.3734375 0.0984375 0.10625
0 0.68125 0.49140625 0.096875 0.109375
0 0.68046875 0.60390625 0.09375 0.0984375
0 0.68046875 0.71171875 0.09609375 0.0953125
0 0.67890625 0.81484375 0.08671875 0.09453125
0 0.77265625 0.81484375 0.0921875 0.09453125
0 0.7765625 0.70859375 0.0875 0.0953125
0 0.7796875 0.60078125 0.0953125 0.1015625
0 0.78125 0.4890625 0.09375 0.10546875
0 0.778125 0.378125 0.0890625 0.10390625
0 0.90234375 0.253125 0.09375 0.10078125
0 0.89921875 0.3671875 0.096875 0.1140625
0 0.847953728125 0.5361111109375 0.9432496453124999 0.5333333328125 0.9455074578125 0.43149745 0.8458707578125001 0.43333333281249997 0.847953728125 0.5361111109375
0 0.9397786453125001 0.6379629625 0.9422081609375 0.5361111109375 0.847953728125 0.5416666671875 0.8458707578125001 0.64351851875 0.9397786453125001 0.6379629625
0 0.9390837046874999 0.7518518515625 0.9418619796875 0.652777778125 0.8484744718749999 0.6518518515625 0.8458707578125001 0.753703703125 0.9390837046874999 0.7518518515625
0 0.93179330625 0.8546296296874999 0.9370007328125001 0.7583333328124999 0.8458707578125001 0.759259259375 0.8401425874999999 0.8574074078124999 0.93179330625 0.8546296296874999
0 1 0.20396585625000002 0.9564453125 0.20833333281250002 0.9515815296874999 0.3166666671875 1 0.3121354953125 1 0.20396585625000002
0 1 0.31898336718750003 0.95054004375 0.32777777812500003 0.949498559375 0.43055555625 1 0.4278883484375 1 0.31898336718750003
0 1 0.43469401249999995 0.9491536453125 0.440740740625 0.9468948453125 0.5425925921875 1 0.5381385562500001 1 0.43469401249999995
0 1 0.54276654375 0.9463741015625 0.547222221875 0.942728903125 0.647222221875 0.9429036453125 0.646296296875 1 0.6454109109374999 1 0.54276654375
0 1 0.65034618125 0.9449869796874999 0.6555555562500001 0.9437703890625 0.652777778125 0.9406459328125001 0.759259259375 1 0.7566208421875 1 0.65034618125
0 1 0.7612083859375 0.9416874171874999 0.7648148140625 0.9335286453125 0.8546296296874999 1 0.85822024375 1 0.7612083859375