0 0.8765625 0.6640625 0.246875 0.246875
0 0.784375 0.82890625 0.2390625 0.2359375
0 0.6890625 0.9375 0.2375 0.125
0 0.62109375 0.853125 0.1984375 0.29375
0 0.54609375 0.7703125 0.35625 0.446875
0 0.34609375 0.84296875 0.1390625 0.14375
0 0.40390625 0.740625 0.140625 0.1453125
0 0.4640625 0.634375 0.140625 0.146875
0 0.52578125 0.5265625 0.1421875 0.1453125
0 0.58671875 0.421875 0.1421875 0.146875
0 0.64765625 0.3125 0.1484375 0.1546875
0 0.49296875 0.36875 0.1484375 0.1515625
0 0.4328125 0.47734375 0.15 0.15625
0 0.3703125 0.5875 0.1453125 0.15
0 0.3109375 0.69375 0.14375 0.1484375
0 0.25078125 0.8046875 0.1484375 0.1546875
0 0.08828125 0.7203125 0.1515625 0.1578125
0 0.1546875 0.61015625 0.1546875 0.159375
0 0.22265625 0.49921875 0.1515625 0.1578125
0 0.28515625 0.3859375 0.1578125 0.159375
0 0.25078125 0.2171875 0.1609375 0.159375
0 0.1828125 0.33046875 0.1625 0.1703125
0 0.11875 0.44609375 0.1515625 0.1546875
0 0.06640625 0.5578125 0.1328125 0.15625
0 0.03515625 0.66953125 0.0703125 0.1640625