0 0.480215421875 0.6676823015625 0.4489465859375 0.7206927765625 0.4328493921875 0.749732884375 0.432867175 0.7525341328125 0.5614241640625 0.8249109921875 0.5647738578125 0.8245346453125 0.606907075 0.74795764375 0.6080586828125 0.7407800921875001 0.4859643625 0.6680775999999999 0.480215421875 0.6676823015625
0 0.6585413875 0.6593405546875 0.6580430421875 0.6562729265625 0.5359771765625 0.5880524328125001 0.5295287359375 0.5906190671875 0.5221796390625 0.6021771890625 0.498729790625 0.6422151703125001 0.4850140578125 0.6692256734375001 0.485272121875 0.6721601125000001 0.61190686875 0.7434714546875 0.6142918859375001 0.7420021 0.655234371875 0.6664399000000001 0.6585413875 0.6593405546875
0 0.5603716578125 0.206313440625 0.559148915625 0.20228599374999998 0.5375094765624999 0.18805794375 0.45004039218749997 0.1384564828125 0.44621725 0.13968695 0.44360262187500005 0.1427038640625 0.4196473171875 0.1785537171875 0.4070938609375 0.20006741875 0.40761354531249994 0.20649654687500002 0.5186336390624999 0.269710825 0.5222165000000001 0.2683471671875 0.5326572296875 0.253478259375 0.5603716578125 0.206313440625
0 0.48606117656250003 0.3437715421875 0.5220395828125 0.2782981109375 0.521050009375 0.2732833546875 0.41147870937500003 0.2119887125 0.40836573749999994 0.2119379984375 0.404556821875 0.215409465625 0.3850992625 0.2431451703125 0.36850372343750004 0.26911765 0.3651895953125 0.2750964953125 0.36568793906249997 0.27816412343749997 0.4791250625 0.34495129687500004 0.48319915468749997 0.3455347671875 0.48606117656250003 0.3437715421875
0 0.474429790625 0.35965529375 0.4781889125 0.34834032812500004 0.476973284375 0.34543338125 0.36284021875 0.282168390625 0.358289121875 0.28187878906249997 0.3549536546875 0.2844961359375 0.3378775546875 0.31020223593749996 0.31252325000000003 0.35197595000000004 0.31302515 0.355603828125 0.4314939296875 0.42294697968749995 0.4338860609375 0.42259812500000005 0.43934848281249994 0.415576984375 0.474429790625 0.35965529375
0 0.30803225156249997 0.3612103953125 0.302810109375 0.368364725 0.2696083625 0.4186289328125 0.2627433828125 0.431013684375 0.2666056484375 0.43594596562500004 0.3850708703125 0.5027288671875 0.389123621875 0.49995083906250004 0.431762296875 0.427561965625 0.43078695 0.42478820781250004 0.3118482796875 0.358859428125 0.30803225156249997 0.3612103953125
0 0.11088511406249998 0.6862705109375 0.23967526718749999 0.757660059375 0.28896353750000003 0.6766749921875 0.28870903124999997 0.674300803125 0.16159728125 0.60328333125 0.158731703125 0.6044863078125 0.1174706890625 0.6675898203124999 0.1087083640625 0.6828308062499999 0.11088511406249998 0.6862705109375
0 0.366593146875 0 0.3641898734375 0.0043356171875 0.3663666234375 0.0077753234374999996 0.47209344062499997 0.06693893281249999 0.4783051578125 0.0647993609375 0.48639287812500004 0.0564420546875 0.5134078046874999 0.0122391671875 0.5140930781249999 0.0070362375000000005 0.509986975 0.0014105171875 0.507516128125 0 0.366593146875 0
0 0.43776483749999995 0.1283023609375 0.47427359999999996 0.07093880625 0.47520626562499996 0.066989565625 0.4737610296875 0.0656301796875 0.3627587171875 0.00521715 0.35941969375 0.007274246874999999 0.33758067187499996 0.03703955625 0.3183633921875 0.0649084515625 0.3169466078125 0.06803106249999999 0.31767811875 0.07011138125000001 0.43180762812499995 0.132816121875 0.43419975937500005 0.1324672671875 0.43776483749999995 0.1283023609375
0 0.8455235765625 0.8807832078125 0.822919459375 0.8654621499999999 0.740255978125 0.8185244765625 0.73594160625 0.8178078171875001 0.7323658578125001 0.8202919734374999 0.7110678609375001 0.8598479093750001 0.6933491703125 0.8974799390625 0.693126671875 0.9001479984375 0.8075035749999999 0.9641064296874999 0.8101324312499999 0.9633305140624999 0.83709045 0.9101636281250001 0.8455235765625 0.8807832078125
0 0.8835400203124999 0.7968997359375 0.78527255625 0.7435457484375 0.7742410109375 0.7407805328125 0.7569424171875 0.76915469375 0.7344999249999999 0.8170086796874999 0.830608425 0.8697242125000001 0.8457425171875 0.8775548984375 0.8486116515625 0.876912171875 0.8686975765625 0.8350095390625001 0.8833246375 0.800688296875 0.8835400203124999 0.7968997359375
0 0.8391546765625 0.669573321875 0.8168192937500001 0.6588674515624999 0.80819055 0.6574341312499999 0.783610434375 0.7080111609374999 0.7744137875 0.730269015625 0.778039328125 0.73562835625 0.8647875734375001 0.78483025 0.8851793750000001 0.7911091046875 0.9081059828125 0.744081746875 0.9179985734375 0.7183017125 0.8391546765625 0.669573321875
0 0.842925021875 0.5845718343749999 0.813129878125 0.64342369375 0.8084345328125 0.6581276515625001 0.901426503125 0.7102322203125 0.915348525 0.715716209375 0.9354308937500001 0.6732533265625 0.9462525953125001 0.6429638015625 0.86765965 0.59604935 0.8462747171875 0.5841954874999999 0.842925021875 0.5845718343749999
0 0.975750259375 0.5750145921875001 0.9531283593750001 0.556892284375 0.8776839531249999 0.5156310453125 0.8497648140624999 0.568265171875 0.8464649109375 0.5764850171875 0.8453239734375 0.5853433171875 0.901563753125 0.61875065 0.9412099765624999 0.640726909375 0.948163875 0.6423484046875 0.9743654859375 0.583179453125 0.975750259375 0.5750145921875001
0 1 0.49700525312500005 0.994623125 0.492801784375 0.9081116046875 0.44317283124999995 0.9026634093749999 0.4524349703125 0.8778785812500001 0.5084813109375 0.8774229171875 0.51213668125 0.9608356921875 0.5639559203125 0.974270040625 0.5680530312500001 0.9785666296875 0.5659684421875 0.9972428859375 0.528308921875 1 0.521636115625 1 0.49700525312500005
0 0.8482131046875001 0.28603275625 0.84389873125 0.2853160953125 0.8396163703124999 0.2896416828125 0.8294337046875 0.30744503125 0.8093584484375 0.3510284140625 0.809139509375 0.3542567234375 0.9187036953125001 0.414430865625 0.920848434375 0.412828321875 0.9525302515625 0.349439478125 0.95345225 0.3438094875 0.8482131046875001 0.28603275625
0 0.8856511109375 0.488225446875 0.9168381421875 0.4223292265625 0.9182406999999999 0.41696561406250005 0.8103549171875001 0.3571635484375 0.7805384328125 0.412653909375 0.7777013078125 0.41833888437500005 0.777016034375 0.42354181406249997 0.8856511109375 0.488225446875
0 0.7758499828125001 0.42847824375 0.7446202703125 0.4876514671875 0.7389709171875001 0.5029431640625 0.8394186859375001 0.56029710625 0.851658746875 0.5648487703125 0.8828813437499999 0.504555046875 0.8873506375 0.4919589015625 0.7996234890625 0.4394230015625 0.7784788375 0.427702328125 0.7758499828125001 0.42847824375
0 0.6999540828125 0.5801310484375 0.8159987203125001 0.64278080625 0.831163246875 0.6176899390624999 0.8510088937500001 0.5756541171875 0.8514538875 0.5703179984375 0.7930338031249999 0.5329107109375 0.7382641578125 0.5047845140625 0.704893265625 0.56612053125 0.6999540828125 0.5801310484375
0 0.8129568812500001 0.653935090625 0.81484 0.6488378578125 0.81409781875 0.6450767890625 0.74513030625 0.6057309171874999 0.700452428125 0.5831986765625 0.6975761781250001 0.582720903125 0.6928203703125 0.5879006125 0.6660848453125 0.6383994375 0.6578244234375 0.6572682999999999 0.65809315625 0.6618834890625 0.7736750171875 0.7270681171875 0.7767808765625001 0.72599833125 0.8129568812500001 0.653935090625
0 0.6348766953125 0.70093428125 0.615762559375 0.7450504203125 0.7325493765625 0.811461246875 0.739241653125 0.8095880515625 0.7706903046875 0.7471865203125 0.77821921875 0.7262373390625 0.6576057015625 0.6604967312500001 0.656171134375 0.66081809375 0.6348766953125 0.70093428125
0 0.727617234375 0.8265922218749999 0.7332665875 0.811300525 0.6705428 0.7748573265625 0.6119286734375 0.7446000984375 0.569368246875 0.8293144703124999 0.656360328125 0.8792098015625 0.693589521875 0.8976131687500001 0.727617234375 0.8265922218749999
0 0.516780075 0.91851938125 0.642460815625 0.9904184656250001 0.646054346875 0.9907355578124999 0.6680411734375 0.9465369406249999 0.690243384375 0.8985497656250001 0.690695490625 0.8943341453125001 0.5643188078125 0.825957240625 0.5373430046875 0.8763228765625 0.516780075 0.91851938125
0 0.430037703125 0.75710679375 0.38270012656249996 0.8436393734375001 0.382954634375 0.8460135624999999 0.5163101125 0.9199337109375 0.5591321578125 0.838714028125 0.563368284375 0.8271051921874999 0.5395663234375 0.8116784359375 0.4391327828125 0.7565654937499999 0.43433429375 0.7550222046874999 0.430037703125 0.75710679375
0 0.6647589734375 0.3540590890625 0.624046096875 0.4280737296875 0.7355574218750001 0.49323513593749996 0.7384372265625 0.49427315937499994 0.7422532546875 0.4919221921875 0.7581066125 0.4621886453125 0.7786730984375 0.420552390625 0.7796057671875001 0.41660315 0.6676281078125 0.3534163640625 0.6647589734375 0.3540590890625
0 0.5128786640625 0.5679911 0.393696159375 0.50136888125 0.390350021875 0.502305478125 0.385601325 0.5086056875 0.3687761765625 0.5361257265625 0.3484037328125 0.570611921875 0.342733040625 0.5825421203125 0.466251259375 0.6532425 0.47006373124999995 0.6503312828125 0.504409971875 0.5917690234374999 0.5133841218749999 0.5721792296875 0.5128786640625 0.5679911
0 0.34562336875 0.5852608125 0.340856890625 0.5887597718750001 0.31691936875 0.6274108734375 0.2939358546875 0.665474234375 0.2951657078125 0.6706221796875 0.4203481046875 0.7394536375 0.42225611875 0.738278153125 0.4407418890625 0.708328940625 0.46394434218749997 0.6670372718750001 0.4674525140625 0.6539083671875 0.34562336875 0.5852608125
0 0.4206026109375 0.7418278265625 0.420107825 0.739320446875 0.29445909531250003 0.6724636109375 0.2899151125 0.6732945109374999 0.27260940312500004 0.7005481703124999 0.2425384125 0.7536643421875 0.2427964765625 0.75659878125 0.3639296765625 0.828768515625 0.368735278125 0.8314323046875 0.37160085781249996 0.8302293296875 0.4175358765625 0.7490603609375001 0.4206026109375 0.7418278265625
0 0.382919265625 0.5009779359375 0.3190047484375 0.4655495390625 0.26351782031250004 0.43758402500000004 0.2585110609375 0.4409497953125 0.22342975312500002 0.49687148593749997 0.21537404375000002 0.510271040625 0.2163600609375 0.514725546875 0.33745413750000003 0.5807325328124999 0.341517559375 0.5796352546875 0.346025975 0.5732018562500001 0.3862974140625 0.5050835874999999 0.382919265625 0.5009779359375
0 0.3896630359375 0.20547887031249998 0.3965564703125 0.19757611875 0.429256315625 0.14368403125 0.4301818703125 0.138614290625 0.4277683984375 0.135601646875 0.3205999 0.0756388984375 0.31700636718749997 0.07532180625 0.313434175 0.0783662140625 0.2927894421875 0.10767697031250001 0.27312005625 0.13976148593749999 0.27434279687499996 0.14378893125 0.319540359375 0.1727502984375 0.385362890625 0.207003209375 0.3896630359375 0.20547887031249998
0 0.2485521140625 0.22998302656249997 0.33554419375 0.279878359375 0.3441622671875 0.27963092968750003 0.35462789375 0.2686837703125 0.383751990625 0.217275840625 0.3853948296875 0.21204541875 0.38295290312499997 0.20455077500000002 0.3091940140625 0.1647821109375 0.2724524921875 0.1477656234375 0.26718411249999996 0.1476367046875 0.2581566125 0.1588227515625 0.2316151328125 0.20217151875 0.2283294578125 0.2126323625 0.2302730390625 0.217059378125 0.2485521140625 0.22998302656249997
0 0.33433560625 0.2780918703125 0.2261988734375 0.216475865625 0.22332973906250003 0.2171185921875 0.21833720625000003 0.2227253609375 0.19153410625 0.2625794390625 0.1766027453125 0.28668299531249997 0.1773449265625 0.2904440625 0.2912590515625 0.3569373640625 0.3001209640625 0.357383375 0.3377813328125 0.2928422703125 0.3401201125 0.2840896671875 0.33433560625 0.2780918703125
0 0.145786090625 0.335477890625 0.12706359843749998 0.36585416249999997 0.12827566875000002 0.368200859375 0.24869514218750002 0.44109152500000004 0.251080159375 0.43962217031249995 0.295372340625 0.3636836234375 0.29558772499999997 0.3598950640625 0.1749777640625 0.29471470625 0.16974139531250002 0.2996280375 0.145786090625 0.335477890625
0 0.19099684687500001 0.5174148390625 0.19769979531249998 0.5172223953125 0.20864597968749998 0.5065416140625 0.22240795000000002 0.486814359375 0.239925484375 0.4552118890625 0.24487889375 0.44344237187499996 0.244850440625 0.4389603734375 0.1242333671875 0.372659515625 0.120887228125 0.3735961125 0.11565797343749999 0.3796299421875 0.0886110359375 0.41879058125 0.0751071296875 0.44145227499999995 0.0736939015625 0.4451351359375 0.0746656921875 0.44734864375 0.19099684687500001 0.5174148390625
0 0.19342113593750002 0.5221083140625 0.19195455781249998 0.5173874281249999 0.0696235140625 0.44511199687499997 0.06508664374999999 0.44706339531249994 0.029973326562500003 0.4979428375 0.0150526359375 0.52372714375 0.015324925 0.52890258125 0.1417229484375 0.6006409859375 0.14459208437499999 0.5999982593750001 0.148630609375 0.59497923125 0.16831066562500002 0.5645754671875001 0.19342113593750002 0.5221083140625
0 0 0.6374570234375 0.08767879687499999 0.6868057203125 0.09030765156250001 0.6860298046875 0.0957700734375 0.6790086640624999 0.14081155 0.6079516859375 0.13982553281250001 0.603497178125 0.12853236562499998 0.5972372734375 0.0084385328125 0.53792579375 0.0003401421875 0.54460235 0 0.545111284375 0 0.6374570234375
0 0.5362249875 0.5865149625 0.659721865625 0.6538538421875 0.6970992734375 0.5824565500000001 0.7003849484375 0.57199570625 0.5869727234375001 0.5091302828125001 0.5800117124999999 0.5063882875 0.577153246875 0.5087117640625001 0.5645926765625 0.529104965625 0.5362249875 0.5865149625
0 0.6209577546875 0.43138633750000005 0.600592425 0.4669930328125 0.5804922718750001 0.5066546671875 0.700628784375 0.5726891453125 0.740829090625 0.493365878125 0.6238197750000001 0.4296231125 0.6209577546875 0.43138633750000005
0 0.8157815062499999 0.34398148281249996 0.7242312156249999 0.29267604999999997 0.7064540421875 0.28338028125000003 0.701906503125 0.28365093125 0.665486659375 0.35502073125 0.7791320515625 0.41689884375 0.807517525 0.36229009687499997 0.8157815062499999 0.34398148281249996
0 0.2077845453125 0.521137628125 0.170336003125 0.5813299234375 0.161813959375 0.5967040984375 0.1615950203125 0.5999324078125 0.28510612343749997 0.6695122875 0.2901306671875 0.6689477671875 0.33892415 0.5854553234375001 0.21542371562499998 0.5175561921875 0.21159345937500001 0.5176661609375001 0.2077845453125 0.521137628125
0 0.490092065625 0.070774671875 0.485795478125 0.0728592609375 0.47771487031250004 0.08233706562500001 0.44573942187500004 0.137188971875 0.4462342078125 0.13969635 0.54308133125 0.1956127 0.5601305515624999 0.2033884015625 0.5923533937500001 0.1497901859375 0.5977873640625 0.13828704687499999 0.5975221859375 0.1342321078125 0.490092065625 0.070774671875