0 0.5484375 0.3515625 0.109375 0.19453125
0 0.546875 0.5390625 0.12109375 0.17578125
0 0.68671875 0.81015625 0.1328125 0.17578125
0 0.678125 0.62421875 0.12109375 0.1828125
0 0.68203125 0.4328125 0.1234375 0.19921875
0 0.38359375 0.71796875 0.18046875 0.365625
0 0.2015625 0.52421875 0.1390625 0.08125
0 0.21015625 0.6125 0.13515625 0.0765625
0 0.21015625 0.696875 0.1328125 0.07890625
0 0.21171875 0.7859375 0.13359375 0.08125
0 0.21328125 0.865625 0.13671875 0.07890625
0 0.86328125 0.37421875 0.10390625 0.12265625
0 0.85703125 0.4921875 0.090625 0.12734375
0 0.85390625 0.61796875 0.096875 0.1109375
0 0.85234375 0.7359375 0.1 0.10625
0 0.8515625 0.8484375 0.1 0.12265625
0 0.953125 0.4921875 0.09296875 0.10859375
0 0.9484375 0.8484375 0.08828125 0.11328125
0 0.953125 0.7265625 0.09296875 0.10625
0 0.953125 0.621875 0.09296875 0.11796875
0 0.0890625 0.85625 0.08828125 0.153125
0 0.04375 0.85390625 0.00625 0.009375