0 0.584375 0.2609375 0.13671875 0.1859375
0 0.58671875 0.4484375 0.13828125 0.17578125
0 0.5890625 0.6390625 0.1328125 0.1734375
0 0.59140625 0.828125 0.13203125 0.16640625
0 0.43984375 0.25625 0.134375 0.18984375
0 0.446875 0.45234375 0.13203125 0.17421875
0 0.45078125 0.64453125 0.12890625 0.175
0 0.45078125 0.83515625 0.12890625 0.1671875
0 0.2984375 0.26484375 0.1421875 0.17890625
0 0.30078125 0.45859375 0.1375 0.1734375
0 0.30234375 0.64765625 0.1375 0.17578125
0 0.30390625 0.83984375 0.13515625 0.17109375
0 0.15078125 0.25703125 0.15 0.17265625
0 0.1546875 0.4546875 0.1359375 0.165625
0 0.15625 0.6515625 0.134375 0.17421875
0 0.15703125 0.846875 0.140625 0.17734375