0 0.43125 0.25 0.2375 0.2484375
0 0.525 0.43046875 0.246875 0.259375
0 0.628125 0.6 0.240625 0.2515625
0 0.728125 0.7703125 0.24375 0.2546875
0 0.28046875 0.34375 0.2578125 0.275
0 0.378125 0.52265625 0.2453125 0.253125
0 0.48203125 0.68984375 0.246875 0.2578125
0 0.5828125 0.8609375 0.2359375 0.2453125
0 0.43203125 0.91171875 0.2453125 0.1765625
0 0.3328125 0.78359375 0.253125 0.259375
0 0.12578125 0.4359375 0.2515625 0.26875
0 0.0421875 0.5 0.084375 0.23125
0 0.1953125 0.85625 0.203125 0.2359375
0 0.30390625 0.959375 0.2046875 0.08125
0 0.22109375 0.60859375 0.25625 0.2640625
0 0.09765625 0.678125 0.1953125 0.23125