0 0.62734375 0.7421875 0.1140625 0.2265625
0 0.61640625 0.51875 0.1125 0.19375
0 0.7203125 0.796875 0.0734375 0.1109375
0 0.72265625 0.6734375 0.0796875 0.121875
0 0.72109375 0.53125 0.08125 0.140625
0 0.71796875 0.390625 0.0765625 0.1359375
0 0.79296875 0.3875 0.075 0.134375
0 0.79453125 0.5265625 0.071875 0.121875
0 0.79453125 0.659375 0.0734375 0.115625
0 0.7953125 0.790625 0.078125 0.1125
0 0.8765625 0.7703125 0.065625 0.10625
0 0.94609375 0.77265625 0.0640625 0.1078125
0 0.946875 0.64140625 0.0703125 0.1109375
0 0.871875 0.6515625 0.06875 0.1234375
0 0.94296875 0.5125 0.075 0.128125
0 0.94140625 0.375 0.078125 0.1171875
0 0.87109375 0.52265625 0.075 0.128125
0 0.865625 0.38125 0.078125 0.1328125
0 0.8578125 0.240625 0.078125 0.1359375
0 0.93515625 0.23046875 0.0765625 0.14375
0 0.7515625 0.246875 0.06875 0.140625
0 0.4515625 0.80859375 0.075 0.11875
0 0.4390625 0.6734375 0.071875 0.1234375
0 0.42734375 0.54296875 0.0734375 0.1203125
0 0.3625 0.68359375 0.075 0.11875
0 0.38203125 0.809375 0.0765625 0.1171875
0 0.290625 0.690625 0.078125 0.1171875
0 0.30625 0.81640625 0.0703125 0.1140625
0 0.3546875 0.56015625 0.0796875 0.1265625
0 0.3390625 0.41328125 0.0703125 0.1296875
0 0.259375 0.41953125 0.08125 0.1265625
0 0.27890625 0.5609375 0.084375 0.1265625
0 0.25234375 0.2734375 0.090625 0.1421875
0 0.1948004640625 0.7714925671875 0.12227271875000001 0.780236740625 0.132262040625 0.9045273937499999 0.19842185625 0.8936456078124999 0.1948004640625 0.7714925671875
0 0.1096224875 0.6449634640624999 0.123206990625 0.7715373265625 0.19226873125 0.7629747984375 0.179506646875 0.638829459375 0.1096224875 0.6449634640624999
0 0.0964082890625 0.5121912734375 0.1086064125 0.6388377921874999 0.180811221875 0.623931625 0.1681719703125 0.49204699375 0.0964082890625 0.5121912734375
0 0.07479379375 0.365029953125 0.087814228125 0.49410490781250005 0.167467746875 0.488694678125 0.15429122343749999 0.35987627031249997 0.07479379375 0.365029953125
0 0.0887012359375 0.49776581093749994 0.015221896874999998 0.5016167 0.0331120359375 0.6440300515625 0.10615648281250001 0.645145109375 0.0887012359375 0.49776581093749994
0 0.10312537031249999 0.640360809375 0.03425739375 0.65262056875 0.047824675 0.7656016375 0.1142865421875 0.7575767171875001 0.10312537031249999 0.640360809375
0 0.11206846875000001 0.7844789125 0.0404923109375 0.7981162765625001 0.056462053125 0.9171504484374999 0.12534594999999998 0.9022579203125 0.11206846875000001 0.7844789125