0 0.5875 0.578125 0.12578125 0.53125
0 0.57421875 0.25703125 0.13515625 0.0953125
0 0.684375 0.27109375 0.0375 0.1015625
0 0.72890625 0.271875 0.040625 0.09921875
0 0.715625 0.38671875 0.103125 0.10546875
0 0.7109375 0.5015625 0.09765625 0.1
0 0.70625 0.609375 0.0984375 0.09453125
0 0.709375 0.715625 0.09453125 0.103125
0 0.70859375 0.81953125 0.096875 0.09296875
0 0.8953125 0.70078125 0.08984375 0.3203125
0 0.7890625 0.3890625 0.0421875 0.05
0 0.7875 0.44609375 0.04296875 0.04375
0 0.784375 0.49765625 0.0359375 0.046875
0 0.78203125 0.54921875 0.0390625 0.03671875
0 0.78125 0.59609375 0.0375 0.040625
0 0.78203125 0.65 0.0390625 0.04609375
0 0.7828125 0.69921875 0.03671875 0.03828125
0 0.78046875 0.74453125 0.03671875 0.03984375
0 0.77890625 0.79375 0.03984375 0.03984375
0 0.77734375 0.84375 0.0359375 0.03515625
0 0.8203125 0.8390625 0.0375 0.04375
0 0.82109375 0.79296875 0.03828125 0.03671875
0 0.82109375 0.74296875 0.0375 0.03671875
0 0.8234375 0.7 0.0390625 0.03515625
0 0.825 0.6515625 0.034375 0.046875
0 0.82578125 0.59609375 0.0421875 0.04296875
0 0.82421875 0.54453125 0.0390625 0.04375
0 0.8296875 0.49609375 0.0421875 0.040625
0 0.8328125 0.44296875 0.0375 0.0453125
0 0.83515625 0.38984375 0.04609375 0.04609375
0 0.3640625 0.46953125 0.15859375 0.5546875
0 0.16875 0.48359375 0.203125 0.42890625