0 0.8484375 0.56015625 0.184375 0.1796875
0 0.83671875 0.37421875 0.17890625 0.1734375
0 0.1953125 0.31328125 0.159375 0.04140625
0 0.35703125 0.6015625 0.45078125 0.4734375
0 0.34921875 0.31328125 0.16484375 0.03671875
0 0.97890625 0.6765625 0.04140625 0.1203125
0 0.86171875 0.765625 0.1921875 0.2
0 0.51640625 0.31796875 0.15859375 0.0375
0 0.9765625 0.55546875 0.046875 0.10859375
0 0.8234375 0.2296875 0.1203125 0.0953125
0 0.96953125 0.4390625 0.05625 0.10078125
0 0.9640625 0.3296875 0.0703125 0.09296875
0 0.98359375 0.8015625 0.0296875 0.1234375
0 0.953125 0.2234375 0.0859375 0.09296875