0 0.53984375 0.4609375 0.1359375 0.140625
0 0.51328125 0.5875 0.1359375 0.14375
0 0.48984375 0.70546875 0.128125 0.128125
0 0.46484375 0.821875 0.1140625 0.109375
0 0.6225375015625 0.33585512500000003 0.4926329703125 0.9756984640624999 0.599953771875 0.9965595140625 0.7444260640625 0.3533580390625 0.6225375015625 0.33585512500000003
0 0.47109375 0.18046875 0.1375 0.146875
0 0.44765625 0.31640625 0.1390625 0.14375
0 0.42109375 0.44453125 0.13125 0.1359375
0 0.396875 0.57109375 0.13125 0.1328125
0 0.378125 0.6890625 0.128125 0.13125
0 0.3546875 0.79375 0.125 0.115625
0 0.353125 0.16015625 0.1390625 0.146875
0 0.33203125 0.28828125 0.1375 0.1421875
0 0.3528688015625 0.49419594375000003 0.378129015625 0.37333858750000004 0.259302728125 0.34866895468750003 0.24043748437499998 0.4723415109375 0.3528688015625 0.49419594375000003
0 0.35025035 0.5031195312500001 0.24011142031250002 0.47856655156250005 0.23963396874999998 0.48397602500000003 0.22061389999999997 0.5879673624999999 0.331047284375 0.6110055078125 0.35025035 0.5031195312500001
0 0.333802128125 0.6241177671875 0.33609452812499996 0.6214191546875 0.21917563750000002 0.60969705625 0.20357684687500002 0.7119952828125 0.31345290625 0.733353025 0.333802128125 0.6241177671875
0 0.2917261921875 0.8360321000000001 0.31116044062500003 0.736051553125 0.2038080421875 0.7199006421874999 0.1855516078125 0.8138218531250001 0.2917261921875 0.8360321000000001
0 0.22969283749999997 0.336625025 0.2450580859375 0.20755585937499998 0.1297746046875 0.1961516515625 0.1164098203125 0.3146050375 0.22969283749999997 0.336625025
0 0.2063674421875 0.4657189640625 0.22307843125 0.34791608749999997 0.11349863906249999 0.3344763546875 0.09930941875 0.4480532046875 0.2063674421875 0.4657189640625
0 0.18982435 0.600847603125 0.20738713125000002 0.4832102265625 0.0989894234375 0.4637119171875 0.0833553265625 0.580152121875 0.18982435 0.600847603125
0 0.17537415 0.720662075 0.1897927515625 0.6055577421875 0.08448020625 0.5929474781249999 0.06805334843750001 0.699801025 0.17537415 0.720662075
0 0.1555821625 0.8315777890625 0.17020036562500002 0.7290889546875 0.0687397328125 0.7148692859375 0.057073378125 0.8108574796875001 0.1555821625 0.8315777890625