0 0.43125 0.36015625 0.09375 0.15546875
0 0.4359375 0.52578125 0.09765625 0.15703125
0 0.4375 0.6875 0.08984375 0.153125
0 0.43828125 0.8390625 0.0859375 0.1640625
0 0.5234375 0.83203125 0.0765625 0.13671875
0 0.62109375 0.51875 0.1234375 0.08828125
0 0.62265625 0.6015625 0.1171875 0.07421875
0 0.625 0.6875 0.1171875 0.07421875
0 0.625 0.76875 0.1234375 0.06953125
0 0.625 0.846875 0.11328125 0.08828125
0 0.78515625 0.71640625 0.17265625 0.35390625
0 0.94765625 0.36015625 0.1046875 0.2015625
0 0.9375 0.75546875 0.12421875 0.24296875
0 0.93828125 0.53828125 0.10234375 0.1640625
0 0.2453125 0.4953125 0.109375 0.8609375
0 0.1296875 0.4875 0.11953125 0.840625