0 0.4734375 0.546875 0.1734375 0.1171875
0 0.4671875 0.65625 0.16875 0.103125
0 0.4609375 0.76015625 0.16875 0.10625
0 0.45625 0.85234375 0.165625 0.0890625
0 0.65390625 0.45078125 0.178125 0.109375
0 0.64765625 0.56328125 0.1703125 0.1015625
0 0.6375 0.66875 0.1671875 0.1046875
0 0.62734375 0.7734375 0.1671875 0.103125
0 0.621875 0.8640625 0.1609375 0.0953125
0 0.83984375 0.33125 0.175 0.1140625
0 0.9151047578125 0.3927198984375 0.745813175 0.3900289890625 0.7473694140625 0.3916558515625 0.7399980687500001 0.5009878265625 0.906146746875 0.49733266406250004 0.9151047578125 0.3927198984375
0 0.9005438874999999 0.5047656921875 0.738970084375 0.50402463125 0.7397694171875 0.5117931125 0.7323910984374999 0.5963995015625 0.8910423265625 0.603168684375 0.9005438874999999 0.5047656921875
0 0.8816504390625 0.6165844265625 0.7284993390625 0.6209207625000001 0.7287531140625 0.6224793671875 0.7205912765625 0.7054993171875 0.8760995921875001 0.7059225734375 0.8816504390625 0.6165844265625
0 0.8719873453125 0.7180696328125 0.7222216078125 0.7241286921875 0.7218800062499999 0.7287467734375 0.7163695109375 0.8026337109374999 0.8650264999999999 0.8011525265625 0.8719873453125 0.7180696328125
0 0.8512732812499999 0.8977873953125 0.8602902468750001 0.8086310421875 0.71101718125 0.811625171875 0.7027778234375 0.8961864374999999 0.8512732812499999 0.8977873953125