0 0.6390625 0.34921875 0.271875 0.2875
0 0.5390625 0.58984375 0.278125 0.2953125
0 0.44453125 0.8359375 0.271875 0.2875
0 0.8328125 0.425 0.2703125 0.3046875
0 0.734375 0.6625 0.2703125 0.2984375
0 0.63671875 0.88515625 0.2640625 0.2296875
0 0.31953125 0.17109375 0.184375 0.1359375
0 0.2859375 0.25078125 0.1875 0.1421875
0 0.2515625 0.33125 0.1765625 0.125
0 0.2296875 0.4109375 0.184375 0.1328125
0 0.20078125 0.4875 0.184375 0.134375
0 0.165625 0.56484375 0.18125 0.128125
0 0.13359375 0.64140625 0.18125 0.1296875
0 0.1 0.71796875 0.178125 0.11875
0 0.0765625 0.79296875 0.153125 0.1203125