0 0.45390625 0.17890625 0.12265625 0.14375
0 0.4546875 0.33046875 0.11953125 0.13828125
0 0.45859375 0.46796875 0.11640625 0.128125
0 0.46171875 0.59375 0.11328125 0.11796875
0 0.4609375 0.72421875 0.11015625 0.11328125
0 0.46015625 0.84375 0.10859375 0.11171875
0 0.5796875 0.32578125 0.1171875 0.14140625
0 0.57734375 0.4625 0.11328125 0.12890625
0 0.5796875 0.58984375 0.1125 0.11875
0 0.57421875 0.71015625 0.1046875 0.109375
0 0.57265625 0.83359375 0.10703125 0.11171875
0 0.303125 0.215625 0.16953125 0.10390625
0 0.31015625 0.3296875 0.16328125 0.10546875
0 0.31171875 0.440625 0.15859375 0.096875
0 0.3171875 0.54921875 0.159375 0.0953125
0 0.31875 0.65 0.15703125 0.09296875
0 0.32421875 0.74921875 0.1546875 0.084375
0 0.325 0.8453125 0.15390625 0.08359375
0 0.16796875 0.8515625 0.15078125 0.0765625
0 0.1609375 0.75390625 0.15390625 0.09140625
0 0.1546875 0.65390625 0.15859375 0.08828125
0 0.15078125 0.55078125 0.159375 0.10390625
0 0.14453125 0.4453125 0.16484375 0.09453125
0 0.13671875 0.3296875 0.171875 0.10390625
0 0.6765625 0.62109375 0.0625 0.19453125
0 0.66015625 0.790625 0.05390625 0.146875
0 0.82109375 0.19140625 0.11328125 0.14140625
0 0.8125 0.33671875 0.115625 0.13125
0 0.8046875 0.4734375 0.11015625 0.128125
0 0.79296875 0.60078125 0.1125 0.11875
0 0.78984375 0.72421875 0.103125 0.115625
0 0.778125 0.846875 0.10625 0.1109375
0 0.9453125 0.19296875 0.109375 0.13125
0 0.94140625 0.33671875 0.1171875 0.1296875
0 0.92265625 0.471875 0.11328125 0.121875
0 0.91171875 0.6046875 0.10390625 0.11875
0 0.9015625 0.72734375 0.10234375 0.115625
0 0.8890625 0.8453125 0.096875 0.109375
0 0.98984375 0.603125 0.0203125 0.12421875
0 0.98203125 0.728125 0.03515625 0.10859375
0 0.9734375 0.8453125 0.053125 0.10546875
0 0.02265625 0.5640625 0.04296875 0.10625
0 0.01953125 0.4546875 0.03671875 0.10546875
0 0.02890625 0.67265625 0.05546875 0.09921875
0 0.034375 0.7734375 0.06796875 0.09140625
0 0.03671875 0.86953125 0.0734375 0.0859375