0 0.65078125 0.25625 0.1359375 0.1859375
0 0.65703125 0.446875 0.1390625 0.1734375
0 0.66328125 0.63359375 0.1328125 0.18125
0 0.66640625 0.82109375 0.1359375 0.1671875
0 0.5265625 0.828125 0.140625 0.178125
0 0.52109375 0.63828125 0.1328125 0.1828125
0 0.51953125 0.4484375 0.1390625 0.1765625
0 0.5109375 0.26171875 0.1296875 0.18125
0 0.37109375 0.2640625 0.1359375 0.1921875
0 0.3765625 0.45703125 0.1421875 0.171875
0 0.3796875 0.6453125 0.1359375 0.1859375
0 0.38671875 0.8390625 0.1421875 0.178125
0 0.23828125 0.8515625 0.146875 0.1765625
0 0.23515625 0.65546875 0.146875 0.1890625
0 0.2328125 0.46015625 0.15 0.1796875
0 0.22421875 0.2609375 0.140625 0.19375
0 0.071875 0.2609375 0.14375 0.196875
0 0.075 0.4625 0.15 0.2
0 0.08046875 0.66328125 0.15625 0.1859375
0 0.084375 0.86328125 0.15625 0.18125