0 0.6658215843749999 0.3954429328125 0.5294103609375 0.6668120656250001 0.6155959078125 0.6944249453125 0.752471209375 0.43873496718749994 0.6658215843749999 0.3954429328125
0 0.50234375 0.81796875 0.1921875 0.28125
0 0.7859375 0.5125 0.1515625 0.159375
0 0.721875 0.6296875 0.159375 0.1625
0 0.66171875 0.73984375 0.1390625 0.14375
0 0.60546875 0.84296875 0.14375 0.14375
0 0.54921875 0.93828125 0.1390625 0.1234375
0 0.65 0.9578125 0.128125 0.084375
0 0.7046875 0.88203125 0.140625 0.1453125
0 0.765625 0.77890625 0.140625 0.1484375
0 0.82578125 0.67109375 0.146875 0.1515625
0 0.89375 0.559375 0.153125 0.1578125
0 0.8375 0.8953125 0.0984375 0.1359375
0 0.77265625 0.971875 0.1078125 0.05625
0 0.4765625 0.50078125 0.159375 0.1609375
0 0.41953125 0.615625 0.1578125 0.1609375
0 0.3609375 0.728125 0.1484375 0.1515625
0 0.3078125 0.83046875 0.1421875 0.1421875
0 0.2390625 0.7640625 0.1421875 0.19375
0 0.321875 0.59375 0.146875 0.2015625