0 0.471875 0.42578125 0.1421875 0.0921875
0 0.45859375 0.703125 0.14375 0.1
0 0.60546875 0.80703125 0.1453125 0.1046875
0 0.60703125 0.61015625 0.1375 0.0984375
0 0.60703125 0.70703125 0.140625 0.1015625
0 0.31796875 0.51953125 0.1453125 0.096875
0 0.4671875 0.5171875 0.1484375 0.096875
0 0.4546875 0.80234375 0.146875 0.0984375
0 0.47734375 0.25859375 0.140625 0.0875
0 0.4625 0.609375 0.140625 0.0953125
0 0.47578125 0.3421875 0.140625 0.0875
0 0.47890625 0.1828125 0.1296875 0.0828125
0 0.7734375 0.353125 0.13125 0.0890625
0 0.77421875 0.440625 0.1328125 0.090625
0 0.7703125 0.2703125 0.128125 0.084375
0 0.3015625 0.70703125 0.1484375 0.1015625
0 0.32265625 0.4296875 0.1375 0.090625
0 0.296875 0.8078125 0.146875 0.0984375
0 0.146875 0.8015625 0.15 0.1
0 0.89609375 0.2890625 0.1203125 0.084375
0 0.31171875 0.61015625 0.1421875 0.0890625
0 0.3515625 0.03203125 0.121875 0.0640625
0 0.7734375 0.52890625 0.14375 0.0953125
0 0.3484375 0.10234375 0.1296875 0.078125
0 0.15859375 0.70234375 0.140625 0.0953125
0 0.33359375 0.25859375 0.134375 0.0828125
0 0.3390625 0.1796875 0.1328125 0.0828125
0 0.771875 0.71953125 0.1453125 0.096875
0 0.9 0.36640625 0.1203125 0.0875
0 0.18046875 0.509375 0.1375 0.09375
0 0.77109375 0.8171875 0.15 0.1046875
0 0.32890625 0.34140625 0.134375 0.084375
0 0.16953125 0.6046875 0.1359375 0.0921875
0 0.8859375 0.20859375 0.11875 0.08125
0 0.90390625 0.45234375 0.1234375 0.0875
0 0.77578125 0.62421875 0.1421875 0.0984375
0 0.91484375 0.82265625 0.1421875 0.103125
0 0.9171875 0.725 0.14375 0.09375
0 0.9078125 0.53828125 0.13125 0.090625
0 0.91640625 0.63359375 0.1421875 0.09375
0 0.97578125 0.3109375 0.0484375 0.071875
0 0.97734375 0.384375 0.0453125 0.078125
0 0.98515625 0.47265625 0.0296875 0.0796875
0 0.98828125 0.5515625 0.0234375 0.078125
0 0.9859375 0.63515625 0.0203125 0.084375