0 0.64453125 0.35390625 0.2765625 0.290625
0 0.5359375 0.59140625 0.2828125 0.2984375
0 0.4328125 0.83359375 0.2765625 0.2921875
0 0.83515625 0.43671875 0.275 0.30625
0 0.72890625 0.6703125 0.2765625 0.3
0 0.621875 0.88671875 0.26875 0.2265625
0 0.33125 0.16484375 0.1859375 0.1390625
0 0.29453125 0.24375 0.1890625 0.1453125
0 0.25703125 0.32265625 0.1765625 0.1296875
0 0.23359375 0.4015625 0.184375 0.1375
0 0.2015625 0.47734375 0.184375 0.1390625
0 0.16328125 0.553125 0.18125 0.13125
0 0.12890625 0.62890625 0.18125 0.134375
0 0.09296875 0.70390625 0.178125 0.1234375
0 0.071875 0.778125 0.14375 0.125