0 0.3875 0.23203125 0.1421875 0.153125
0 0.5 0.1953125 0.146875 0.159375
0 0.5375 0.32421875 0.140625 0.14375
0 0.42578125 0.35703125 0.140625 0.140625
0 0.46484375 0.478125 0.1421875 0.146875
0 0.49921875 0.59375 0.134375 0.1375
0 0.534375 0.7078125 0.1328125 0.1296875
0 0.5640625 0.81015625 0.128125 0.1265625
0 0.57109375 0.4453125 0.134375 0.146875
0 0.60625 0.56484375 0.134375 0.1359375
0 0.6375 0.675 0.128125 0.1296875
0 0.66640625 0.78046875 0.13125 0.1234375
0 0.67734375 0.4 0.1390625 0.1515625
0 0.71171875 0.52421875 0.140625 0.1421875
0 0.740625 0.6421875 0.13125 0.1359375
0 0.7671875 0.74921875 0.128125 0.125
0 0.28515625 0.39921875 0.1375 0.1546875
0 0.33046875 0.52578125 0.140625 0.140625
0 0.37109375 0.64140625 0.1375 0.140625
0 0.409375 0.75703125 0.1375 0.140625
0 0.44765625 0.865625 0.125 0.125
0 0.34296875 0.8953125 0.1328125 0.13125
0 0.303125 0.78671875 0.128125 0.1359375
0 0.26484375 0.67265625 0.128125 0.13125
0 0.22109375 0.55703125 0.13125 0.1453125
0 0.1703125 0.434375 0.140625 0.1453125
0 0.12890625 0.30859375 0.1421875 0.1390625
0 0.23515625 0.92421875 0.1265625 0.1296875
0 0.196875 0.8140625 0.1375 0.1359375
0 0.15625 0.7 0.1265625 0.1390625
0 0.1109375 0.5828125 0.128125 0.1421875
0 0 0.46797734999999996 0.0309919703125 0.543662134375 0.1334038890625 0.504605803125 0.0900259765625 0.3823151265625 0 0.4213241421875 0 0.46797734999999996
0 0 0.40757140625000005 0.0897218953125 0.36885283125 0.0450237796875 0.25471164687500003 0 0.2728733359375 0 0.40757140625000005
0 0.9321690390624999 0.7483882765625001 0.8105118046875001 0.22400742343750002 0.696521846875 0.25498471875 0.8335672687500001 0.7785338625 0.9321690390624999 0.7483882765625001
0 0.1769141859375 1 0.14000904218750002 0.9073078453125 0.10470303125 0.9171936828125 0.13001946250000002 1 0.1769141859375 1
0 0.09851006875 0.7912203515625 0.0689519515625 0.8002571734374999 0.1026116015625 0.9103529265624999 0.1396516203125 0.9025759546875 0.09851006875 0.7912203515625
0 0.045130859375 0.680701475 0.032179973437499995 0.679981453125 0.0687112015625 0.799469715625 0.091538225 0.7933518578125 0.045130859375 0.680701475