0 0.7109375 0.503125 0.165625 0.15
0 0.63828125 0.65625 0.1671875 0.15
0 0.76484375 0.58359375 0.1765625 0.159375
0 0.6890625 0.74140625 0.16875 0.1515625
0 0.50078125 0.41953125 0.159375 0.140625
0 0.54453125 0.496875 0.1609375 0.1421875
0 0.290625 0.35390625 0.1609375 0.140625
0 0.45859375 0.3453125 0.15625 0.1375
0 0.33359375 0.4265625 0.1609375 0.1421875
0 0.37421875 0.21171875 0.146875 0.128125
0 0.21953125 0.2140625 0.1453125 0.128125
0 0.253125 0.28515625 0.1484375 0.1296875
0 0.815625 0.66796875 0.1703125 0.1546875
0 0.421875 0.57734375 0.1609375 0.14375
0 0.3734375 0.5 0.165625 0.146875
0 0.59140625 0.57734375 0.1625 0.1453125
0 0.7140625 0.20078125 0.15 0.134375
0 0.55703125 0.83046875 0.171875 0.153125
0 0.41328125 0.278125 0.15 0.13125
0 0.29921875 0.6421875 0.165625 0.146875
0 0.509375 0.74375 0.1734375 0.1546875
0 0.76328125 0.2734375 0.153125 0.1375
0 0.18359375 0.14921875 0.1421875 0.1234375
0 0.665625 0.134375 0.1484375 0.1328125
0 0.465625 0.6578125 0.165625 0.146875
0 0.384375 0.81484375 0.165625 0.1484375
0 0.340625 0.72734375 0.1625 0.14375
0 0.43046875 0.90390625 0.1703125 0.153125
0 0.77265625 0.084375 0.134375 0.121875
0 0.81796875 0.15390625 0.128125 0.1203125
0 0.809375 0.34765625 0.1640625 0.146875
0 0.93828125 0.58671875 0.1234375 0.1578125
0 0.91171875 0.50703125 0.1640625 0.146875
0 0.72890625 0.0421875 0.1453125 0.084375
0 0.8640625 0.22421875 0.1203125 0.1140625
0 0.86328125 0.42578125 0.1625 0.146875
0 0.16171875 0.8203125 0.1078125 0.09375
0 0.1328125 0.77265625 0.109375 0.0984375
0 0.9078125 0.29375 0.115625 0.1140625
0 0.19140625 0.8640625 0.1109375 0.0953125
0 0.1109375 0.7171875 0.109375 0.09375
0 0.97578125 0.45 0.0484375 0.1125
0 0.95 0.36953125 0.1 0.1140625
0 0.03203125 0.6578125 0.046875 0.0515625
0 0.24765625 0.96015625 0.1078125 0.0796875
0 0.21953125 0.91171875 0.109375 0.096875
0 0.1 0.6640625 0.0984375 0.084375
0 0.05390625 0.69765625 0.0421875 0.0484375
0 0.01796875 0.621875 0.0359375 0.05
0 0.275 0.98984375 0.1 0.0203125
0 0.0875 0.62109375 0.0828125 0.0671875
0 0.0078125 0.57578125 0.015625 0.0609375