0 0.31328125 0.38515625 0.10390625 0.11484375
0 0.32109375 0.51171875 0.09921875 0.1140625
0 0.32578125 0.6265625 0.09921875 0.10703125
0 0.3296875 0.7453125 0.096875 0.10390625
0 0.33515625 0.86171875 0.10078125 0.10859375
0 0.4390625 0.86484375 0.09921875 0.1
0 0.43671875 0.75078125 0.10234375 0.1140625
0 0.43359375 0.63046875 0.1 0.11015625
0 0.42890625 0.51328125 0.1078125 0.11171875
0 0.4265625 0.38359375 0.10234375 0.12578125
0 0.53515625 0.39140625 0.09921875 0.10390625
0 0.53984375 0.51171875 0.10703125 0.121875
0 0.5421875 0.6390625 0.10703125 0.109375
0 0.5453125 0.75234375 0.10625 0.10625
0 0.54296875 0.865625 0.1 0.10390625
0 0.31640625 0.190625 0.09375 0.02890625
0 0.3171875 0.23125 0.09609375 0.0359375
0 0.3171875 0.26640625 0.0953125 0.03125
0 0.3171875 0.303125 0.09453125 0.0265625
0 0.41328125 0.2984375 0.09453125 0.02578125
0 0.41484375 0.2625 0.09296875 0.03203125
0 0.67421875 0.2484375 0.11015625 0.10546875
0 0.67265625 0.38046875 0.11015625 0.11953125
0 0.675 0.50625 0.10625 0.10078125
0 0.67421875 0.6265625 0.10703125 0.1234375
0 0.675 0.74921875 0.10234375 0.109375
0 0.67265625 0.8640625 0.10546875 0.103125
0 0.78671875 0.253125 0.10625 0.125
0 0.78671875 0.38359375 0.109375 0.1265625
0 0.7875 0.5140625 0.1046875 0.10625
0 0.78515625 0.63125 0.109375 0.11640625
0 0.784375 0.753125 0.1 0.11640625
0 0.78125 0.86796875 0.10703125 0.09609375
0 0.9046875 0.38125 0.1171875 0.125
0 0.9015625 0.51328125 0.103125 0.1109375
0 0.896875 0.63046875 0.109375 0.1109375
0 0.89140625 0.75546875 0.096875 0.11171875
0 0.88828125 0.865625 0.10234375 0.0984375
0 1 0.8024290859375001 0.9679036453125001 0.7981481484375 0.9604341562500001 0.8990740734375 1 0.9032616640625 1 0.8024290859375001
0 1 0.6905577859375 0.9809244796875 0.6898148140625 0.9739734656250001 0.7990740734374999 1 0.797450303125 1 0.6905577859375
0 1 0.5768518515625 0.9908203125 0.5768518515625 0.9823053500000001 0.6824074078125 1 0.6803554968750001 1 0.5768518515625
0 0 0.9583333328125001 0.0710055953125 0.9583333328125001 0.0663411453125 0.8435185187500001 0 0.8479852687499999 0 0.9583333328125001
0 0 0.83899295625 0.06215296875 0.8416666671874999 0.0538210859375 0.73148148125 0 0.727777778125 0 0.83899295625
0 0 0.725285896875 0.0538210859375 0.728703703125 0.0465306875 0.6074074078125 0.0007161453125 0.6129629624999999 0 0.6283387968749999 0 0.725285896875
0 0 0.6056345734375 0.0470514296875 0.6083333328125 0.0366365765625 0.4824074078125 0 0.4824074078125 0 0.6056345734375
0 0 0.4743822015625 0.0329913765625 0.47592592656250005 0.0220703125 0.3490740734375 0 0.3490740734375 0 0.4743822015625
0 0 0.3470375109375 0.0236180078125 0.3509259265625 0.0158068671875 0.2148148140625 0 0.21111665781250002 0 0.3470375109375