0 0.6859375 0.27734375 0.16875 0.196875
0 0.66171875 0.47421875 0.1796875 0.1921875
0 0.64296875 0.66640625 0.1765625 0.20625
0 0.61953125 0.8625 0.171875 0.184375
0 0.51640625 0.25859375 0.1859375 0.209375
0 0.49296875 0.4546875 0.1734375 0.1953125
0 0.475 0.653125 0.1765625 0.2046875
0 0.45390625 0.84765625 0.175 0.1953125
0 0.3359375 0.24140625 0.184375 0.209375
0 0.315625 0.44453125 0.1828125 0.2046875
0 0.30078125 0.64375 0.18125 0.1984375
0 0.2875 0.8359375 0.1796875 0.196875
0 0.1578125 0.2203125 0.1953125 0.2203125
0 0.1390625 0.42265625 0.1921875 0.2
0 0.1234375 0.62421875 0.1921875 0.215625
0 0.10703125 0.825 0.184375 0.2