0 0.04140625 0.384375 0.0828125 0.1125
0 0.06796875 0.46953125 0.121875 0.121875
0 0.1046875 0.5609375 0.125 0.1265625
0 0.1453125 0.6578125 0.1296875 0.13125
0 0.190625 0.75390625 0.1328125 0.1375
0 0.2421875 0.8546875 0.1453125 0.1453125
0 0.29140625 0.94609375 0.1359375 0.1078125
0 0.37890625 0.91640625 0.140625 0.1421875
0 0.3296875 0.80859375 0.134375 0.1375
0 0.278125 0.70859375 0.1359375 0.1375
0 0.2328125 0.6109375 0.1328125 0.1359375
0 0.1890625 0.5171875 0.125 0.125
0 0.146875 0.42421875 0.121875 0.1234375
0 0.10703125 0.3421875 0.11875 0.1203125
0 0.18671875 0.2984375 0.1171875 0.121875
0 0.23359375 0.38203125 0.11875 0.121875
0 0.27578125 0.47734375 0.121875 0.125
0 0.3203125 0.5671875 0.1265625 0.1328125
0 0.3703125 0.66640625 0.134375 0.1375
0 0.41796875 0.76015625 0.1390625 0.146875
0 0.471875 0.86640625 0.1421875 0.1484375