0 0.63046875 0.75546875 0.09375 0.0703125
0 0.621875 0.7 0.0921875 0.065625
0 0.4359375 0.63515625 0.0921875 0.065625
0 0.421875 0.53359375 0.0921875 0.0640625
0 0.44375 0.68828125 0.090625 0.0625
0 0.67109375 0.490625 0.0890625 0.0609375
0 0.53359375 0.71484375 0.0921875 0.065625
0 0.42890625 0.584375 0.0890625 0.059375
0 0.72421875 0.7546875 0.0953125 0.06875
0 0.5953125 0.5421875 0.09375 0.0640625
0 0.61171875 0.65078125 0.0875 0.0609375
0 0.7109375 0.69453125 0.09375 0.0671875
0 0.12265625 0.6671875 0.0921875 0.065625
0 0.12734375 0.78125 0.09375 0.0671875
0 0.28984375 0.49375 0.090625 0.065625
0 0.21796875 0.7140625 0.096875 0.0640625
0 0.54140625 0.77265625 0.0953125 0.0671875
0 0.21484375 0.659375 0.0984375 0.06875
0 0.2078125 0.6046875 0.096875 0.065625
0 0.68125 0.54296875 0.0921875 0.0625
0 0.50234375 0.51796875 0.0859375 0.059375
0 0.12421875 0.72421875 0.0921875 0.065625
0 0.20078125 0.4921875 0.0953125 0.0640625
0 0.640625 0.81796875 0.0921875 0.0671875
0 0.603125 0.59765625 0.090625 0.0640625
0 0.45078125 0.73984375 0.0921875 0.065625
0 0.69921875 0.64453125 0.0921875 0.0625
0 0.6890625 0.59375 0.0921875 0.0625
0 0.6234375 0.3015625 0.0796875 0.059375
0 0.11796875 0.55546875 0.0890625 0.0640625
0 0.73203125 0.81484375 0.0921875 0.0671875
0 0.45546875 0.79140625 0.0921875 0.065625
0 0.296875 0.54765625 0.0921875 0.0640625
0 0.63515625 0.3484375 0.084375 0.0546875
0 0.6609375 0.440625 0.0921875 0.0625
0 0.5265625 0.6625 0.0890625 0.059375
0 0.20390625 0.5453125 0.0921875 0.065625
0 0.5078125 0.56484375 0.084375 0.0546875
0 0.6484375 0.3921875 0.0890625 0.053125
0 0.484375 0.41875 0.084375 0.0609375
0 0.49375 0.46640625 0.084375 0.05625
0 0.584375 0.49375 0.084375 0.0546875
0 0.83203125 0.58984375 0.084375 0.059375
0 0.55546875 0.3625 0.0765625 0.05625
0 0.51640625 0.61171875 0.0875 0.0578125
0 0.22265625 0.76875 0.096875 0.065625
0 0.57265625 0.44765625 0.0875 0.0578125
0 0.8171875 0.5421875 0.0859375 0.059375
0 0.121875 0.6109375 0.0875 0.0578125
0 0.8859375 0.790625 0.084375 0.046875
0 0.9484375 0.65546875 0.0953125 0.06875
0 0.41171875 0.484375 0.0875 0.0609375
0 0.80859375 0.49375 0.0828125 0.059375
0 0.4609375 0.85390625 0.0890625 0.0671875
0 0.95625 0.7078125 0.0875 0.06875
0 0.1328125 0.8984375 0.096875 0.0671875
0 0.84453125 0.63828125 0.0953125 0.0640625
0 0.2265625 0.82578125 0.1 0.065625
0 0.475 0.371875 0.0859375 0.05625
0 0.96171875 0.7640625 0.0765625 0.065625
0 0.5640625 0.4046875 0.0828125 0.0515625
0 0.31484375 0.82109375 0.0921875 0.0671875
0 0.23046875 0.88828125 0.103125 0.071875
0 0.134375 0.8375 0.0859375 0.0625
0 0.4046875 0.440625 0.0828125 0.053125
0 0.465625 0.33125 0.0890625 0.05625
0 0.31796875 0.88203125 0.09375 0.0703125
0 0.303125 0.60234375 0.096875 0.0671875
0 0.8734375 0.7171875 0.0796875 0.046875
0 0.8359375 0.27421875 0.075 0.0609375
0 0.3109375 0.76484375 0.090625 0.0671875
0 0.3078125 0.7078125 0.09375 0.065625
0 0.8515625 0.3625 0.0734375 0.0546875
0 0.93046875 0.60234375 0.09375 0.0640625
0 0.30703125 0.65703125 0.096875 0.0625
0 0.8859375 0.4453125 0.0921875 0.0640625
0 0.9171875 0.55 0.0984375 0.06875
0 0.9 0.49765625 0.09375 0.065625
0 0.88125 0.7515625 0.078125 0.046875
0 0.55 0.8375 0.103125 0.0671875
0 0.86796875 0.67734375 0.078125 0.05
0 0.77578125 0.36796875 0.0828125 0.059375
0 0.96171875 0.4328125 0.0734375 0.059375
0 0.7859375 0.41171875 0.0734375 0.04375
0 0.99609375 0.64609375 0.0078125 0.0609375
0 0.840625 0.32109375 0.0765625 0.0515625
0 0.36015625 0.63984375 0.053125 0.159375
0 0.065625 0.821875 0.0546875 0.05625
0 0.96953125 0.48671875 0.0609375 0.0609375
0 0.7984375 0.45 0.078125 0.053125
0 0.378125 0.8 0.059375 0.159375
0 0.98828125 0.59140625 0.0234375 0.0453125
0 0.87265625 0.40234375 0.0859375 0.0546875
0 0.91953125 0.34921875 0.0703125 0.0453125
0 0.97890625 0.53984375 0.0421875 0.0578125