0 0.52109375 0.41640625 0.0828125 0.13125
0 0.51328125 0.5515625 0.0765625 0.1375
0 0.4375 0.55 0.0796875 0.128125
0 0.43203125 0.68515625 0.08125 0.125
0 0.42578125 0.81796875 0.0765625 0.13125
0 0.49609375 0.81953125 0.078125 0.121875
0 0.50546875 0.68203125 0.0765625 0.1328125
0 0.66015625 0.2890625 0.0796875 0.1296875
0 0.65 0.4265625 0.0796875 0.1390625
0 0.640625 0.56328125 0.0765625 0.128125
0 0.63125 0.69140625 0.0765625 0.121875
0 0.625 0.8171875 0.0703125 0.121875
0 0.696875 0.825 0.0765625 0.11875
0 0.70234375 0.69921875 0.0734375 0.125
0 0.71328125 0.565625 0.078125 0.1296875
0 0.72421875 0.43203125 0.075 0.134375
0 0.7859375 0.56796875 0.0734375 0.1328125
0 0.77578125 0.70078125 0.08125 0.1296875
0 0.76640625 0.83046875 0.0734375 0.125
0 0.315625 0.5328125 0.1140625 0.2453125
0 0.31171875 0.77578125 0.1140625 0.2390625
0 0.06640625 0.79140625 0.0953125 0.1734375
0 0.22109375 0.58125 0.0890625 0.1359375
0 0.21875 0.7203125 0.090625 0.1359375
0 0.42890625 0.27578125 0.0578125 0.1
0 0.37265625 0.275 0.05625 0.0921875