0 0.992712928125 0.7006331234375 0.9693364296875 0.5492335515625 0.89900380625 0.559135859375 0.9201549859375 0.7142168859375 0.992712928125 0.7006331234375
0 0.7850797671875 0.5854373234375 0.7741754296875001 0.5285621890625001 0.704676015625 0.5461911703125 0.7155032718750001 0.6022922484375 0.7850797671875 0.5854373234375
0 0.790813428125 0.641130496875 0.7796067109375 0.5906603593749999 0.70944739375 0.6044822109375 0.7198483359375001 0.651970746875 0.790813428125 0.641130496875
0 0.7860878390625 0.643805265625 0.7858386765625001 0.6446547140625001 0.719927971875 0.6614551765625001 0.729408946875 0.7107399562500001 0.7963959109375 0.7000262046875 0.7860878390625 0.643805265625
0 0.8552749984375 0.5731909578125001 0.8450649609375 0.5193231625 0.7787819734375 0.5314581656249999 0.7884616140625 0.5846565625 0.8552749984375 0.5731909578125001
0 0.8650091703125 0.6327119515625 0.8534329312500001 0.5767838625 0.7852291484375 0.5941137249999999 0.795832996875 0.6455149734375001 0.8650091703125 0.6327119515625
0 0.8680104312499999 0.68428454375 0.8617477375 0.6398001718749999 0.792130865625 0.6471615296875 0.7992569984375 0.696989965625 0.8680104312499999 0.68428454375
0 0.645206059375 0.29780156875 0.6288760984375 0.20971107187500002 0.5528691359375 0.22725866093749997 0.5684963703125 0.3107599875 0.645206059375 0.29780156875
0 0.6642152125 0.3955682296875 0.648481565625 0.3081319703125 0.570672884375 0.32174005625 0.587928225 0.40842905937499996 0.6642152125 0.3955682296875
0 0.6811414828125 0.484312946875 0.6652566515625 0.4000792015625 0.5893713468749999 0.4172027421875 0.6051792203125 0.4947231046875 0.6811414828125 0.484312946875
0 0.69214954375 0.5744239890625 0.6807635515625 0.4923192 0.609826153125 0.5086963875 0.6211088578124999 0.5868655046875 0.69214954375 0.5744239890625
0 0.71057075 0.6580722015625 0.693862853125 0.5779879593749999 0.621333803125 0.5903771296875 0.636842546875 0.674301771875 0.71057075 0.6580722015625
0 0.7250137796875 0.7418468859375 0.7095741078125 0.6614698515625 0.6369410375 0.6782385171875001 0.65339924375 0.757588478125 0.7250137796875 0.7418468859375
0 0.571832046875 0.3388942953125 0.5525961859375 0.2459313640625 0.4705021859375 0.26409235 0.48853227187500003 0.3541660453125 0.571832046875 0.3388942953125
0 0.4913971640625 0.36617504218749997 0.5079417390625001 0.4478807671875 0.590916790625 0.43505969218749996 0.5731226484375 0.34255581875 0.4879583796875 0.35746613125 0.48949815937499996 0.360278275 0.4913971640625 0.36617504218749997
0 0.37708472187500003 0.5906734921875 0.297681553125 0.282741815625 0.1442993171875 0.31234558749999997 0.229512609375 0.622631446875 0.37708472187500003 0.5906734921875
0 0.401232065625 0.7286967765625 0.3691527765625 0.6051751484375 0.238389425 0.631140740625 0.269311103125 0.7538737249999999 0.401232065625 0.7286967765625
0 0.4313180984375 0.8590137 0.40265054375 0.7399838171875001 0.2749031046875 0.7700045390625 0.3055263125 0.8901668234375 0.4313180984375 0.8590137
0 0.302883165625 0.892888746875 0.2688815375 0.768755071875 0.1382294609375 0.8031419375000001 0.1730451046875 0.92708773125 0.302883165625 0.892888746875