0 0.89375 0.26171875 0.11953125 0.16015625
0 0.8859375 0.4390625 0.1171875 0.1703125
0 0.8875 0.615625 0.1203125 0.159375
0 0.88828125 0.7875 0.115625 0.165625
0 0.72734375 0.8234375 0.08984375 0.11015625
0 0.6234375 0.83046875 0.08984375 0.10546875
0 0.6265625 0.71875 0.09375 0.10546875
0 0.6234375 0.60078125 0.08515625 0.10703125
0 0.625 0.4875 0.09140625 0.09921875
0 0.62890625 0.371875 0.09140625 0.10703125
0 0.63046875 0.253125 0.09609375 0.103125
0 0.52578125 0.13046875 0.0953125 0.10625
0 0.52890625 0.25390625 0.09375 0.11015625
0 0.5265625 0.37109375 0.09375 0.109375
0 0.52890625 0.48671875 0.09453125 0.10546875
0 0.5296875 0.603125 0.09453125 0.10625
0 0.528125 0.7203125 0.09453125 0.11328125
0 0.5296875 0.83671875 0.09140625 0.1046875
0 0.4296875 0.84375 0.09453125 0.10703125
0 0.43046875 0.72265625 0.09609375 0.11015625
0 0.428125 0.6046875 0.09453125 0.109375
0 0.428125 0.48671875 0.09765625 0.10703125
0 0.42421875 0.37265625 0.09609375 0.10859375
0 0.42421875 0.24765625 0.10078125 0.1046875
0 0.4234375 0.11796875 0.09609375 0.10546875
0 0.315625 0.11640625 0.10390625 0.1140625
0 0.3171875 0.24296875 0.10625 0.11796875
0 0.32109375 0.36953125 0.10078125 0.10703125
0 0.325 0.48671875 0.1 0.11328125
0 0.32734375 0.609375 0.09921875 0.11484375
0 0.32734375 0.72734375 0.09765625 0.103125
0 0.328125 0.84609375 0.0953125 0.11640625
0 0.225 0.85078125 0.1 0.10625
0 0.22578125 0.73046875 0.0984375 0.10625
0 0.22109375 0.6109375 0.10234375 0.1109375
0 0.21953125 0.49140625 0.103125 0.11328125
0 0.21484375 0.36796875 0.1046875 0.1203125
0 0.2125 0.24375 0.10234375 0.11328125
0 0.21015625 0.1140625 0.10546875 0.11328125