0 0.3953125 0.50625 0.190625 0.153125
0 0.35859375 0.6078125 0.190625 0.15
0 0.321875 0.70546875 0.1796875 0.1359375
0 0.28828125 0.79453125 0.1796875 0.140625
0 0.43984375 0.85703125 0.175 0.134375
0 0.475 0.76796875 0.1828125 0.14375
0 0.5140625 0.6734375 0.1875 0.1484375
0 0.55390625 0.575 0.19375 0.1578125
0 0.5953125 0.4703125 0.19375 0.1546875
0 0.46953125 0.36015625 0.14375 0.1109375
0 0.80859375 0.41484375 0.1859375 0.15
0 0.76171875 0.52109375 0.1921875 0.1578125
0 0.71796875 0.6203125 0.18125 0.1453125
0 0.67421875 0.7125 0.1796875 0.146875
0 0.634375 0.80703125 0.1703125 0.13125
0 0.596875 0.89453125 0.175 0.1359375
0 0.9578125 0.36484375 0.084375 0.1515625
0 0.93671875 0.4734375 0.1265625 0.146875
0 0.9140625 0.57734375 0.171875 0.1484375
0 0.871875 0.678125 0.175 0.14375
0 0.82578125 0.76796875 0.16875 0.1328125
0 0.7859375 0.85859375 0.1796875 0.140625
0 0.74296875 0.93984375 0.1671875 0.1203125