0 0.84296875 0.71328125 0.1765625 0.34296875
0 0.68046875 0.5171875 0.1203125 0.075
0 0.68359375 0.60078125 0.1171875 0.07578125
0 0.6859375 0.68203125 0.115625 0.07109375
0 0.68671875 0.76640625 0.1140625 0.07578125
0 0.6859375 0.85 0.1125 0.071875
0 0.58828125 0.82890625 0.0765625 0.13984375
0 0.50390625 0.84296875 0.08359375 0.15625
0 0.5046875 0.6859375 0.08203125 0.1453125
0 0.5521730125000001 0.5944444437499999 0.5449869796875 0.44351851875000003 0.45427124062499996 0.45555555625000005 0.46468632187500003 0.6101851859375 0.5521730125000001 0.5944444437499999
0 0.45436197968750003 0.29351851875 0.4584372734375 0.44907407343749994 0.5454032093750001 0.4388888890625 0.540716421875 0.28055555625 0.45436197968750003 0.29351851875
0 0.315625 0.4875 0.1140625 0.84921875
0 0.203125 0.4921875 0.10390625 0.834375