0 0.89921875 0.26953125 0.13984375 0.053125
0 0.89453125 0.3515625 0.14140625 0.05859375
0 0.88984375 0.42890625 0.13515625 0.05859375
0 0.89453125 0.50546875 0.14375 0.0640625
0 0.90078125 0.578125 0.13828125 0.07109375
0 0.90078125 0.65390625 0.14296875 0.06875
0 0.90234375 0.73125 0.14375 0.06484375
0 0.89921875 0.80703125 0.13984375 0.05625
0 0.89453125 0.88046875 0.13828125 0.059375
0 0.74765625 0.88125 0.14609375 0.06484375
0 0.75078125 0.81171875 0.153125 0.06484375
0 0.75 0.73515625 0.1515625 0.06640625
0 0.75546875 0.65625 0.14921875 0.0734375
0 0.75390625 0.578125 0.14765625 0.07109375
0 0.75 0.5015625 0.1453125 0.07421875
0 0.7484375 0.4265625 0.14296875 0.07109375
0 0.75 0.3484375 0.14609375 0.0703125
0 0.8276519375 0.2398148140625 0.6745725703125001 0.21739219375 0.6704065359375 0.2925925921875 0.8281726921875 0.3129629625 0.8276519375 0.2398148140625
0 0.6766553484375 0.1361111109375 0.667259671875 0.21203703749999997 0.8276519375 0.23240740781250002 0.8307764625 0.15555555625 0.6766553484375 0.1361111109375
0 0.680300628125 0.05 0.67457233125 0.125 0.8292142 0.15277777812499999 0.832338725 0.0759259265625 0.680300628125 0.05
0 0.5140625 0.63515625 0.14296875 0.18125
0 0.51796875 0.834375 0.14296875 0.1859375