0 0.66484375 0.29140625 0.1265625 0.14921875
0 0.79296875 0.459375 0.0421875 0.1765625
0 0.74921875 0.46328125 0.03984375 0.1796875
0 0.70390625 0.4640625 0.0421875 0.17578125
0 0.66015625 0.46171875 0.04375 0.17421875
0 0.72421875 0.659375 0.16875 0.196875
0 0.72421875 0.86015625 0.165625 0.19296875
0 0.5203125 0.78125 0.134375 0.15078125
0 0.52109375 0.61796875 0.13359375 0.16328125
0 0.5125 0.45390625 0.10625 0.115625
0 0.5046875 0.32578125 0.10546875 0.121875
0 0.41015625 0.903125 0.07421875 0.0609375
0 0.27421875 0.565625 0.19453125 0.23828125
0 0.275 0.81328125 0.19296875 0.23671875
0 0.2 0.35625 0.0484375 0.15859375