0 0.83046875 0.08046875 0.184375 0.1296875
0 0.846875 0.31640625 0.30625 0.39375
0 0.875 0.67890625 0.25 0.3921875
0 0.48984375 0.2875 0.15625 0.1765625
0 0.61171875 0.4390625 0.078125 0.18125
0 0.56640625 0.44765625 0.0734375 0.18125
0 0.5234375 0.45859375 0.0734375 0.1796875
0 0.47890625 0.46640625 0.075 0.1796875
0 0.58125 0.646875 0.203125 0.2234375
0 0.62109375 0.85078125 0.2 0.2265625
0 0.3625 0.34296875 0.128125 0.134375
0 0.39375 0.471875 0.1296875 0.1421875
0 0.40625 0.63984375 0.165625 0.1828125
0 0.43828125 0.803125 0.165625 0.1765625
0 0.32734375 0.9515625 0.0859375 0.0703125
0 0.025 0.44375 0.05 0.16875
0 0.12578125 0.63515625 0.234375 0.275
0 0.1734375 0.87265625 0.234375 0.2546875