0 0.434375 0.2828125 0.12890625 0.0875
0 0.43203125 0.80234375 0.13984375 0.1
0 0.575 0.803125 0.13828125 0.1125
0 0.4265625 0.71015625 0.134375 0.10234375
0 0.57109375 0.70078125 0.13046875 0.0828125
0 0.4234375 0.61875 0.13125 0.08515625
0 0.565625 0.6125 0.1328125 0.0875
0 0.4265625 0.53984375 0.13125 0.09765625
0 0.42890625 0.4515625 0.13125 0.0875
0 0.43046875 0.36015625 0.1234375 0.0953125
0 0.55703125 0.2828125 0.13046875 0.078125
0 0.55859375 0.525 0.125 0.078125
0 0.5578125 0.446875 0.12578125 0.09296875