0 0.68046875 0.759375 0.096875 0.08125
0 0.56640625 0.82421875 0.1 0.0828125
0 0.50390625 0.73828125 0.0984375 0.084375
0 0.54609375 0.88125 0.096875 0.08125
0 0.37578125 0.81875 0.0984375 0.084375
0 0.3984375 0.7625 0.096875 0.0796875
0 0.41953125 0.71328125 0.096875 0.08125
0 0.52421875 0.6921875 0.096875 0.0796875
0 0.60546875 0.7203125 0.0953125 0.0765625
0 0.58515625 0.77265625 0.096875 0.0796875
0 0.2390625 0.5765625 0.1046875 0.0859375
0 0.46328125 0.8484375 0.103125 0.0828125
0 0.6484375 0.871875 0.1015625 0.084375
0 0.1296875 0.58828125 0.1 0.084375
0 0.63984375 0.625 0.096875 0.0796875
0 0.6234375 0.675 0.0953125 0.0796875
0 0.459375 0.61796875 0.096875 0.08125
0 0.2625 0.528125 0.1046875 0.084375
0 0.6984375 0.71484375 0.0953125 0.0796875
0 0.4390625 0.66484375 0.09375 0.078125
0 0.6265625 0.9234375 0.1015625 0.0859375
0 0.15546875 0.53984375 0.0984375 0.0828125
0 0.2859375 0.478125 0.1046875 0.0875
0 0.665625 0.81328125 0.096875 0.0828125
0 0.4953125 0.52578125 0.1 0.0828125
0 0.54296875 0.64296875 0.096875 0.08125
0 0.715625 0.66875 0.0953125 0.0796875
0 0.73125 0.6171875 0.0953125 0.0796875
0 0.57734375 0.55 0.0921875 0.078125
0 0.215625 0.62734375 0.1078125 0.0859375
0 0.409375 0.425 0.1 0.084375
0 0.33359375 0.37734375 0.096875 0.08125
0 0.31015625 0.4234375 0.1 0.084375
0 0.56015625 0.59765625 0.090625 0.0734375
0 0.4796875 0.5734375 0.09375 0.0734375
0 0.48203125 0.7953125 0.103125 0.084375
0 0.17890625 0.48828125 0.1 0.084375
0 0.65546875 0.57265625 0.090625 0.0734375
0 0.26796875 0.71796875 0.096875 0.0828125
0 0.18984375 0.67734375 0.1078125 0.0859375
0 0.67109375 0.53046875 0.0875 0.071875
0 0.23125 0.39140625 0.0953125 0.078125
0 0.5125 0.478125 0.0953125 0.0796875
0 0.59375 0.5015625 0.0953125 0.0796875
0 0.74609375 0.56953125 0.103125 0.084375
0 0.2421875 0.77265625 0.1015625 0.0875
0 0.78515625 0.4296875 0.0921875 0.0765625
0 0.07734375 0.69140625 0.1 0.08125
0 0.76875 0.4765625 0.0921875 0.071875
0 0.7609375 0.521875 0.0953125 0.0734375
0 0.68203125 0.48828125 0.0828125 0.0671875
0 0.20859375 0.4390625 0.0953125 0.078125
0 0.69375 0.44765625 0.084375 0.0671875
0 0.83046875 0.73671875 0.090625 0.078125
0 0.3859375 0.47421875 0.1 0.0828125
0 0.29296875 0.66796875 0.0953125 0.08125
0 0.16171875 0.73125 0.1140625 0.090625
0 0.609375 0.4546875 0.0984375 0.0796875
0 0.76328125 0.97421875 0.0796875 0.0515625
0 0.328125 0.6234375 0.121875 0.0921875
0 0.790625 0.9125 0.0734375 0.05625
0 0.52890625 0.43515625 0.0859375 0.071875
0 0.82265625 0.78515625 0.0953125 0.0765625
0 0.80625 0.83359375 0.1015625 0.0828125
0 0.8453125 0.68984375 0.0890625 0.0734375
0 0.63203125 0.37109375 0.0890625 0.071875
0 0.1078125 0.63984375 0.0921875 0.078125
0 0.85859375 0.88984375 0.053125 0.0625
0 0.3671875 0.5265625 0.1125 0.090625
0 0.0421875 0.584375 0.084375 0.078125
0 0.8015625 0.878125 0.075 0.05625
0 0.7765625 0.94375 0.0703125 0.0546875
0 0.89296875 0.78828125 0.0640625 0.065625
0 0.8828125 0.56640625 0.090625 0.075
0 0.96796875 0.5171875 0.0640625 0.071875
0 0.6203125 0.41015625 0.0953125 0.0765625
0 0.878125 0.840625 0.0546875 0.0625
0 0.9265625 0.684375 0.0828125 0.071875
0 0.83828125 0.940625 0.0484375 0.05625
0 0.959375 0.55859375 0.0796875 0.0625
0 0.01640625 0.51171875 0.0328125 0.0734375
0 0.35 0.571875 0.1171875 0.0921875
0 0.94921875 0.59921875 0.084375 0.071875
0 0.815625 0.98125 0.05 0.0375
0 0.8609375 0.64375 0.0859375 0.071875
0 0.33046875 0.734375 0.103125 0.1765625
0 0.9078125 0.73046875 0.08125 0.06875
0 0.9421875 0.64296875 0.08125 0.0671875
0 0.86796875 0.61015625 0.078125 0.0625
0 0.884375 0.5453125 0.0796875 0.0609375