0 0.671066425 0.40426465624999997 0.5206397859375 0.668122675 0.605262071875 0.7002083156250001 0.7553315703125 0.45203224999999997 0.671066425 0.40426465624999997
0 0.48515625 0.81796875 0.203125 0.278125
0 0.78515625 0.52734375 0.1546875 0.1609375
0 0.71484375 0.64140625 0.1625 0.165625
0 0.64921875 0.74765625 0.140625 0.1453125
0 0.5875 0.84765625 0.1453125 0.1453125
0 0.525 0.9390625 0.140625 0.121875
0 0.625 0.9609375 0.13125 0.078125
0 0.684375 0.8921875 0.14375 0.1484375
0 0.75078125 0.7921875 0.14375 0.15
0 0.81640625 0.68828125 0.15 0.1546875
0 0.88984375 0.5796875 0.15625 0.159375
0 0.81640625 0.9125 0.103125 0.134375
0 0.7453125 0.978125 0.1125 0.04375
0 0.4765625 0.49921875 0.1609375 0.1640625
0 0.41328125 0.6109375 0.1609375 0.1640625
0 0.34921875 0.7203125 0.1515625 0.153125
0 0.290625 0.81953125 0.14375 0.1453125
0 0.22578125 0.75 0.1484375 0.1921875
0 0.3171875 0.584375 0.1546875 0.2