0 0.725 0.46328125 0.09296875 0.26328125
0 0.58515625 0.709375 0.1078125 0.12890625
0 0.59453125 0.57890625 0.121875 0.13828125
0 0.61875 0.2625 0.06875 0.159375
0 0.546875 0.2609375 0.0671875 0.17421875
0 0.475 0.26015625 0.065625 0.1765625
0 0.49765625 0.4109375 0.08515625 0.10859375
0 0.5984375 0.41328125 0.11015625 0.10859375
0 0.45859375 0.69453125 0.121875 0.109375
0 0.28125 0.76171875 0.11953125 0.14140625
0 0.2765625 0.6078125 0.12890625 0.13515625
0 0.16015625 0.7453125 0.11484375 0.13828125
0 0.15 0.59609375 0.1140625 0.1265625
0 0.32265625 0.4203125 0.10234375 0.12734375
0 0.321875 0.284375 0.103125 0.11484375
0 0.2171875 0.421875 0.1015625 0.1234375
0 0.215625 0.28046875 0.1046875 0.12265625