0 0.6140625 0.24765625 0.125 0.090625
0 0.61796875 0.33125 0.134375 0.078125
0 0.628125 0.4203125 0.1390625 0.0765625
0 0.63203125 0.5015625 0.140625 0.0875
0 0.63828125 0.60234375 0.14375 0.09375
0 0.6390625 0.70234375 0.1453125 0.0859375
0 0.6453125 0.8015625 0.1484375 0.0984375
0 0.7375 0.17421875 0.11875 0.078125
0 0.74609375 0.24765625 0.1234375 0.0765625
0 0.75625 0.33203125 0.1234375 0.0734375
0 0.76875 0.4125 0.128125 0.084375
0 0.7734375 0.5046875 0.1296875 0.0796875
0 0.784375 0.5953125 0.1375 0.08125
0 0.7890625 0.68984375 0.1375 0.0890625
0 0.79453125 0.7921875 0.14375 0.0859375
0 0.4703125 0.60234375 0.1390625 0.090625
0 0.4765625 0.703125 0.140625 0.0984375
0 0.4796875 0.796875 0.1453125 0.1
0 0.31953125 0.17890625 0.1296875 0.078125
0 0.32109375 0.26015625 0.13125 0.0703125
0 0.3265625 0.34453125 0.13125 0.084375
0 0.32265625 0.43203125 0.140625 0.0859375
0 0.3234375 0.5203125 0.1359375 0.0875
0 0.32578125 0.62109375 0.134375 0.084375
0 0.32890625 0.7109375 0.1390625 0.084375
0 0.33203125 0.81171875 0.140625 0.0890625