0 0.4859375 0.48203125 0.17578125 0.58125
0 0.73203125 0.24765625 0.14609375 0.09453125
0 0.871875 0.83515625 0.096875 0.10390625
0 0.87421875 0.73125 0.09609375 0.0984375
0 0.87265625 0.6234375 0.1 0.10859375
0 0.88046875 0.51015625 0.10234375 0.10859375
0 0.8875 0.390625 0.10234375 0.11796875
0 0.84453125 0.2734375 0.0453125 0.1078125
0 0.89921875 0.2734375 0.04140625 0.1046875
0 0.9640625 0.3953125 0.03984375 0.05
0 0.9609375 0.4515625 0.04140625 0.0390625
0 0.95390625 0.50390625 0.04140625 0.04765625
0 0.953125 0.55546875 0.040625 0.03828125
0 0.94921875 0.60859375 0.03828125 0.0484375
0 0.95078125 0.6640625 0.046875 0.04375
0 0.95 0.7140625 0.0375 0.04296875
0 0.9484375 0.76015625 0.040625 0.0515625
0 0.9421875 0.80546875 0.0390625 0.040625
0 0.94140625 0.85703125 0.03671875 0.03828125
0 0.682881984375 0.3158113984375 0.6752462687499999 0.8736202515624999 0.811300146875 0.8588113921874999 0.8349013859375001 0.3121091359375 0.682881984375 0.3158113984375