0 0.5453125 0.5796875 0.1609375 0.1984375
0 0.51640625 0.76328125 0.1703125 0.2
0 0.70625 0.428125 0.1484375 0.175
0 0.678125 0.60390625 0.15 0.18125
0 0.6546875 0.79375 0.15625 0.2
0 0.315625 0.16328125 0.1234375 0.11875
0 0.296875 0.27109375 0.125 0.121875
0 0.26953125 0.38046875 0.128125 0.1234375
0 0.24375 0.4953125 0.1359375 0.125
0 0.2171875 0.61875 0.1390625 0.125
0 0.18515625 0.74609375 0.1296875 0.1203125
0 0.859375 0.3 0.1234375 0.084375
0 0.846875 0.3828125 0.125 0.09375
0 0.84140625 0.46953125 0.1296875 0.0875
0 0.83828125 0.5546875 0.140625 0.0953125
0 0.8328125 0.6484375 0.14375 0.1015625
0 0.82578125 0.74921875 0.1515625 0.10625
0 0.81484375 0.85 0.1546875 0.1046875