0 0.58671875 0.7984375 0.1953125 0.2796875
0 0.490625 0.7109375 0.1515625 0.1609375
0 0.36875 0.64765625 0.1765625 0.1671875
0 0.53046875 0.3953125 0.1421875 0.1484375
0 0.57578125 0.240625 0.140625 0.1953125
0 0.64140625 0.265625 0.1421875 0.2015625
0 0.7046875 0.30859375 0.1421875 0.1890625
0 0.6234375 0.44453125 0.1484375 0.15625
0 0.35390625 0.33359375 0.1609375 0.178125
0 0.2171875 0.50234375 0.184375 0.196875
0 0.159375 0.63671875 0.178125 0.1890625
0 0.10078125 0.434375 0.1765625 0.1890625
0 0.0671875 0.578125 0.134375 0.190625
0 0.415625 0.2 0.165625 0.175
0 0.25625 0.2765625 0.1640625 0.171875
0 0.30859375 0.15234375 0.1609375 0.175
0 0.7098213390625 0.7077953406249999 0.847973203125 0.4345229171875 0.7463866828125 0.3962597015625 0.6160668671875 0.655906925 0.7098213390625 0.7077953406249999
0 0.5734760171875 0.6782581765625 0.6279322265625 0.5647614140624999 0.5186487046875 0.5001849890625001 0.4638860421875 0.617623896875 0.5734760171875 0.6782581765625