0 0.64921875 0.18359375 0.309375 0.3125
0 0.753125 0.3953125 0.3046875 0.3
0 0.85390625 0.5890625 0.2890625 0.2796875
0 0.6015625 0.73359375 0.3015625 0.2953125
0 0.38828125 0.3265625 0.18125 0.18125
0 0.459375 0.44765625 0.1765625 0.1765625
0 0.5171875 0.54140625 0.146875 0.125
0 0.41953125 0.57421875 0.09375 0.0984375
0 0.24453125 0.7546875 0.1703125 0.196875
0 0.34296875 0.8984375 0.159375 0.18125
0 0.2546875 0.92734375 0.15625 0.1453125
0 0.1546875 0.80546875 0.1625 0.196875
0 1 0.366025403125 0.9028763859375 0.1978023703125 0.8381135343749999 0.233155859375 0.9329006046874999 0.44037647343749997 1 0.40875105312500004 1 0.366025403125
0 1 0.410967603125 0.9381030765625 0.4459261625 1 0.5746748046875 1 0.410967603125
0 0.052784728125 0.52298308125 0.1281158390625 0.642004053125 0.1921425046875 0.6039690734375001 0.11774923906250001 0.4844066359375 0.052784728125 0.52298308125
0 0.1953113265625 0.6032087203125001 0.23463018125000001 0.587992140625 0.156533278125 0.46522216250000004 0.1236486765625 0.48420809531250003 0.1953113265625 0.6032087203125001