0 0.375 0.54140625 0.08203125 0.15078125
0 0.37890625 0.68515625 0.096875 0.14765625
0 0.37890625 0.8390625 0.0828125 0.12265625
0 0.29140625 0.6875 0.08203125 0.140625
0 0.3015625 0.83125 0.08046875 0.11953125
0 0.7818901796875 0.6450617171874999 0.780757490625 0.7403385375 0.9300001124999999 0.7354021578125 0.940412396875 0.629270396875 0.7818901796875 0.6450617171874999
0 0.7904755796875 0.62309994375 0.9418007859375 0.6379089921875 0.9501306968750001 0.5293090874999999 0.789781384375 0.5379476828125 0.7904755796875 0.62309994375
0 0.776592534375 0.826724871875 0.9230585906250001 0.8353634671875 0.9300001124999999 0.7378703015625 0.7779808187499999 0.7391044671875 0.776592534375 0.826724871875
0 0.76479196875 0.9291543234375 0.9105639359375 0.915579346875 0.9202820234375 0.8353634671875 0.76895681875 0.847704371875 0.76479196875 0.9291543234375
0 0.070084625 0.5524691234375 0.0768870734375 0.676165778125 0.20322275625000003 0.669995325 0.19558714531250002 0.5478204437499999 0.070084625 0.5524691234375
0 0.059667957812500005 0.4074073953125 0.07411050625 0.546586278125 0.1914221890625 0.5391817546875 0.1886456234375 0.40960225625 0.059667957812500005 0.4074073953125
0 0.049251292187500004 0.2716049265625 0.058144984375 0.4083681828125 0.17962162343750002 0.4083681828125 0.17337429531249998 0.275086421875 0.049251292187500004 0.2716049265625
0 0.07876517968749999 0.6851851734375 0.08244031093750001 0.7921703 0.20808190624999998 0.7946385375 0.201140384375 0.6909749187500001 0.07876517968749999 0.6851851734375
0 0.085709625 0.8086419640625 0.0886876390625 0.9242180375 0.2094701890625 0.915579346875 0.21155266718750002 0.793404465625 0.085709625 0.8086419640625