0 0.45078125 0.29765625 0.1015625 0.1203125
0 0.55625 0.2765625 0.0984375 0.1078125
0 0.46875 0.415625 0.1109375 0.11875
0 0.5765625 0.3984375 0.10625 0.125
0 0.6640625 0.25703125 0.109375 0.1296875
0 0.68125 0.384375 0.115625 0.1046875
0 0.6921875 0.49140625 0.109375 0.109375
0 0.58828125 0.51171875 0.1109375 0.1140625
0 0.48671875 0.53515625 0.121875 0.115625
0 0.60703125 0.6265625 0.1140625 0.1140625
0 0.70625 0.61484375 0.1015625 0.1140625
0 0.50859375 0.6421875 0.1140625 0.1078125
0 0.6171875 0.73671875 0.1 0.13125
0 0.71640625 0.7234375 0.1046875 0.1015625
0 0.72578125 0.82578125 0.1046875 0.0921875
0 0.63125 0.8421875 0.1078125 0.115625
0 0.5328125 0.8625 0.10625 0.1140625
0 0.51796875 0.74921875 0.1046875 0.109375
0 0.81796875 0.77734375 0.0734375 0.1515625
0 0.80390625 0.6078125 0.0765625 0.178125
0 0.78046875 0.4359375 0.084375 0.184375
0 0.88046875 0.4890625 0.096875 0.1109375
0 0.87265625 0.36796875 0.1203125 0.134375
0 0.86484375 0.259375 0.1171875 0.115625
0 0.9078125 0.796875 0.103125 0.103125
0 0.896875 0.696875 0.10625 0.1015625
0 0.8921875 0.59140625 0.1078125 0.1125
0 0.43170027031249997 0.5775983734375 0.3396257625 0.58479405625 0.3876625171875 0.9023761171875 0.48269572031249997 0.8773326359375 0.43170027031249997 0.5775983734375
0 0.3360327515625 0.9231931515625 0.3291149515625 0.8695910843749999 0.28601171875000003 0.884622021875 0.29326436093749997 0.9340799625 0.3360327515625 0.9231931515625
0 0.331939646875 0.8720334734374999 0.3374618015625 0.9221298359375 0.38104455625 0.9106368843749999 0.375277609375 0.866565390625 0.331939646875 0.8720334734374999
0 0.325560625 0.8211140921875 0.33090960156250004 0.8671197218750001 0.3751826859375 0.8656622515624999 0.369135846875 0.8179037734374999 0.325560625 0.8211140921875
0 0.3197510859375 0.775613375 0.3234979109375 0.8185915796875 0.3661046390625 0.815939628125 0.360650528125 0.7654868578125 0.3197510859375 0.775613375
0 0.3122585671875 0.7312026984375 0.3168789296875 0.7727194328125 0.35875707968750004 0.765578584375 0.3543573125 0.728604103125 0.3122585671875 0.7312026984375
0 0.30311896875 0.676007953125 0.3094672375 0.724191290625 0.353503021875 0.7204760593749999 0.3483763 0.6731484859375 0.30311896875 0.676007953125
0 0.2936445296875 0.6249573374999999 0.2990075984375 0.6759835187500001 0.34515616875 0.6679372890625 0.34031516875 0.621878253125 0.2936445296875 0.6249573374999999
0 0.28478973750000003 0.5724719640625 0.2879310109375 0.621905509375 0.33609482343749997 0.6159301562499999 0.3312371203125 0.5721556203125 0.28478973750000003 0.5724719640625
0 0.28050679375 0.5195060765624999 0.2848705671875 0.5683545328124999 0.3305392984375 0.57040276875 0.3262229828125 0.5220058562500001 0.28050679375 0.5195060765624999
0 0.28158639218750003 0.8303014453124999 0.28637993125 0.8759089124999999 0.32619532812499996 0.8662455546875 0.320609971875 0.82450218125 0.28158639218750003 0.8303014453124999
0 0.27454029687500003 0.7803652203125 0.279428759375 0.8268758265624999 0.3212427453125 0.8215679187499999 0.3143541609375 0.7772036625000001 0.27454029687500003 0.7803652203125
0 0.26739667031250003 0.7368309546875 0.273381921875 0.77911735 0.3154358234375 0.768762175 0.30913145468750003 0.7275129390624999 0.26739667031250003 0.7368309546875
0 0.259970853125 0.68328228125 0.2652389984375 0.7334053390624999 0.3056265828125 0.72185568125 0.3007521734375 0.68036563125 0.259970853125 0.68328228125
0 0.24684560156250002 0.6317022999999999 0.2542406265625 0.6825149484375 0.296579290625 0.674869103125 0.291023765625 0.629341725 0.24684560156250002 0.6317022999999999
0 0.23861037187499998 0.57778215 0.24262525781250002 0.625754203125 0.28864553437499996 0.6213738359375001 0.28369718125 0.5771836125 0.23861037187499998 0.57778215
0 0.233755325 0.526702590625 0.23789846093749997 0.5710087625 0.282313928125 0.5709059828124999 0.275737840625 0.519787846875 0.233755325 0.526702590625
0 0.2747441203125 0.4695647703125 0.2789989265625 0.5124896 0.326255759375 0.5125447234375 0.3213351921875 0.464755721875 0.2747441203125 0.4695647703125
0 0.265398015625 0.41484830625 0.271081834375 0.456709825 0.319307203125 0.456206609375 0.31492410937500004 0.4169476921875 0.265398015625 0.41484830625
0 0.221582871875 0.4231058390625 0.22651879218749998 0.47006798125 0.2675707890625 0.4648401609375 0.261878778125 0.41848156875000003 0.26000001250000004 0.41724183750000005 0.221582871875 0.4231058390625
0 0.2274231234375 0.4713425875 0.23065935624999997 0.521679228125 0.276012525 0.5182820390625 0.2711074 0.47405595624999997 0.2274231234375 0.4713425875
0 0.10185341562500001 0.40053578749999996 0.11710136093750001 0.508961084375 0.221478540625 0.49296858437499996 0.20862552812500001 0.39022665 0.10185341562500001 0.40053578749999996
0 0.1193512984375 0.5205948312500001 0.133616659375 0.6245579453125 0.2384209875 0.6126294859375 0.22389126093749998 0.5092518 0.1193512984375 0.5205948312500001
0 0.1395033625 0.63170055625 0.1528168984375 0.73393758125 0.25208083281250004 0.7230479109375 0.240193740625 0.6270526671875001 0.1395033625 0.63170055625
0 0.21737543593750003 0.3659718609375 0.2032498390625 0.27066845 0.15032171249999998 0.2826230765625 0.1634787734375 0.378484840625 0.21737543593750003 0.3659718609375
0 0.1617034046875 0.3713666875 0.1502768296875 0.2748664984375 0.1024066015625 0.28224019375 0.11447473125 0.3813526359375 0.1617034046875 0.3713666875
0 0.27855812343749997 0.8308086828125001 0.261674575 0.7239249359375 0.1608806390625 0.74081110625 0.17756365937500002 0.84233674375 0.27855812343749997 0.8308086828125001
0 0.2903424515625 0.9355995265624999 0.2801076265625 0.8357782468750001 0.1781115875 0.8497556562499999 0.1925717109375 0.9435929078124999 0.2903424515625 0.9355995265624999