0 0.3375 0.22109375 0.1046875 0.0984375
0 0.359375 0.30859375 0.1078125 0.1015625
0 0.384375 0.40390625 0.1046875 0.0984375
0 0.4078125 0.49921875 0.109375 0.1078125
0 0.43828125 0.60546875 0.1140625 0.115625
0 0.46796875 0.71484375 0.121875 0.125
0 0.49921875 0.82578125 0.11875 0.121875
0 0.421875 0.1953125 0.1015625 0.10625
0 0.4484375 0.2859375 0.1046875 0.10625
0 0.475 0.38046875 0.1109375 0.1125
0 0.5046875 0.48046875 0.1125 0.115625
0 0.53515625 0.584375 0.1140625 0.1140625
0 0.565625 0.69140625 0.1203125 0.128125
0 0.5953125 0.8015625 0.115625 0.11875
0 0.50703125 0.175 0.0984375 0.0953125
0 0.53359375 0.2640625 0.103125 0.103125
0 0.56328125 0.36015625 0.103125 0.103125
0 0.5953125 0.45625 0.1046875 0.109375
0 0.6265625 0.5578125 0.1125 0.1203125
0 0.65703125 0.66015625 0.1109375 0.115625
0 0.69296875 0.7703125 0.109375 0.10625