0 0.74296875 0.68671875 0.2203125 0.3796875
0 0.85 0.30703125 0.128125 0.190625
0 0.8734375 0.490625 0.1328125 0.1953125
0 0.89921875 0.70625 0.1625 0.271875
0 0.546875 0.5109375 0.134375 0.1015625
0 0.5625 0.5953125 0.128125 0.096875
0 0.57421875 0.67578125 0.1265625 0.096875
0 0.59140625 0.7609375 0.1296875 0.1
0 0.6015625 0.84453125 0.1234375 0.0921875
0 0.33203125 0.38828125 0.1140625 0.1640625
0 0.40625 0.8703125 0.109375 0.18125
0 0.36171875 0.553125 0.1171875 0.175
0 0.49296875 0.84140625 0.09375 0.140625
0 0.38515625 0.70546875 0.115625 0.16875
0 0.1640625 0.534375 0.246875 0.8859375
0 0.08203125 0.55859375 0.1640625 0.8734375