0 0.16171875 0.69375 0.15546875 0.09453125
0 0.32578125 0.5078125 0.1375 0.084375
0 0.3203125 0.7 0.15 0.09609375
0 0.16640625 0.5921875 0.1515625 0.0921875
0 0.334375 0.334375 0.1328125 0.08046875
0 0.32265625 0.6046875 0.1390625 0.0921875
0 0.31796875 0.8 0.15234375 0.09453125
0 0.33203125 0.41875 0.1390625 0.08359375
0 0.340625 0.24765625 0.13046875 0.0765625
0 0.18515625 0.40390625 0.13671875 0.0828125
0 0.175 0.49375 0.14375 0.0890625
0 0.19453125 0.31875 0.13515625 0.07890625
0 0.2046875 0.23515625 0.13125 0.078125
0 0.4921875 0.91875 0.0765625 0.05234375
0 0.66953125 0.72421875 0.08828125 0.0578125
0 0.49140625 0.8109375 0.08046875 0.05078125
0 0.4921875 0.865625 0.07890625 0.05078125
0 0.49140625 0.70625 0.07734375 0.05
0 0.7640625 0.840625 0.0859375 0.0546875
0 0.15390625 0.79921875 0.159375 0.0984375
0 0.6671875 0.6671875 0.0828125 0.05390625
0 0.76171875 0.77890625 0.0828125 0.05234375
0 0.490625 0.75859375 0.07734375 0.04765625
0 0.6703125 0.6125 0.084375 0.053125
0 0.57265625 0.753125 0.078125 0.053125
0 0.67421875 0.8390625 0.09609375 0.05546875
0 0.66796875 0.50546875 0.07890625 0.0484375
0 0.75703125 0.61640625 0.084375 0.0515625
0 0.7578125 0.725 0.08515625 0.0546875
0 0.67265625 0.77890625 0.090625 0.05
0 0.671875 0.55625 0.08359375 0.05390625
0 0.8515625 0.78671875 0.09296875 0.05546875
0 0.75546875 0.5609375 0.08359375 0.05703125
0 0.75546875 0.66875 0.0828125 0.053125
0 0.74609375 0.45 0.08046875 0.0515625
0 0.83515625 0.4640625 0.08359375 0.05234375
0 0.74765625 0.50234375 0.08125 0.05078125
0 0.85078125 0.84921875 0.0890625 0.05625
0 0.84609375 0.728125 0.09453125 0.05390625
0 0.83515625 0.51640625 0.0859375 0.05
0 0.840625 0.67421875 0.09375 0.05234375
0 0.8375 0.571875 0.0859375 0.0515625
0 0.840625 0.625 0.08671875 0.05078125
0 0.5484375 0.86875 0.02265625 0.1453125
0 0.91875 0.43046875 0.0828125 0.04609375
0 0.959375 0.675 0.07890625 0.04453125
0 0.9546875 0.61875 0.08203125 0.053125
0 0.96328125 0.72578125 0.0734375 0.05
0 0.5765625 0.86328125 0.03046875 0.1578125
0 0.98515625 0.4234375 0.0296875 0.04765625
0 0.94453125 0.57265625 0.0796875 0.04921875
0 0.93671875 0.51875 0.0796875 0.0515625
0 0.96484375 0.775 0.0703125 0.05
0 0.92890625 0.4734375 0.08046875 0.04609375
0 0.9875 0.46640625 0.025 0.0484375
0 0.90078125 0.62265625 0.034375 0.16484375
0 0.99296875 0.5234375 0.0140625 0.059375
0 0.9671875 0.33046875 0.06484375 0.04921875
0 0.9703125 0.8390625 0.05625 0.06328125
0 0.9921875 0.56875 0.0140625 0.0546875
0 0.9796875 0.37734375 0.040625 0.0453125
0 0.8984645828125 0.71044921875 0.9071085171875 0.87158203125 0.941031578125 0.8837890625 0.9273002890625 0.712890625 0.8984645828125 0.71044921875