0 0.6921875 0.2953125 0.1734375 0.2328125
0 0.77265625 0.4921875 0.1609375 0.2140625
0 0.846875 0.6734375 0.15625 0.20625
0 0.759375 0.721875 0.159375 0.1875
0 0.7203125 0.6140625 0.096875 0.0828125
0 0.78671875 0.25078125 0.165625 0.2234375
0 0.86484375 0.4515625 0.16875 0.2203125
0 1 0.6650706390625001 0.946725365625 0.5271271734375 0.86046730625 0.5655317359375001 0.9285539609375 0.7389415765625 1 0.7054206171875 1 0.6650706390625001
0 0.43046875 0.24765625 0.1765625 0.228125
0 0.51015625 0.4390625 0.1703125 0.209375
0 0.58203125 0.6125 0.1578125 0.1984375
0 0.65234375 0.775 0.15625 0.1875
0 0.53046875 0.66796875 0.084375 0.1453125
0 0.5859375 0.79921875 0.08125 0.134375
0 0.49609375 0.68125 0.0859375 0.14375
0 0.5578125 0.8109375 0.0828125 0.1375
0 0.471875 0.8453125 0.15625 0.190625
0 0.3984375 0.690625 0.159375 0.1921875
0 0.3234375 0.52734375 0.1734375 0.2109375
0 0.24453125 0.353125 0.175 0.2125
0 0.1953125 0.2328125 0.10625 0.090625
0 0.21689502656249998 0.7588217828125 0.260879540625 0.7321437484375 0.12345693124999998 0.4862219484375 0.080748965625 0.5092909671875 0.0792940359375 0.50993874375 0.21689502656249998 0.7588217828125
0 0.3477963375 0.9964979796875 0.3930296390625 0.9662232953125001 0.2647645828125 0.734468225 0.218412684375 0.7672680453125 0.3477963375 0.9964979796875
0 0.2344811875 1 0.3268590125 0.9673048968750001 0.24242510468749998 0.81232239375 0.11405569687499999 0.8624515703125001 0.175296203125 1 0.2344811875 1
0 0 0.60627828125 0.1121629640625 0.8582004218750001 0.239622109375 0.8085026078125 0.077014540625 0.5099400890625 0 0.544229171875 0 0.60627828125
0 0 0.4887596171875 0.026132376562499997 0.47887602500000004 0.013606739062500001 0.45708689218750004 0 0.4633392359375 0 0.4887596171875
0 0 0.5128090546874999 0.036818579687500005 0.49641636718750004 0.028788481249999998 0.47972055625000004 0 0.49134606875 0 0.5128090546874999
0 0 0.5405086156250001 0.050416828125 0.51671439375 0.0407805203125 0.49769305468749997 0 0.51696065625 0 0.5405086156250001