0 0.42109375 0.66328125 0.0703125 0.19375
0 0.41953125 0.8546875 0.06953125 0.178125
0 0.51953125 0.51015625 0.109375 0.13359375
0 0.5171875 0.63671875 0.1125 0.12734375
0 0.51328125 0.76484375 0.109375 0.11640625
0 0.51171875 0.884375 0.109375 0.1109375
0 0.645005940625 0.344135796875 0.638200615625 0.6442901640625001 0.7267054421875 0.6396605359375 0.737117775 0.3310185359375 0.645005940625 0.344135796875
0 0.64167141875 0.64891979375 0.641099690625 0.6520061671875 0.6338621703125 0.9189815687499999 0.71889619375 0.9189815687499999 0.7214992765625 0.6458333515625 0.64167141875 0.64891979375
0 0.746568440625 0.3233024625 0.7423239421875001 0.44521609062499995 0.8542565171875 0.4467592765625 0.8585950421874999 0.320216090625 0.746568440625 0.3233024625
0 0.740058025 0.4598765375 0.737985575 0.585648165625 0.8438441843750001 0.5841049796875 0.8464472687500001 0.45447534999999994 0.740058025 0.4598765375
0 0.738755940625 0.5941357968750001 0.7345146921875 0.7013889062499999 0.8360349359375 0.6983024624999999 0.83863801875 0.5902777953125 0.738755940625 0.5941357968750001
0 0.728440884375 0.7013889062499999 0.7296413578125 0.707561721875 0.7258378015625 0.8125000874999999 0.83082876875 0.8109568312500001 0.83516729375 0.7013889062499999 0.728440884375 0.7013889062499999
0 0.724433025 0.825617278125 0.72323471875 0.928240828125 0.825622603125 0.9251543140624999 0.825622603125 0.8155864609375 0.724433025 0.825617278125
0 0.9679245359375 0.4498457203125 0.9783368687499999 0.320216090625 0.8647567390625 0.32792612656250003 0.859462684375 0.4498457203125 0.9679245359375 0.4498457203125
0 0.8572455250000001 0.4552469078125 0.8499181515625001 0.564043203125 0.9523060359375 0.570216090625 0.9601152859375001 0.45447534999999994 0.8572455250000001 0.4552469078125
0 0.8490503515625001 0.570216090625 0.8494330250000001 0.5733024624999999 0.8421089015625001 0.692129646875 0.9427613453125 0.6936728328124999 0.9505705953125 0.5763889062499999 0.8490503515625001 0.570216090625
0 0.840318440625 0.7029320921875 0.8325642109375 0.8047839437500001 0.9358198968749999 0.8063272015624999 0.9427613453125 0.6936728328124999 0.840318440625 0.7029320921875
0 0.836412190625 0.8186728328124999 0.8290934859375 0.9205246859375 0.927142846875 0.9174383125000001 0.9332168125000001 0.8109568312500001 0.836412190625 0.8186728328124999