0 0.38203125 0.48828125 0.1875 0.234375
0 0.309375 0.69453125 0.178125 0.2421875
0 0.3703125 0.7828125 0.10625 0.1359375
0 0.43828125 0.809375 0.109375 0.1390625
0 0.48828125 0.690625 0.1046875 0.1328125
0 0.42109375 0.66640625 0.1109375 0.1421875
0 0.46640625 0.54453125 0.1125 0.14375
0 0.5390625 0.56953125 0.1140625 0.1453125
0 0.59140625 0.43984375 0.1171875 0.153125
0 0.51953125 0.41484375 0.1140625 0.15
0 0.61640625 0.296875 0.1171875 0.1515625
0 0.71015625 0.340625 0.1140625 0.146875
0 0.66328125 0.46953125 0.1140625 0.15
0 0.61328125 0.5953125 0.109375 0.1359375
0 0.565625 0.71640625 0.1078125 0.1390625
0 0.5171875 0.83203125 0.103125 0.128125
0 0.5828125 0.859375 0.1015625 0.1296875
0 0.63203125 0.74453125 0.1109375 0.1421875
0 0.684375 0.61953125 0.109375 0.1421875
0 0.73359375 0.49375 0.11875 0.153125
0 0.784375 0.36328125 0.1203125 0.15625
0 0.871875 0.4390625 0.190625 0.25
0 0.7796875 0.65 0.171875 0.24375
0 0.6890625 0.85390625 0.15625 0.221875
0 1 0.42665360156250004 0.9237919124999999 0.5833424390624999 0.994790509375 0.610084096875 1 0.5971901546875 1 0.42665360156250004
0 0.94307935625 0.7380736921875 0.9916874218749999 0.6177645078125 0.9149281968749999 0.5867517671875 0.8165038453125 0.788657421875 0.9056154375000001 0.8266581296875 0.94307935625 0.7380736921875
0 0.82494168125 1 0.897173315625 0.851695128125 0.9056724046875001 0.8306591453125 0.8195977984375 0.7949006765625 0.7286544687500001 0.9838505671875 0.766458096875 1 0.82494168125 1
0 0.15766803125 0.48152609999999996 0.2218226140625 0.5034516609375 0.2623717234375 0.385017721875 0.19943093125 0.361585278125 0.15766803125 0.48152609999999996
0 0.1817563296875 0.6220806750000001 0.220782040625 0.5060271734375 0.1552400265625 0.48753562500000003 0.11530970625 0.607218215625 0.1817563296875 0.6220806750000001
0 0.1430025515625 0.74024133125 0.18222526875 0.6292606421875 0.116214315625 0.6035891265625 0.0791199015625 0.720422925 0.1430025515625 0.74024133125
0 0.008763528125 0.6929957484375 0.0722854359375 0.7206575515625 0.0721893265625 0.719620078125 0.11212694375000001 0.6109255124999999 0.0486050359375 0.5832637093749999 0.008763528125 0.6929957484375
0 0.0876446328125 0.4602253140625 0.0466127 0.5784641796875001 0.11283454531249999 0.6022236109375 0.15299979375 0.48762915625 0.0876446328125 0.4602253140625
0 0.12786076875000002 0.3356649859375 0.087236734375 0.45706458124999993 0.15418988281249998 0.47912219531250005 0.19719045156249998 0.3586827796875 0.12786076875000002 0.3356649859375
0 0.167471996875 0.20287111093750002 0.12648722031249998 0.33211410625000004 0.19627484687500002 0.3513223484375 0.23714853749999998 0.22503040156249998 0.167471996875 0.20287111093750002
0 0.172253084375 0.1938177203125 0.2112528421875 0.06676865625 0.20881751718750002 0.0657847203125 0.145725625 0.0421262671875 0.12075902812499999 0.1039207625 0.1002983875 0.17173663749999998 0.172253084375 0.1938177203125
0 0.096088934375 0.171034553125 0.0573823125 0.3001993375 0.1265011046875 0.3251292125 0.16852645625 0.19331070625 0.096088934375 0.171034553125
0 0.0586809359375 0.30671587499999997 0.018403759375000002 0.42725696874999997 0.08717569375 0.45304534687500003 0.1271060109375 0.3333627578125 0.0586809359375 0.30671587499999997
0 0 0.555636853125 0.04800013125 0.575030165625 0.0875835921875 0.45620607812499997 0.021225779687499998 0.43139306875 0 0.4953093796875 0 0.555636853125
0 0 0.686005296875 0.008838453125 0.690030090625 0.045572125000000005 0.581039690625 0 0.561137846875 0 0.686005296875