0 0.53046875 0.81796875 0.1796875 0.1546875
0 0.4859375 0.72890625 0.1671875 0.1390625
0 0.66171875 0.75703125 0.1640625 0.1515625
0 0.6234375 0.66953125 0.159375 0.1328125
0 0.57421875 0.59453125 0.159375 0.1328125
0 0.4484375 0.653125 0.1625 0.1390625
0 0.4109375 0.5625 0.1625 0.1390625
0 0.37890625 0.48203125 0.15625 0.134375
0 0.34609375 0.40390625 0.1515625 0.125
0 0.31484375 0.33046875 0.146875 0.128125
0 0.43515625 0.28515625 0.1453125 0.1265625
0 0.53515625 0.50625 0.1546875 0.1375
0 0.49765625 0.4265625 0.1453125 0.125