0 0.49609375 0.58515625 0.196875 0.2171875
0 0.5765625 0.75546875 0.2046875 0.225
0 0.53828125 0.35859375 0.184375 0.2046875
0 0.6203125 0.5234375 0.190625 0.2109375
0 0.7078125 0.6921875 0.203125 0.225
0 0.59921875 0.1578125 0.13125 0.109375
0 0.634375 0.2359375 0.1359375 0.115625
0 0.67578125 0.3109375 0.1421875 0.1203125
0 0.7265625 0.384375 0.1546875 0.128125
0 0.77421875 0.46640625 0.1625 0.14375
0 0.82421875 0.55 0.1625 0.140625
0 0.88046875 0.65 0.165625 0.146875
0 0.72265625 0.121875 0.1359375 0.1140625
0 0.765625 0.19140625 0.1421875 0.115625
0 0.8078125 0.259375 0.140625 0.1171875
0 0.85546875 0.3390625 0.140625 0.121875
0 0.90234375 0.41484375 0.15 0.125
0 0.93984375 0.49453125 0.1203125 0.1296875
0 0.96640625 0.584375 0.0671875 0.128125
0 0.075 0.37734375 0.134375 0.125
0 0.1265625 0.471875 0.1375 0.134375
0 0.1671875 0.57890625 0.1484375 0.1484375
0 0.2078125 0.690625 0.15 0.14375
0 0.253125 0.80078125 0.15625 0.1546875
0 0.30390625 0.92265625 0.1609375 0.1546875