0 0.45859375 0.81015625 0.09609375 0.10859375
0 0.46015625 0.7 0.09375 0.10234375
0 0.46015625 0.59296875 0.08828125 0.10078125
0 0.45703125 0.4875 0.084375 0.0984375
0 0.45703125 0.3828125 0.0859375 0.0953125
0 0.45390625 0.2875 0.08125 0.0890625
0 0.453125 0.19296875 0.08125 0.08671875
0 0.36640625 0.0953125 0.0828125 0.084375
0 0.36640625 0.19296875 0.08359375 0.08671875
0 0.3671875 0.28515625 0.08828125 0.08984375
0 0.36640625 0.38125 0.08671875 0.08984375
0 0.365625 0.48359375 0.08515625 0.096875
0 0.3640625 0.58984375 0.0921875 0.0921875
0 0.3625 0.6984375 0.0921875 0.10546875
0 0.359375 0.80546875 0.09453125 0.10546875
0 0.2609375 0.8078125 0.0953125 0.109375
0 0.265625 0.69375 0.09296875 0.10546875
0 0.26953125 0.5875 0.09140625 0.10234375
0 0.271875 0.4828125 0.09140625 0.1
0 0.27421875 0.38125 0.0875 0.08984375
0 0.27890625 0.284375 0.0875 0.0890625
0 0.2796875 0.190625 0.08359375 0.08671875
0 0.596875 0.1484375 0.07421875 0.078125
0 0.60234375 0.23515625 0.07734375 0.08125
0 0.60546875 0.32109375 0.07421875 0.078125
0 0.609375 0.409375 0.07578125 0.0890625
0 0.615625 0.50390625 0.08203125 0.08984375
0 0.621875 0.59765625 0.0859375 0.08984375
0 0.62421875 0.7015625 0.08125 0.0984375
0 0.62890625 0.80703125 0.08203125 0.096875
0 0.71796875 0.8125 0.08359375 0.1
0 0.71171875 0.70859375 0.078125 0.09296875
0 0.70859375 0.6109375 0.075 0.0890625
0 0.70078125 0.515625 0.07421875 0.09765625
0 0.690625 0.42109375 0.06953125 0.084375
0 0.68828125 0.334375 0.07265625 0.08984375
0 0.684375 0.246875 0.0703125 0.08203125
0 0.67265625 0.16328125 0.07109375 0.0765625
0 0.7484375 0.1609375 0.0671875 0.0734375
0 0.75859375 0.2453125 0.06875 0.078125
0 0.76328125 0.3328125 0.0703125 0.0828125
0 0.7703125 0.41640625 0.07265625 0.08671875
0 0.78125 0.5078125 0.07109375 0.0859375
0 0.7875 0.6078125 0.07890625 0.1015625
0 0.7984375 0.7046875 0.08203125 0.1015625
0 0.80859375 0.80625 0.07890625 0.09375
0 0.87265625 0.228125 0.0796875 0.0765625
0 0.8890625 0.321875 0.08515625 0.08671875
0 0.89375 0.4125 0.08359375 0.0890625
0 0.9015625 0.50703125 0.07578125 0.09296875
0 0.909375 0.60390625 0.08125 0.10078125
0 0.925 0.703125 0.08203125 0.1015625
0 0.928064684375 0.0947265625 0.8403196953125001 0.115234375 0.84620900625 0.185546875 0.9352064562500001 0.173828125 0.928064684375 0.0947265625
0 0.93125 0.8015625 0.06875 0.0859375