0 0.36484375 0.4265625 0.1921875 0.2375
0 0.334375 0.603125 0.1578125 0.1546875
0 0.3078125 0.740625 0.1546875 0.1515625
0 0.17421875 0.71796875 0.15 0.153125
0 0.0359375 0.7 0.071875 0.14375
0 0.04765625 0.565625 0.0953125 0.146875
0 0.05546875 0.42890625 0.1109375 0.1546875
0 0.66328125 0.34375 0.09375 0.1078125
0 0.64140625 0.43828125 0.1 0.096875
0 0.74609375 0.3375 0.0828125 0.1
0 0.72734375 0.43125 0.0921875 0.09375
0 0.70703125 0.52265625 0.0890625 0.0859375
0 0.68359375 0.6125 0.0828125 0.0984375
0 0.659375 0.69609375 0.08125 0.09375
0 0.6375 0.77734375 0.0828125 0.090625
0 0.7546875 0.67421875 0.0765625 0.0703125
0 0.73515625 0.72890625 0.0796875 0.059375
0 0.71875 0.78359375 0.0703125 0.0640625
0 0.825 0.6890625 0.0734375 0.0703125
0 0.8332874531250001 0.78361995625 0.8484885296875 0.729979375 0.7829114859375 0.7106296953125 0.7675602265625 0.7642410843749999 0.8332874531250001 0.78361995625
0 0.763470825 0.763446184375 0.7496454484374999 0.8154676640625 0.8165905499999999 0.8313102406249999 0.8291817 0.7837651343750001 0.763470825 0.763446184375
0 0.9538184203125001 0.7857281546875 0.9615020765625 0.746199175 0.8991451250000001 0.73227996875 0.8553337937500001 0.8803444390624999 0.921730021875 0.9017398640625001 0.9538184203125001 0.7857281546875
0 0.8738236562499999 0.6405784046874999 0.9356758562499999 0.6526012546875 0.9825535125 0.47966490000000006 0.92444555625 0.4683698578125 0.8738236562499999 0.6405784046874999
0 0.9015875078125 0.51957881875 0.9049254828125 0.5051355578125001 0.8076521968750001 0.47962475312499997 0.80397189375 0.49777449687499997 0.9015875078125 0.51957881875
0 0.80279171875 0.49565858125 0.79927706875 0.5110107578124999 0.8982366515625 0.534962834375 0.9002118078124999 0.521197921875 0.80279171875 0.49565858125
0 0.89320135625 0.549076171875 0.8980728593749999 0.5349309953125 0.7977246921875001 0.5135387765625 0.7952208374999999 0.52720091875 0.89320135625 0.549076171875
0 0.79438671875 0.5279820390625 0.79138324375 0.5434335781249999 0.88896668125 0.5690046703125 0.8933591828124999 0.5509933625000001 0.79438671875 0.5279820390625
0 0.88342065625 0.5830187312499999 0.8882921578125 0.56887355625 0.7915410671875 0.54535076875 0.7880334453125 0.5559880296874999 0.88342065625 0.5830187312499999
0 0.8797293312500001 0.599279821875 0.88460083125 0.585134646875 0.78818424375 0.5626201359375 0.7851503625 0.5790090203125 0.8797293312500001 0.599279821875
0 0.7843350921875001 0.5769640359375 0.7808392921875 0.5894901078125 0.8755315546875 0.6135559546875 0.8802593562500001 0.5965530796875 0.7843350921875001 0.5769640359375
0 0.87271888125 0.6271580703125 0.87654918125 0.615640275 0.7809971171875 0.5914072984375001 0.776429178125 0.6074979921875 0.87271888125 0.6271580703125
0 0.7757722671875 0.6073703015625 0.7743023171875001 0.623119928125 0.8686787499999999 0.6433513609375 0.8709898296875 0.630595003125 0.7757722671875 0.6073703015625
0 0.8637838562500001 0.6622082687499999 0.86936205625 0.6444274390625 0.7741256437499999 0.6240288421875 0.7702764921874999 0.6383727421875001 0.8637838562500001 0.6622082687499999
0 0.5529889953125 0.8064824640625 0.5633514749999999 0.81321300625 0.664397415625 0.5253528281250001 0.6526234859375 0.5183479265625001 0.5529889953125 0.8064824640625
0 0.6497500109375001 0.521562403125 0.63869968125 0.5156414125000001 0.5391872656250001 0.8037996796875 0.5505909453125 0.8079028421875 0.6497500109375001 0.521562403125
0 0.5243631843750001 0.8009181703125 0.5357480140625 0.8078474375000001 0.6351026046875 0.51777198125 0.624386775 0.5128592656250001 0.5243631843750001 0.8009181703125
0 0.510050278125 0.798136021875 0.521611784375 0.8041563765624999 0.6223232249999999 0.5152879203125 0.609342709375 0.5089917390625 0.510050278125 0.798136021875
0 0.49711307343750005 0.793734771875 0.507828903125 0.7986474875 0.60647679375 0.5122076875 0.5959376390625 0.50638605625 0.49711307343750005 0.793734771875
0 0.5940507625 0.507905796875 0.5800912078125 0.5033058234375 0.48357185156250004 0.7929891375 0.4943239734375 0.8026251890625 0.5940507625 0.507905796875
0 0.46884061250000003 0.78635265 0.4814244671875 0.792571728125 0.57700530625 0.505535753125 0.5665544328125 0.5025610515625 0.46884061250000003 0.78635265
0 0.4565724078125 0.783967953125 0.46675821093750003 0.791607409375 0.5642447749999999 0.5002255890625 0.552434471875 0.49604338593749997 0.4565724078125 0.783967953125
0 0.2781326625 0.47385197031250004 0.2983490109375 0.35893134843749996 0.22562315625 0.34007859375 0.2069403328125 0.45529730312499994 0.2781326625 0.47385197031250004
0 0.204921825 0.4577347109375 0.18654731093750002 0.5711268375 0.26422709218749996 0.5890560265625 0.276613190625 0.5226059359375 0.26843438750000004 0.5210161375 0.2772492875 0.47839654062500003 0.204921825 0.4577347109375