0 0.190625 0.103125 0.1 0.096875
0 0.1609375 0.18984375 0.0953125 0.0890625
0 0.13125 0.2828125 0.1078125 0.109375
0 0.1 0.3796875 0.1109375 0.1078125
0 0.06875 0.48359375 0.1125 0.11875
0 0.04765625 0.59765625 0.0953125 0.1234375
0 0.02890625 0.7109375 0.0578125 0.11875
0 0.28125 0.11640625 0.096875 0.0953125
0 0.25625 0.21015625 0.1015625 0.096875
0 0.22734375 0.30703125 0.1078125 0.1078125
0 0.1984375 0.4015625 0.1109375 0.10625
0 0.17109375 0.503125 0.109375 0.0984375
0 0.14375 0.61796875 0.1125 0.128125
0 0.1109375 0.7359375 0.10625 0.1171875
0 0.3703125 0.13828125 0.103125 0.1125
0 0.34765625 0.228125 0.1 0.090625
0 0.321875 0.31875 0.1 0.096875
0 0.29453125 0.42734375 0.1078125 0.1125
0 0.26796875 0.52890625 0.10625 0.115625
0 0.23515625 0.64296875 0.109375 0.1109375
0 0.2109375 0.753125 0.1078125 0.115625
0 0.70625 0.65234375 0.5125 0.55625