0 0.4296875 0.5921875 0.0875 0.096875
0 0.24453125 0.38203125 0.0875 0.09296875
0 0.5796875 0.3203125 0.07734375 0.0828125
0 0.4296875 0.69765625 0.08828125 0.10390625
0 0.4265625 0.19375 0.07890625 0.08515625
0 0.5875 0.5015625 0.07734375 0.0890625
0 0.24296875 0.484375 0.0875 0.09609375
0 0.428125 0.38359375 0.08515625 0.09375
0 0.33828125 0.384375 0.0875 0.090625
0 0.42890625 0.4875 0.084375 0.09765625
0 0.571875 0.1484375 0.07578125 0.08046875
0 0.5765625 0.23671875 0.07578125 0.07734375
0 0.74453125 0.41875 0.07421875 0.08515625
0 0.24921875 0.284375 0.0828125 0.090625
0 0.234375 0.69765625 0.090625 0.10234375
0 0.2296875 0.81171875 0.0953125 0.1078125
0 0.33828125 0.28671875 0.08515625 0.0859375
0 0.68125 0.615625 0.07578125 0.09140625
0 0.42578125 0.2875 0.0828125 0.08671875
0 0.584375 0.4078125 0.0796875 0.0828125
0 0.59921875 0.809375 0.08984375 0.10390625
0 0.33359375 0.58828125 0.08828125 0.09453125
0 0.23828125 0.5890625 0.08671875 0.09375
0 0.3328125 0.6984375 0.09140625 0.1
0 0.5921875 0.6 0.08359375 0.0890625
0 0.66875 0.421875 0.0703125 0.084375
0 0.3359375 0.48515625 0.0875 0.0953125
0 0.33203125 0.8109375 0.09921875 0.10859375
0 0.771875 0.70625 0.07890625 0.09453125
0 0.6734375 0.5125 0.0734375 0.08359375
0 0.2515625 0.19296875 0.08046875 0.0828125
0 0.33828125 0.190625 0.0796875 0.084375
0 0.428125 0.81171875 0.08984375 0.10625
0 0.6609375 0.3328125 0.0734375 0.08046875
0 0.6890625 0.81484375 0.08984375 0.09375
0 0.7375 0.33046875 0.0734375 0.0796875
0 0.6859375 0.71015625 0.07734375 0.0875
0 0.72578125 0.16328125 0.06640625 0.06796875
0 0.59453125 0.7015625 0.084375 0.09609375
0 0.76171875 0.60859375 0.07421875 0.0890625
0 0.7515625 0.509375 0.0734375 0.08828125
0 0.33984375 0.09453125 0.084375 0.08984375
0 0.7796875 0.80859375 0.08515625 0.0921875
0 0.65625 0.24609375 0.07421875 0.08046875
0 0.7328125 0.24453125 0.07109375 0.07734375
0 0.65 0.1625 0.07109375 0.0671875
0 0.86953125 0.50390625 0.0765625 0.08671875
0 0.9671875 0.7015625 0.06484375 0.0953125
0 0.9578125 0.49921875 0.07734375 0.0875
0 0.96328125 0.60078125 0.06875 0.09453125
0 0.90078125 0.80703125 0.07734375 0.096875
0 0.840625 0.234375 0.07265625 0.0734375
0 0.88828125 0.70390625 0.07421875 0.09140625
0 0.8796875 0.6046875 0.07734375 0.08828125
0 0.86171875 0.4125 0.078125 0.08125
0 0.853125 0.3203125 0.07890625 0.084375
0 0.9703125 0.81015625 0.05625 0.09765625
0 0.8609375 0.14375 0.08515625 0.08125
0 0.9171875 0.2328125 0.06484375 0.0796875
0 0.95 0.41171875 0.07265625 0.07734375
0 0.9328125 0.31953125 0.06640625 0.07421875
0 0.978125 0.23203125 0.04375 0.08203125
0 0.9828125 0.31875 0.0328125 0.08046875
0 0.98984375 0.40703125 0.0203125 0.08359375