0 0.44765625 0.26015625 0.228125 0.2359375
0 0.55234375 0.428125 0.221875 0.23125
0 0.646875 0.59609375 0.2234375 0.2296875
0 0.740625 0.7703125 0.2296875 0.2375
0 0.88671875 0.68671875 0.2265625 0.2359375
0 0.7921875 0.51484375 0.2296875 0.2421875
0 0.69609375 0.33984375 0.2296875 0.2390625
0 0.60546875 0.1671875 0.2203125 0.2328125
0 0.75703125 0.10546875 0.2265625 0.2109375
0 0.84375 0.26640625 0.2234375 0.2328125
0 0.91484375 0.4375 0.1703125 0.234375
0 0.959375 0.60859375 0.08125 0.2359375
0 0.24296875 0.5078125 0.4046875 0.44375
0 0.42265625 0.81171875 0.4046875 0.3765625
0 0.10703125 0.30546875 0.2046875 0.1640625