0 0.86171875 0.25546875 0.13359375 0.1875
0 0.86875 0.4453125 0.13203125 0.1828125
0 0.86953125 0.63203125 0.1359375 0.18515625
0 0.86796875 0.8265625 0.13125 0.18046875
0 0.73046875 0.8203125 0.1375 0.178125
0 0.7296875 0.6328125 0.13515625 0.1828125
0 0.73125 0.44453125 0.1359375 0.18984375
0 0.725 0.26015625 0.14140625 0.1875
0 0.5859375 0.2625 0.13515625 0.178125
0 0.5859375 0.44921875 0.13515625 0.18046875
0 0.5875 0.6390625 0.1375 0.18515625
0 0.58515625 0.8296875 0.1328125 0.1921875
0 0.4484375 0.83203125 0.140625 0.1875
0 0.44921875 0.64375 0.13515625 0.17578125
0 0.4453125 0.45 0.13671875 0.1921875
0 0.44453125 0.2578125 0.1484375 0.2109375
0 0.30078125 0.65078125 0.15234375 0.18984375
0 0.29921875 0.8484375 0.14921875 0.1921875
0 0.2984375 0.45234375 0.153125 0.2015625
0 0.1453125 0.85859375 0.15234375 0.19453125
0 0.14296875 0.65390625 0.1546875 0.215625
0 0.14375 0.45234375 0.153125 0.1921875
0 0.0328125 0.66171875 0.0625 0.20859375
0 0.03515625 0.86953125 0.0640625 0.20625
0 0.29453125 0.25546875 0.1484375 0.196875
0 0.14375 0.25078125 0.153125 0.2015625