0 0.45625 0.709375 0.103125 0.071875
0 0.46796875 0.7734375 0.1046875 0.0796875
0 0.48359375 0.83828125 0.1015625 0.075
0 0.4953125 0.89296875 0.1 0.06875
0 0.553125 0.48828125 0.240625 0.2171875
0 0.540625 0.6265625 0.1078125 0.0859375
0 0.55703125 0.68828125 0.1078125 0.0765625
0 0.5149840765625 0.7391792125000001 0.527554203125 0.7882259734375 0.6227647484375 0.762443759375 0.607924840625 0.701250675 0.5126291468749999 0.7359217640625 0.513981853125 0.7356094671875 0.5149840765625 0.7391792125000001
0 0.578125 0.8125 0.1109375 0.078125
0 0.5890625 0.871875 0.109375 0.075
0 0.64140625 0.6046875 0.0984375 0.0796875
0 0.6515625 0.665625 0.1 0.075
0 0.6625 0.725 0.096875 0.0734375
0 0.66875 0.7796875 0.0921875 0.0640625
0 0.67734375 0.83515625 0.090625 0.0625
0 0.7909140359375 0.2506999125 0.7644933796875 0.08997237500000001 0.6205463265625 0.12162136718750001 0.64894841875 0.27608419375 0.7909140359375 0.2506999125
0 0.81435598125 0.4036681765625 0.7887901609375 0.2543578515625 0.6476928484375 0.281653375 0.6757012890625 0.43567913437500005 0.81435598125 0.4036681765625
0 0.8053377734374999 0.40575019375 0.671423640625 0.43772255937500004 0.6728006093750001 0.440572265625 0.7002405921875 0.5831146953124999 0.831769571875 0.5485253796875 0.8053377734374999 0.40575019375
0 0.8459730359375 0.68462093125 0.8217248953125 0.5487326218749999 0.6885162515625 0.585821471875 0.71434326875 0.72134526875 0.8459730359375 0.68462093125
0 0.8657829125 0.8141426859375 0.8436176734374999 0.6872764140625 0.7135357734375 0.7289227078125 0.73538125 0.8484717875 0.8657829125 0.8141426859375
0 0.9364337921875 0.37442844062499997 0.809645315625 0.408979175 0.8105156921875001 0.4119458390625 0.83140750625 0.5443855109375 0.956967925 0.51223 0.9364337921875 0.37442844062499997
0 0.9747845875 0.64854723125 0.9560011484375 0.5209001125 0.8311105453125001 0.5513171812500001 0.8497878218749999 0.6805726140624999 0.9747845875 0.64854723125
0 0.995057340625 0.7800739250000001 0.9736872234374999 0.6540798875 0.8522040593750001 0.6889895984375001 0.8719829546875 0.81271129375 0.995057340625 0.7800739250000001
0 0.20234375 0.48046875 0.115625 0.0421875
0 0.20625 0.4984375 0.115625 0.040625
0 0.21171875 0.51796875 0.115625 0.040625
0 0.21484375 0.53359375 0.115625 0.0390625
0 0.22109375 0.55078125 0.115625 0.0421875
0 0.22578125 0.56796875 0.1140625 0.040625
0 0.23125 0.584375 0.1140625 0.0390625
0 0.23515625 0.60078125 0.1140625 0.0390625
0 0.24140625 0.61796875 0.115625 0.0390625
0 0.2453125 0.634375 0.1140625 0.0390625
0 0.325 0.50546875 0.1234375 0.19375
0 0.23600934687500003 0.7152546703125 0.21715473125 0.649015253125 0.1390605234375 0.6751899921875 0.15737321875000002 0.736124340625 0.23600934687500003 0.7152546703125
0 0.2507494640625 0.7724886875 0.23293790625000002 0.7195839140625 0.15628085625000002 0.74316425625 0.1725100671875 0.7950767984375 0.2507494640625 0.7724886875
0 0.259743415625 0.840099559375 0.24247572343749998 0.78073406875 0.1695409296875 0.8039075484374999 0.1853177 0.852756965625 0.259743415625 0.840099559375
0 0.315266225 0.701481984375 0.2979729375 0.637597196875 0.222730515625 0.6572307984375 0.23833858281250003 0.7165270390625 0.315266225 0.701481984375
0 0.28515625 0.740625 0.0875 0.071875
0 0.29921875 0.79921875 0.0890625 0.075
0 0.3765625 0.76640625 0.1125 0.178125