0 0.28359375 0.5765625 0.18125 0.196875
0 0.41953125 0.6265625 0.184375 0.203125
0 0.378125 0.78828125 0.171875 0.178125
0 0.24375 0.73671875 0.175 0.1859375
0 0.3859375 0.38046875 0.1453125 0.1578125
0 0.42578125 0.23671875 0.1546875 0.178125
0 0.54609375 0.2734375 0.159375 0.1828125
0 0.503125 0.41953125 0.1546875 0.1640625
0 0.5640625 0.7578125 0.1671875 0.1703125
0 0.7 0.796875 0.1625 0.1578125
0 0.74375 0.66328125 0.1703125 0.171875
0 0.625 0.57265625 0.1140625 0.1375
0 0.67265625 0.45703125 0.1359375 0.153125
0 0.69765625 0.2875 0.125 0.2078125
0 0.771875 0.3078125 0.115625 0.20625
0 0.84375 0.32890625 0.125 0.2046875
0 0.7765625 0.48125 0.13125 0.1421875
0 1 0.45160890781249996 0.9840351203125 0.4490365140625 0.8741240250000001 0.7334628078125001 0.945005475 0.762059115625 1 0.570270415625 1 0.45160890781249996
0 0.8714951703124999 1 0.9114394750000001 0.8791176734375 0.9439312265625001 0.765805465625 0.86081450625 0.738315525 0.7694285359374999 1 0.8714951703124999 1
0 0 0.7427678765625 0.0123117625 0.7464169765625 0.04618829375 0.5923800781249999 0 0.575116853125 0 0.7427678765625
0 0 0.575032734375 0.04594294375 0.591346484375 0.0826565015625 0.42174800625 0.0091603609375 0.3977836078125 0 0.42972958281249996 0 0.575032734375
0 0.122137996875 0.250053503125 0.058417778125 0.22600258125 0.009398156250000001 0.39695431718749996 0.08465878125000001 0.42232215 0.122137996875 0.250053503125
0 0.0859418953125 0.130014575 0.059412073437500004 0.222535059375 0.1266727359375 0.24557437656249997 0.1652320484375 0.0582035953125 0.11217232968749999 0.044915446875 0.0859418953125 0.130014575