0 0.88359375 0.2546875 0.20625 0.259375
0 0.903125 0.509375 0.19375 0.259375
0 0.91953125 0.76328125 0.1609375 0.2453125
0 0.534375 0.26171875 0.1546875 0.0703125
0 0.54296875 0.34609375 0.1546875 0.0765625
0 0.54609375 0.425 0.1546875 0.0890625
0 0.5640625 0.50390625 0.15625 0.0859375
0 0.58046875 0.58203125 0.1578125 0.0828125
0 0.5875 0.65703125 0.1578125 0.0921875
0 0.59609375 0.73984375 0.1609375 0.096875
0 0.60546875 0.8203125 0.1578125 0.084375
0 0.6109375 0.89609375 0.1578125 0.0953125
0 0.4515625 0.92734375 0.165625 0.075
0 0.44609375 0.84140625 0.16875 0.090625
0 0.43671875 0.76484375 0.1640625 0.0828125
0 0.43046875 0.6828125 0.16875 0.0890625
0 0.41953125 0.6046875 0.165625 0.090625
0 0.40625 0.5234375 0.165625 0.096875
0 0.39140625 0.44140625 0.1609375 0.084375
0 0.38125 0.36015625 0.165625 0.0828125
0 0.2929939953125 0.31738502031250004 0.457097428125 0.3121617234375 0.44766603906249997 0.23962227500000002 0.287494496875 0.2378326390625 0.2929939953125 0.31738502031250004
0 0.44321070156250003 0.22897476718749998 0.43694605 0.1523149734375 0.27196184843750004 0.1455189828125 0.28153145 0.228303134375 0.44321070156250003 0.22897476718749998
0 0.43575212656250006 0.14686429375 0.42948747656249997 0.0702044984375 0.26360093125 0.056056265625000004 0.2704255984375 0.1335801765625 0.43575212656250006 0.14686429375
0 0.1640625 0.69765625 0.1796875 0.20625
0 0.18984375 0.903125 0.1796875 0.19375