0 0.59921875 0.20234375 0.08203125 0.078125
0 0.6015625 0.290625 0.078125 0.08046875
0 0.60546875 0.390625 0.0796875 0.08359375
0 0.61015625 0.4890625 0.08203125 0.08828125
0 0.61484375 0.59765625 0.0796875 0.0875
0 0.61796875 0.70234375 0.0875 0.0875
0 0.621875 0.8125 0.0890625 0.10390625
0 0.684375 0.20078125 0.08046875 0.08125
0 0.68828125 0.29296875 0.08515625 0.08359375
0 0.69453125 0.38671875 0.08125 0.08046875
0 0.70078125 0.4859375 0.08984375 0.0859375
0 0.70859375 0.59375 0.090625 0.0921875
0 0.71484375 0.7015625 0.0953125 0.090625
0 0.71953125 0.81328125 0.09765625 0.09296875
0 0.76640625 0.19921875 0.07578125 0.0734375
0 0.7765625 0.2921875 0.07734375 0.075
0 0.78125 0.390625 0.08046875 0.08359375
0 0.79140625 0.4859375 0.07890625 0.084375
0 0.80390625 0.58828125 0.078125 0.084375
0 0.81015625 0.7015625 0.07734375 0.090625
0 0.81796875 0.8140625 0.084375 0.0953125