0 0.9015625 0.45703125 0.09765625 0.15
0 0.9171875 0.6125 0.1 0.16015625
0 0.93203125 0.7796875 0.1046875 0.1703125
0 0.51796875 0.13203125 0.0765625 0.06171875
0 0.65703125 0.2125 0.08828125 0.08203125
0 0.66328125 0.3078125 0.078125 0.0859375
0 0.6703125 0.4015625 0.078125 0.084375
0 0.6765625 0.49765625 0.0796875 0.096875
0 0.6828125 0.5984375 0.0859375 0.09453125
0 0.6875 0.7015625 0.0859375 0.10078125
0 0.69609375 0.80625 0.0859375 0.10546875
0 0.5703125 0.21640625 0.07265625 0.08515625
0 0.57578125 0.30703125 0.08125 0.08125
0 0.5828125 0.4015625 0.08359375 0.0921875
0 0.5875 0.4984375 0.08828125 0.09296875
0 0.59140625 0.5984375 0.08828125 0.09765625
0 0.59453125 0.703125 0.0875 0.103125
0 0.6 0.81328125 0.09140625 0.103125
0 0.48984375 0.22265625 0.0765625 0.08203125
0 0.49296875 0.31171875 0.0796875 0.090625
0 0.49609375 0.40546875 0.08046875 0.0953125
0 0.49765625 0.50234375 0.08046875 0.096875
0 0.4984375 0.6046875 0.0875 0.10078125
0 0.5015625 0.70546875 0.08359375 0.10234375
0 0.5046875 0.8109375 0.08984375 0.0984375
0 0.38671875 0.8171875 0.0921875 0.09765625
0 0.3859375 0.70859375 0.08984375 0.10234375
0 0.3875 0.60625 0.0828125 0.0890625
0 0.38828125 0.50703125 0.08203125 0.0875
0 0.38828125 0.41328125 0.0828125 0.0796875
0 0.3875 0.32265625 0.08046875 0.0828125
0 0.3890625 0.23359375 0.078125 0.07421875
0 0.3890625 0.15 0.07734375 0.0734375
0 0.30703125 0.15546875 0.08125 0.0765625
0 0.30625 0.23515625 0.0796875 0.0828125
0 0.30390625 0.325 0.0828125 0.08671875
0 0.3015625 0.4171875 0.08359375 0.09296875
0 0.296875 0.5109375 0.08828125 0.09453125
0 0.296875 0.6109375 0.08984375 0.096875
0 0.2953125 0.7140625 0.0921875 0.0984375
0 0.290625 0.821875 0.0953125 0.0984375
0 0.1953125 0.8140625 0.0859375 0.10234375
0 0.19921875 0.70390625 0.0921875 0.10546875
0 0.203125 0.60234375 0.08671875 0.09453125
0 0.20703125 0.503125 0.084375 0.09375
0 0.21015625 0.40390625 0.0828125 0.0828125
0 0.21640625 0.315625 0.0828125 0.0859375
0 0.21875 0.228125 0.078125 0.0828125
0 0.2234375 0.1390625 0.078125 0.0734375