0 0.4390625 0.5828125 0.221875 0.596875
0 0.34140625 0.41953125 0.14375 0.153125
0 0.321875 0.5578125 0.1359375 0.1421875
0 0.30078125 0.6859375 0.134375 0.134375
0 0.2828125 0.80625 0.1296875 0.125
0 0.26328125 0.13359375 0.1515625 0.153125
0 0.24296875 0.28046875 0.1375 0.14375
0 0.2203125 0.41640625 0.1375 0.1453125
0 0.20234375 0.54453125 0.1359375 0.134375
0 0.18828125 0.6671875 0.13125 0.13125
0 0.17109375 0.78515625 0.125 0.1203125
0 0.059375 0.7625 0.11875 0.121875
0 0.0703125 0.6453125 0.125 0.13125
0 0.08359375 0.521875 0.1296875 0.1375
0 0.1 0.3890625 0.1375 0.1484375
0 0.11953125 0.25234375 0.1375 0.15
0 0.1390625 0.11015625 0.140625 0.1546875
0 0.7914663375 0.7488374421875 0.85479681875 0.76752599375 0.9026299265625 0.583217246875 0.8379772140625 0.5699368109375 0.7914663375 0.7488374421875
0 0.745884221875 0.9203801625000001 0.8095667499999999 0.9400709984375 0.8510462125 0.7678048703125 0.7884725328125 0.7577116515625 0.745884221875 0.9203801625000001
0 1 0.483564978125 0.9370346062499999 0.46705644375000005 0.9066327453125 0.5905045203125 0.9885606984375 0.6086198328125 1 0.54374433125 1 0.483564978125
0 0.87194515 0.712256696875 0.966695125 0.7326256625 0.9877526859374999 0.6132022984375001 0.9039446718749999 0.594731590625 0.87194515 0.712256696875
0 0.8456320546875 0.819501959375 0.9475574390625001 0.8411608765624999 0.9665251984375001 0.7335893687499999 0.87230180625 0.71420000625 0.8456320546875 0.819501959375
0 0.913228065625 0.9489471875 0.9416534390625 0.8477156375 0.8407280328125 0.82427850625 0.814925209375 0.9306735312500001 0.913228065625 0.9489471875