0 0.74296875 0.5125 0.1296875 0.140625
0 0.7078125 0.64140625 0.1296875 0.13125
0 0.68046875 0.75234375 0.1296875 0.1265625
0 0.646875 0.8578125 0.115625 0.1109375
0 0.6921875 0.25234375 0.1421875 0.153125
0 0.578125 0.21953125 0.134375 0.1359375
0 0.54609375 0.3515625 0.134375 0.1359375
0 0.6609375 0.37890625 0.1296875 0.1375
0 0.6296875 0.49921875 0.1296875 0.1359375
0 0.5984375 0.61953125 0.1234375 0.125
0 0.56953125 0.73203125 0.1203125 0.1203125
0 0.54296875 0.83515625 0.11875 0.1078125
0 0.51953125 0.47109375 0.1265625 0.11875
0 0.48984375 0.59296875 0.1234375 0.1171875
0 0.4671875 0.69921875 0.1125 0.115625
0 0.4375 0.81171875 0.121875 0.1265625
0 0.7803573484374999 1 0.9451789406250001 0.4348946015625 0.834372546875 0.4050894234375 0.6715946484375 1 0.7803573484374999 1
0 0.3641670953125 0.2500370140625 0.34034019375 0.364943890625 0.44292215468749996 0.38862680156249996 0.46864085 0.272083725 0.3641670953125 0.2500370140625
0 0.42185425781249997 0.521025821875 0.445781315625 0.4019573109375 0.3365084015625 0.3851765875 0.313434384375 0.491771615625 0.42185425781249997 0.521025821875
0 0.3945454 0.639313484375 0.42072694843749997 0.5207655625000001 0.31042828125 0.505859728125 0.2899105015625 0.6193801203125 0.3945454 0.639313484375
0 0.3949484484375 0.6478535484375 0.29508398125 0.6226862171875001 0.2944978484375 0.628886109375 0.2700894203125 0.7309495578125 0.370618340625 0.7583819953125001 0.3949484484375 0.6478535484375
0 0.3463479125 0.8583655984374999 0.367699375 0.7555963921875 0.272886515625 0.7379305296875 0.2505296984375 0.8362442218749999 0.3463479125 0.8583655984374999
0 0.36054206093749996 0.2260097203125 0.3822743875 0.0958758984375 0.2645747140625 0.10249054375 0.2493450953125 0.208784890625 0.36054206093749996 0.2260097203125
0 0.33224776875 0.3588521 0.3535171390625 0.2307231 0.2397949421875 0.232976709375 0.223768090625 0.340142803125 0.33224776875 0.3588521
0 0.30805932812500003 0.4841954765625 0.32788041093750003 0.3726260375 0.2238645109375 0.356003090625 0.20501461562499998 0.46251743437500004 0.30805932812500003 0.4841954765625
0 0.28843982343749996 0.60003495625 0.3089253578125 0.49073062500000003 0.2040290796875 0.47707212656250003 0.19036699375 0.5773930593750001 0.28843982343749996 0.60003495625
0 0.2655802890625 0.7299085421875 0.2831468578125 0.6178186109375 0.18423986718750002 0.5970958359375 0.16571580156250001 0.7047413046875 0.2655802890625 0.7299085421875
0 0.244691765625 0.83067301875 0.262138765625 0.739672721875 0.1608855859375 0.7205200890625 0.144162865625 0.8032404906249999 0.244691765625 0.83067301875
0 0.240386640625 0.1961579515625 0.26139473281250003 0.07430384062499999 0.1506304734375 0.0635140234375 0.133960003125 0.17369913125 0.240386640625 0.1961579515625
0 0.217325509375 0.3217615859375 0.2344889234375 0.20113156718749997 0.1275397296875 0.1912225265625 0.111302046875 0.30784276093749996 0.217325509375 0.3217615859375
0 0.216340096875 0.3363162109375 0.11641582343750001 0.3216937921875 0.11698975781250001 0.3249938984375 0.10408252031250001 0.4265450015625 0.2019538546875 0.444916971875 0.216340096875 0.3363162109375
0 0.1804231046875 0.5793208375 0.1977880953125 0.4629608625 0.0951463515625 0.44982276875 0.0789684515625 0.5558981859375 0.1804231046875 0.5793208375
0 0.1569589234375 0.696384409375 0.1749882625 0.5822895156250001 0.0715959734375 0.567922340625 0.0577587828125 0.673482253125 0.1569589234375 0.696384409375
0 0.13898926250000002 0.7999344625 0.15418174843750002 0.7084136703125 0.054668221875 0.6875508671875 0.039065009375 0.78531195 0.13898926250000002 0.7999344625