0 0.82265625 0.2171875 0.1015625 0.10078125
0 0.8390625 0.32109375 0.10390625 0.09765625
0 0.8484375 0.434375 0.1078125 0.1015625
0 0.85703125 0.55 0.109375 0.109375
0 0.8671875 0.6703125 0.11171875 0.11640625
0 0.87421875 0.79765625 0.1171875 0.121875
0 0.6921875 0.371875 0.18203125 0.175
0 0.6984375 0.5578125 0.18671875 0.18828125
0 0.70625 0.7609375 0.1890625 0.2078125
0 0.68828125 0.228125 0.0984375 0.09765625
0 0.35234375 0.2828125 0.18671875 0.034375
0 0.146875 0.278125 0.2015625 0.0265625