0 0.7734375 0.2953125 0.184375 0.03125
0 0.9375 0.29609375 0.125 0.028125
0 0.8171875 0.3234375 0.15625 0.028125
0 0.56875 0.50625 0.1375 0.134375
0 0.56953125 0.64609375 0.14375 0.1359375
0 0.57109375 0.790625 0.146875 0.1453125
0 0.42578125 0.78203125 0.13125 0.16875
0 0.428125 0.61015625 0.1234375 0.15625
0 0.43046875 0.446875 0.1203125 0.15
0 0.1984375 0.2 0.1015625 0.0921875
0 0.203125 0.29296875 0.084375 0.0859375
0 0.2015625 0.3921875 0.0875 0.090625
0 0.196875 0.49296875 0.0859375 0.0953125
0 0.19296875 0.59296875 0.0859375 0.0984375
0 0.1890625 0.7015625 0.0875 0.1078125
0 0.18515625 0.815625 0.09375 0.1078125
0 0.11015625 0.2 0.0671875 0.0890625
0 0.11640625 0.2984375 0.08125 0.090625
0 0.115625 0.3921875 0.084375 0.0953125
0 0.10703125 0.490625 0.090625 0.09375
0 0.10078125 0.59375 0.084375 0.1015625
0 0.09765625 0.70234375 0.0859375 0.1078125
0 0.090625 0.815625 0.0828125 0.109375
0 0.098524484375 0.1435546875 0.109511584375 0.0625 0.046885118749999996 0.0888671875 0.03811813125 0.15625 0.098524484375 0.1435546875