0 0.18984375 0.38671875 0.271875 0.403125
0 0.19140625 0.771875 0.27421875 0.36796875
0 0.48828125 0.2640625 0.16875 0.19921875
0 0.5015625 0.45703125 0.1609375 0.196875
0 0.50703125 0.6515625 0.16640625 0.1875
0 0.5140625 0.84609375 0.1703125 0.1875
0 0.675 0.2546875 0.15859375 0.19921875
0 0.66953125 0.45390625 0.16640625 0.19921875
0 0.671875 0.6484375 0.16015625 0.19921875
0 0.67890625 0.84375 0.15859375 0.1921875
0 0.8375 0.26171875 0.1609375 0.19453125
0 0.8359375 0.45234375 0.16484375 0.196875
0 0.84140625 0.65078125 0.16328125 0.19453125
0 0.84296875 0.84375 0.16328125 0.1921875
0 0.96015625 0.265625 0.0796875 0.2
0 0.96328125 0.459375 0.0734375 0.1828125
0 0.9625 0.6515625 0.075 0.1921875
0 0.9625 0.84296875 0.075 0.18984375