0 0.8711445734375 0.65576171875 0.8840566609374999 0.65478515625 0.889001715625 0.6513671875 0.8873533640625 0.5869140625 0.8851555624999999 0.5693359375 0.8835072109375 0.56494140625 0.7598808375 0.56494140625 0.7549357828125001 0.56640625 0.75383688125 0.5693359375 0.7554852328125 0.638671875 0.7563094078125 0.64892578125 0.7579577609375 0.65234375 0.8711445734375 0.65576171875
0 0.8975179125 0.7490234375 0.8925728578125 0.66064453125 0.89092450625 0.65771484375 0.7925728578125 0.65625 0.7640014296875 0.65673828125 0.759056375 0.6572265625 0.7576827484375 0.65966796875 0.760155275 0.7470703125 0.7618036265625 0.75048828125 0.8961442859375 0.7509765625 0.8975179125 0.7490234375
0 0.7672978453125 0.8466796875 0.8925725718749999 0.85009765625 0.9046604828125 0.85009765625 0.905759384375 0.84765625 0.90273740625 0.77978515625 0.9010890546875 0.75634765625 0.899440703125 0.7529296875 0.793671471875 0.75341796875 0.76564949375 0.7578125 0.7634516921875 0.76171875 0.7634516921875 0.76611328125 0.76537476875 0.84326171875 0.7672978453125 0.8466796875
0 0.66867128125 0.8505859375 0.759055896875 0.8486328125 0.76290205 0.8466796875 0.759605346875 0.76708984375 0.7579569953124999 0.75732421875 0.6252646875 0.75732421875 0.6208690828125001 0.7607421875 0.621693259375 0.8388671875 0.622242709375 0.84716796875 0.6236163359375 0.849609375 0.66867128125 0.8505859375
0 0.7549352078125 0.75390625 0.7590560875000001 0.7490234375 0.7582319125 0.69384765625 0.756034109375 0.66552734375 0.75301213125 0.66064453125 0.6238912531249999 0.6572265625 0.6178472968750001 0.6591796875 0.6200450984375 0.75 0.6222429015625 0.75439453125 0.750264878125 0.7548828125 0.7549352078125 0.75390625
0 0.7310345875 0.65771484375 0.7486170046875 0.65673828125 0.7519137078125 0.65234375 0.7516389828125 0.607421875 0.74944118125 0.57421875 0.7475181046875 0.568359375 0.6329576640625 0.56787109375 0.62389173125 0.568359375 0.615375246875 0.57177734375 0.6161994234375 0.65234375 0.617847775 0.65673828125 0.659056565625 0.6591796875 0.7310345875 0.65771484375
0 0.748342184375 0.56201171875 0.748891634375 0.55419921875 0.74559493125 0.4853515625 0.7436718546875001 0.478515625 0.622792734375 0.47607421875 0.6161993265625 0.4765625 0.6148257015625 0.47900390625 0.6151004265625 0.560546875 0.6167487781250001 0.5634765625 0.7409246015625001 0.56494140625 0.748342184375 0.56201171875
0 0.742572953125 0.39599609375 0.7411993265625 0.392578125 0.6508147125 0.39013671875 0.614550975 0.39208984375 0.6148257015625 0.47412109375 0.6159246015625001 0.47607421875 0.74559493125 0.4775390625 0.742572953125 0.39599609375
0 0.73817773125 0.31884765625 0.7362546546875001 0.31005859375 0.6109799296875 0.30908203125 0.61345245625 0.38671875 0.6733425671875 0.388671875 0.7401008078125 0.38720703125 0.73817773125 0.31884765625
0 0.73048580625 0.2412109375 0.7285627296875 0.2314453125 0.6516396531249999 0.22900390625 0.60576053125 0.2314453125 0.6068594328125 0.298828125 0.6096066859375 0.30615234375 0.732958334375 0.30810546875 0.73048580625 0.2412109375
0 0.7291119890625 0.23046875 0.7271889125000001 0.1630859375 0.7258152859375 0.15478515625 0.6043867140625 0.15185546875 0.6032878125 0.15380859375 0.6032878125 0.1630859375 0.6049361640625001 0.228515625 0.7291119890625 0.23046875
0 0.5895515484375 0.08349609375 0.5911999015625 0.0556640625 0.589826275 0.01123046875 0.4730680328125 0.005859375 0.47032077968749997 0.05810546875 0.4700460546875 0.07763671875 0.4730680328125 0.07958984375 0.5046614390624999 0.08251953125 0.5895515484375 0.08349609375
0 0.5901010953125 0.15283203125 0.5914747218749999 0.150390625 0.591749446875 0.08740234375 0.5895516453125 0.08251953125 0.4711450515625 0.078125 0.46922197499999996 0.0810546875 0.46812307343750004 0.09716796875 0.46784834843749995 0.14794921875 0.4689472484375 0.1494140625 0.560156040625 0.1533203125 0.5901010953125 0.15283203125
0 0.5895512625 0.2314453125 0.5928479656250001 0.22607421875 0.593122690625 0.15771484375 0.5911996140625 0.15380859375 0.4694963171875 0.1533203125 0.46784796562500003 0.15576171875 0.46702378906249997 0.17333984375 0.4664743390625 0.2265625 0.46922159218750004 0.23095703125 0.581034778125 0.2333984375 0.5895512625 0.2314453125
0 0.5925732406249999 0.31201171875 0.5944963171875 0.30712890625 0.5950457671875 0.24609375 0.5944963171875 0.2373046875 0.592298515625 0.23388671875 0.4697710421875 0.2314453125 0.4667490640625 0.234375 0.4659248890625 0.25390625 0.4653754375 0.3037109375 0.4667490640625 0.3095703125 0.58350730625 0.3125 0.5925732406249999 0.31201171875
0 0.5884521703125001 0.3994140625 0.5931225 0.39794921875 0.595869753125 0.3935546875 0.596968653125 0.3203125 0.595869753125 0.31298828125 0.46867194999999995 0.3125 0.4672983234375 0.31494140625 0.465924696875 0.3330078125 0.465100521875 0.38818359375 0.46784777499999997 0.39404296875 0.521693928125 0.39892578125 0.5884521703125001 0.3994140625
0 0.6008146156249999 0.482421875 0.5994409890625 0.39892578125 0.46977066093750003 0.39501953125 0.46757285781249996 0.4052734375 0.46619923124999996 0.4384765625 0.46510033125000005 0.47998046875 0.46702340781249996 0.4814453125 0.5964190125 0.48388671875 0.6008146156249999 0.482421875
0 0.593397034375 0.572265625 0.599715715625 0.56982421875 0.6013640671875 0.5625 0.6013640671875 0.48974609375 0.5988915390625 0.4853515625 0.46812230781249997 0.4853515625 0.4667486828125 0.49365234375 0.46592450625000004 0.5205078125 0.46564978124999995 0.5615234375 0.46619923124999996 0.568359375 0.46784758281250005 0.5703125 0.593397034375 0.572265625
0 0.59861643125 0.6640625 0.6024625859375 0.66259765625 0.6038362125 0.65869140625 0.6038362125 0.59423828125 0.6024625859375 0.576171875 0.5315834640625 0.5712890625 0.47224280468749996 0.57177734375 0.46839665156250004 0.57275390625 0.46702302500000004 0.57568359375 0.4661988484375 0.59423828125 0.4661988484375 0.65673828125 0.4667483 0.66015625 0.46977027812500005 0.66259765625 0.59861643125 0.6640625
0 0.6019128484375 0.7587890625 0.604385375 0.75048828125 0.604385375 0.6708984375 0.603286475 0.66796875 0.59834141875 0.6669921875 0.4672974640625 0.66455078125 0.4653743859375 0.6669921875 0.46427548593749995 0.7119140625 0.4640007609375 0.75732421875 0.46702273749999995 0.7607421875 0.5961436171875001 0.7626953125 0.6019128484375 0.7587890625
0 0.6021874781250001 0.857421875 0.60493473125 0.85498046875 0.6046600062499999 0.77294921875 0.6032863796875 0.76611328125 0.4661984671875 0.7666015625 0.4631764890625 0.76953125 0.46097868750000004 0.849609375 0.46207758749999994 0.85546875 0.576912753125 0.85986328125 0.6021874781250001 0.857421875
0 0.4648252234375 0.572265625 0.4667483 0.5654296875 0.46784720156250004 0.4951171875 0.467572475 0.4853515625 0.4659241234375 0.482421875 0.3870779703125 0.47998046875 0.333231815625 0.4814453125 0.3315834640625 0.4853515625 0.32993511249999996 0.51220703125 0.3280120359375 0.5693359375 0.3310340140625 0.572265625 0.46152851874999995 0.57470703125 0.4648252234375 0.572265625
0 0.38927586718749996 0.66455078125 0.45988026406250004 0.6640625 0.4629022421875 0.6611328125 0.46372641718749996 0.64892578125 0.46427586718749997 0.578125 0.4631769671875 0.57275390625 0.46125388906250003 0.5712890625 0.32828685625 0.57275390625 0.3258143296875 0.57958984375 0.323891253125 0.6220703125 0.3230670765625 0.6572265625 0.323891253125 0.66015625 0.32691323125 0.66162109375 0.38927586718749996 0.66455078125
0 0.45960486874999995 0.75927734375 0.461802671875 0.7568359375 0.46235212187499997 0.75146484375 0.462901571875 0.67724609375 0.4607037703125 0.66845703125 0.4524620125 0.666015625 0.3255389359375 0.6669921875 0.3233411328125 0.67041015625 0.32141805625000003 0.720703125 0.32141805625000003 0.75146484375 0.32224223125 0.75634765625 0.32498948437499997 0.75927734375 0.45960486874999995 0.75927734375
0 0.4576822703125 0.859375 0.4607042484375 0.8505859375 0.46015479687500005 0.77294921875 0.459055896875 0.7666015625 0.4552097421875 0.76318359375 0.31867128125 0.76123046875 0.3170229296875 0.76318359375 0.315924028125 0.8095703125 0.315649303125 0.857421875 0.321418534375 0.86181640625 0.43185809375 0.86474609375 0.4576822703125 0.859375
0 0.1741658828125 0.3271484375 0.17334170625 0.29248046875 0.1716933546875 0.2900390625 0.1041109375 0.2978515625 0.09861643125 0.30029296875 0.09834170625000001 0.3359375 0.11839665156250001 0.3359375 0.1722428046875 0.3291015625 0.1741658828125 0.3271484375
0 0.1648260828125 0.34423828125 0.0947711375 0.34912109375 0.09202388593750001 0.3515625 0.090650259375 0.3583984375 0.09119970937500001 0.388671875 0.1672986109375 0.3828125 0.16757333593749998 0.34716796875 0.1648260828125 0.34423828125
0 0.1598804546875 0.421875 0.16097935624999998 0.41748046875 0.16180353125 0.3828125 0.158232103125 0.3818359375 0.08817715781249999 0.39404296875 0.08625408125 0.40185546875 0.0848804546875 0.43017578125 0.08570463125 0.43603515625 0.1571332015625 0.42333984375 0.1598804546875 0.421875
0 0.1829568046875 0.52783203125 0.2145502109375 0.5244140625 0.24806669375 0.5126953125 0.24696779375000003 0.4697265625 0.24504471562500002 0.462890625 0.18790185937499998 0.47314453125 0.1615282328125 0.47998046875 0.1585062546875 0.48291015625 0.157407353125 0.51416015625 0.16015460625 0.52392578125 0.162627134375 0.52587890625 0.1829568046875 0.52783203125
0 0.2411984671875 0.5712890625 0.24257209375 0.5205078125 0.24064901718749998 0.51708984375 0.23487978593749997 0.517578125 0.1689457203125 0.533203125 0.15548418125000002 0.5390625 0.15493473124999999 0.5830078125 0.15603363125 0.5849609375 0.2379017640625 0.57373046875 0.2411984671875 0.5712890625
0 0.1752641140625 0.6337890625 0.2477915875 0.62451171875 0.24586850937500002 0.58203125 0.24476960937499997 0.5771484375 0.24284653125000003 0.5751953125 0.1755388390625 0.5810546875 0.16317620156249998 0.5859375 0.1593300484375 0.59375 0.158231146875 0.626953125 0.1590553234375 0.63037109375 0.163725653125 0.63330078125 0.1752641140625 0.6337890625
0 0.2491655953125 0.68017578125 0.24779196875 0.6259765625 0.244769990625 0.6240234375 0.19834141875 0.6259765625 0.16702273750000002 0.6357421875 0.162627134375 0.63818359375 0.16042933125 0.64208984375 0.1585062546875 0.65869140625 0.1579568046875 0.6767578125 0.162627134375 0.6796875 0.21125350781250002 0.685546875 0.2491655953125 0.68017578125
0 0.25026392343750004 0.74072265625 0.25273645 0.73876953125 0.2535606265625 0.7353515625 0.2563078796875 0.68408203125 0.2543848015625 0.6826171875 0.18240677968750002 0.68798828125 0.167571615625 0.69140625 0.1645496375 0.69677734375 0.161802384375 0.732421875 0.161252934375 0.7431640625 0.1637254609375 0.74560546875 0.23158260468749997 0.74365234375 0.25026392343750004 0.74072265625
0 0.2406480609375 0.8037109375 0.2447689390625 0.79736328125 0.24614256562499998 0.7509765625 0.245318390625 0.74658203125 0.24312058749999998 0.744140625 0.214274434375 0.74267578125 0.1543843234375 0.7470703125 0.1543843234375 0.7939453125 0.155483225 0.7958984375 0.214274434375 0.8046875 0.2406480609375 0.8037109375
0 0.23982407656250002 0.8662109375 0.2403735265625 0.8603515625 0.2400988015625 0.80859375 0.23817572343750001 0.80517578125 0.1813075921875 0.80322265625 0.1686702296875 0.8046875 0.148065834375 0.81298828125 0.14476913125 0.83935546875 0.1442196796875 0.85205078125 0.1469669328125 0.8583984375 0.2379009984375 0.8681640625 0.23982407656250002 0.8662109375
0 0.2508149984375 0.4130859375 0.252188625 0.40966796875 0.2519139 0.4072265625 0.2477930203125 0.40478515625 0.2140018125 0.39306640625 0.18076005312500001 0.3857421875 0.1788369765625 0.38623046875 0.17746335 0.3916015625 0.17718862500000002 0.39990234375 0.1791117015625 0.40625 0.19861719687499998 0.41552734375 0.2508149984375 0.4130859375
0 0.1505447671875 0.5078125 0.15329201875 0.5 0.1442260859375 0.48095703125 0.13598432656249998 0.47705078125 0.07774256874999999 0.484375 0.0758194921875 0.4873046875 0.0711491625 0.50732421875 0.0711491625 0.51904296875 0.0851601515625 0.52099609375 0.14120410781249998 0.51220703125 0.1505447671875 0.5078125
0 0.150269659375 0.51806640625 0.0747202078125 0.52880859375 0.0741707578125 0.5732421875 0.150819109375 0.56640625 0.1519180109375 0.537109375 0.150269659375 0.51806640625
0 0.082412515625 0.6337890625 0.131863065625 0.62939453125 0.1521927359375 0.6259765625 0.1549399890625 0.62109375 0.1549399890625 0.57421875 0.1530169109375 0.572265625 0.1153795484375 0.57275390625 0.076368559375 0.5791015625 0.0653795484375 0.5830078125 0.06647845 0.6240234375 0.0678520765625 0.62939453125 0.0711487796875 0.6328125 0.082412515625 0.6337890625
0 0.15136865625 0.6845703125 0.155214809375 0.681640625 0.155489534375 0.63818359375 0.154665359375 0.63134765625 0.15274228125 0.6298828125 0.0697752484375 0.640625 0.067027996875 0.64208984375 0.06483019375 0.64892578125 0.0623576671875 0.6904296875 0.06400601875 0.6943359375 0.13021480937500002 0.6884765625 0.15136865625 0.6845703125
0 0.0793906328125 0.7470703125 0.14587414999999998 0.74658203125 0.1532917328125 0.7421875 0.1579620625 0.72998046875 0.1582367875 0.69384765625 0.155214809375 0.6884765625 0.1192257984375 0.68603515625 0.0755444796875 0.68896484375 0.0656543703125 0.693359375 0.0629071171875 0.69775390625 0.060984040625 0.70703125 0.060984040625 0.73974609375 0.0629071171875 0.7431640625 0.068401621875 0.7451171875 0.0793906328125 0.7470703125
0 0.14834686875 0.80126953125 0.14834686875 0.75341796875 0.138731484375 0.7470703125 0.1195007140625 0.74560546875 0.06016005625 0.751953125 0.0565886265625 0.75537109375 0.05466554999999999 0.767578125 0.053566648437499996 0.80224609375 0.055215 0.80517578125 0.1428523625 0.8056640625 0.14834686875 0.80126953125
0 0.1403792625 0.8623046875 0.143675965625 0.859375 0.1458737671875 0.81103515625 0.1420276140625 0.80712890625 0.07746717343750001 0.80322265625 0.054390251562500005 0.80419921875 0.050269371875 0.80712890625 0.051917723437499994 0.8603515625 0.05329135 0.86376953125 0.10274190000000001 0.8642578125 0.1403792625 0.8623046875
0 0.15521509687499999 0.458984375 0.1634568546875 0.42919921875 0.0862590515625 0.4375 0.081313996875 0.43994140625 0.081313996875 0.466796875 0.08406125 0.46875 0.13406125 0.46630859375 0.15521509687499999 0.458984375
0 0.24917094843749998 0.453125 0.2516434765625 0.451171875 0.25576435625 0.43115234375 0.25521490468749997 0.42431640625 0.253566553125 0.42138671875 0.24147864062500002 0.419921875 0.1898302890625 0.42431640625 0.165654465625 0.4296875 0.1651050140625 0.46044921875 0.1673028171875 0.4677734375 0.2024676515625 0.46337890625 0.24917094843749998 0.453125