0 0.65859375 0.13203125 0.15 0.1609375
0 0.7046875 0.25859375 0.1515625 0.153125
0 0.74765625 0.3796875 0.140625 0.15
0 0.78984375 0.49609375 0.1453125 0.14375
0 0.8265625 0.60625 0.13125 0.1359375
0 0.86171875 0.71171875 0.13125 0.1296875
0 0.76015625 0.75 0.13125 0.13125
0 0.7234375 0.64375 0.1359375 0.1328125
0 0.68046875 0.534375 0.1375 0.1390625
0 0.63984375 0.4171875 0.1484375 0.15
0 0.5953125 0.30078125 0.14375 0.146875
0 0.55 0.175 0.1546875 0.1609375
0 0.45390625 0.353125 0.153125 0.1609375
0 0.50859375 0.47578125 0.15 0.1546875
0 0.5578125 0.5953125 0.146875 0.15
0 0.6015625 0.71015625 0.140625 0.14375
0 0.64921875 0.81484375 0.1359375 0.134375
0 0.54453125 0.85625 0.1375 0.1359375
0 0.49921875 0.746875 0.1390625 0.140625
0 0.45234375 0.63671875 0.1375 0.1375
0 0.40390625 0.52265625 0.1421875 0.1515625
0 0.34609375 0.40390625 0.146875 0.1484375
0 0.29296875 0.2796875 0.1484375 0.1515625
0 0.1796875 0.315625 0.1515625 0.159375
0 0.234375 0.4421875 0.146875 0.159375
0 0.29375 0.559375 0.140625 0.1390625
0 0.34375 0.67265625 0.1359375 0.1453125
0 0.39765625 0.78828125 0.140625 0.1421875
0 0.44375 0.8953125 0.1296875 0.13125
0 0.31875 0.9390625 0.13125 0.121875
0 0.271875 0.84140625 0.13125 0.1375
0 0.2140625 0.7328125 0.1453125 0.146875
0 0.15859375 0.61640625 0.1359375 0.1515625
0 0.10546875 0.50703125 0.134375 0.1375
0 0.21796875 0.959375 0.1234375 0.08125
0 0.16796875 0.8828125 0.1296875 0.1375
0 0.1171875 0.77109375 0.121875 0.134375
0 0.06640625 0.65703125 0.11875 0.1421875
0 0.03125 0.53046875 0.0625 0.1453125
0 0.85390625 0.32421875 0.14375 0.153125
0 0.88828125 0.446875 0.14375 0.14375
0 0.93125 0.5625 0.134375 0.14375
0 0.946875 0.671875 0.10625 0.13125
0 1 0.402809846875 0.900166721875 0.1557138125 0.8625413015625 0.173768015625 1 0.594645575 1 0.402809846875