0 0.9894302109374999 0.49568394375 0.8393962875 0.5061753375 0.8406448859375001 0.509181984375 0.8403716781250001 0.6030511328125 0.98708680625 0.5948544171875 0.9894302109374999 0.49568394375
0 0.9838764328125 0.6982108218749999 0.986363365625 0.60109291875 0.8412527781250001 0.6174279515625 0.8432189703124999 0.7101091578125 0.9838764328125 0.6982108218749999
0 0.9825437484374999 0.795248015625 0.9841635 0.70231605625 0.8390523015625 0.7104005203125 0.8410191046875 0.8113322937499999 0.9825437484374999 0.795248015625
0 0.9746086015625 0.79786559375 0.8385672828124999 0.8094410421875 0.839444896875 0.8155675859375 0.8412768328125001 0.8979450546875001 0.9760203671875001 0.8843976546875 0.9746086015625 0.79786559375
0 0.42109375 0.50703125 0.0984375 0.2234375
0 0.440625 0.69375 0.0875 0.140625
0 0.453125 0.828125 0.0875 0.1421875
0 0.35390625 0.6875 0.090625 0.153125
0 0.36875 0.828125 0.0859375 0.1359375
0 0.21321641093750002 0.28878065625 0.09203505468749999 0.2972544828125 0.0937844296875 0.30254653125000003 0.1076748921875 0.43384185468750003 0.22550155156249999 0.4271496375 0.21321641093750002 0.28878065625
0 0.2404954171875 0.5545003109375 0.225174184375 0.43490737343749997 0.11532450624999999 0.4425888109375 0.128835503125 0.5623083328125 0.2404954171875 0.5545003109375
0 0.2572205015625 0.6817299953125 0.24741570156249998 0.566392246875 0.129885603125 0.57615770625 0.142205965625 0.6913195515624999 0.2572205015625 0.6817299953125
0 0.2726494609375 0.80286235625 0.26003254375 0.6846273390625 0.143800809375 0.700489896875 0.156661590625 0.81097301875 0.2726494609375 0.80286235625
0 0.270268021875 0.80612293125 0.1608774859375 0.8215071078125 0.16161275 0.8245496015624999 0.1699287390625 0.92606865625 0.28040017968750003 0.9137028062500001 0.270268021875 0.80612293125
0 0.1549260453125 0.8234702984375 0.03460595625 0.844259678125 0.0378860828125 0.8471242171875 0.055340389062499995 0.95419221875 0.1640806125 0.9419474265625001 0.1549260453125 0.8234702984375
0 0.1394971609375 0.7023378640625 0.0199349546875 0.721527290625 0.021534528125 0.7252828609375 0.0386153078125 0.826962603125 0.15168341093749999 0.814415175 0.1394971609375 0.7023378640625