0 0.63828125 0.2046875 0.1796875 0.190625
0 0.759375 0.2578125 0.175 0.1859375
0 0.87265625 0.3171875 0.1734375 0.1890625
0 0.57578125 0.33515625 0.175 0.184375
0 0.69140625 0.39140625 0.1671875 0.18125
0 0.8 0.45 0.1578125 0.1609375
0 0.51484375 0.45390625 0.171875 0.1796875
0 0.625 0.51796875 0.1671875 0.171875
0 0.73359375 0.57578125 0.1609375 0.165625
0 0.44921875 0.5796875 0.1625 0.165625
0 0.5578125 0.640625 0.15625 0.159375
0 0.6703125 0.69453125 0.15625 0.171875
0 0.39453125 0.696875 0.1578125 0.1546875
0 0.4984375 0.75078125 0.165625 0.1671875
0 0.60078125 0.80234375 0.1484375 0.1515625
0 0.54453125 0.89921875 0.1484375 0.1484375
0 0.33515625 0.80703125 0.1515625 0.1484375
0 0.43671875 0.859375 0.14375 0.1453125
0 0.37991300625 0.3051536375 0.44453953593750006 0.1774001015625 0.33244685 0.1158635875 0.268025578125 0.2574477484375 0.37991300625 0.3051536375
0 0.31578188749999997 0.65832920625 0.407750128125 0.4697663671875 0.33329596562499997 0.43929673593749996 0.251812428125 0.6216369890625 0.31578188749999997 0.65832920625
0 0.38257438593750004 0.3091977390625 0.26715290625 0.25290292187499996 0.22124757343749998 0.36919167656249996 0.3327163234375 0.4304238765625 0.38257438593750004 0.3091977390625
0 0.280236121875 0.558609290625 0.32930452187500003 0.43425195156249996 0.22116053125000001 0.3883718578125 0.173051790625 0.49809371249999995 0.280236121875 0.558609290625
0 0.2359972890625 0.66198023125 0.2789054796875 0.5565872625 0.170362446875 0.5040549265625 0.12598157968749998 0.6151872421875 0.2359972890625 0.66198023125
0 0.1737440921875 0.7785338859375 0.2253474953125 0.6663974031250001 0.1155117796875 0.6283965609375 0.0688024609375 0.7355887203125 0.1737440921875 0.7785338859375
0 0.169971678125 0.507575790625 0.2228664328125 0.386457821875 0.1033928734375 0.3443352890625 0.05987310781250001 0.45936935468750006 0.169971678125 0.507575790625
0 0.21371722499999998 0.3751301984375 0.2607874359375 0.25803666718749996 0.155438678125 0.19802189375 0.1059877859375 0.3363175546875 0.21371722499999998 0.3751301984375
0 0.268025578125 0.2574477484375 0.32745563125 0.11342920781250002 0.2049858984375 0.0607917265625 0.1524817953125 0.188735796875 0.268025578125 0.2574477484375
0 0.23218912656250001 0 0.2098308171875 0.050567579687499996 0.32708052187500003 0.1173654515625 0.3780249015625 0 0.23218912656250001 0
0 0.120196478125 0.6302153703125 0.164854084375 0.5133181640625 0.052186381250000004 0.45328452343750003 0.0009880890625 0.5816848718750001 0.120196478125 0.6302153703125
0 0 0.70490894375 0.0679298859375 0.731043940625 0.11558046562499999 0.62384479375 0.003369934375 0.5771352828125 0 0.5861733359375 0 0.70490894375