0 0.8228695546875 0.186281275 0.8048693046875 0.1526052546875 0.7292090875 0.18094644843750002 0.7469839281249999 0.22113671406250002 0.8228695546875 0.186281275
0 0.8493371640625 0.2322220953125 0.8297481 0.1949775375 0.75536805625 0.22916264687500001 0.7733641109375 0.2639095171875 0.8493371640625 0.2322220953125
0 0.8748439015624999 0.26790091718750003 0.8548576328124999 0.229764225 0.780268275 0.2661804890625 0.798561071875 0.301864221875 0.8748439015624999 0.26790091718750003
0 0.806255446875 0.3069903109375 0.8237324125000001 0.3462442171875 0.89731805 0.3102748375 0.8801336296875 0.27302864375 0.806255446875 0.3069903109375
0 0.9298079875 0.3535343453125 0.90844221875 0.3095979625 0.8312603234375 0.342892575 0.8512440578125 0.3820993765625 0.9298079875 0.3535343453125
0 0.9550839859375 0.39679876406250003 0.9347219375 0.3524154953125 0.8589388703124999 0.387225271875 0.87740023125 0.43031681875 0.9550839859375 0.39679876406250003
0 0.98125905 0.4407318734375 0.960875403125 0.40170312499999994 0.8802235062499999 0.425852875 0.902381759375 0.4726433640625 0.98125905 0.4407318734375
0 1 0.47593946249999997 0.9825337187500001 0.44764721874999996 0.9074855234375001 0.4735779640625 0.92604944375 0.51662385 1 0.4923366921875 1 0.47593946249999997
0 1 0.49458377656249997 0.9342671031249999 0.516172053125 0.9549216984375001 0.562563034375 1 0.5492907390624999 1 0.49458377656249997
0 1 0.5503570265625 0.9601281953124999 0.56345189375 0.9810738515624999 0.612920228125 1 0.6073513140625 1 0.5503570265625
0 1 0.6554919765625 0.98117999375 0.610735009375 0.9025602046874999 0.6500147171874999 0.9262200875 0.69934358125 1 0.66021900625 1 0.6554919765625
0 0.9799883828124999 0.60805860625 0.955632875 0.5601084359375 0.8774315359375 0.594925915625 0.9012794828124999 0.6473779890625 0.9799883828124999 0.60805860625
0 0.8499973515624999 0.5430015578125 0.8745425843750001 0.5940741984375 0.9518273031250001 0.559664825 0.9264678953125 0.51216161875 0.8499973515624999 0.5430015578125
0 0.9225364171875 0.51818795 0.8973649015625 0.47380803125000004 0.8258757296875 0.508844003125 0.845249865625 0.5525981390625 0.9225364171875 0.51818795
0 0.895693028125 0.46600055156250003 0.8759374984375 0.4202782625 0.80202199375 0.46067043124999996 0.823299003125 0.5046463328125 0.895693028125 0.46600055156250003
0 0.869644046875 0.415597421875 0.8497624343749999 0.376345153125 0.7784551890625 0.41878299218750004 0.8001349296875 0.45937264375 0.869644046875 0.415597421875
0 0.8385336078125001 0.37813760625000004 0.8167706359375 0.3333090890625 0.7491700078125 0.3730276546875 0.7689414343750001 0.41767388437499997 0.8385336078125001 0.37813760625000004
0 0.818651996875 0.3388853375 0.80046385625 0.302086028125 0.7340760015625001 0.3391266703125 0.7519663296875 0.3781965359375 0.818651996875 0.3388853375
0 0.7070798421875 0.3030420015625 0.7257698421875001 0.33961786875 0.7951527031250001 0.30231274375 0.769436478125 0.2688651546875 0.7070798421875 0.3030420015625
0 0.7650245625000001 0.269760484375 0.7441392296875 0.2309551015625 0.6815345609375 0.273794225 0.702772234375 0.3028219109375 0.7650245625000001 0.269760484375
0 0.6624002046874999 0.25131294843749996 0.6419953078125 0.21763856406249998 0.5792716609374999 0.2615996421875 0.5987660859374999 0.304231240625 0.6624002046874999 0.25131294843749996
0 0.693405984375 0.2898883421875 0.6706178656249999 0.2508611515625 0.608960709375 0.303968225 0.6294793203125 0.340798921875 0.693405984375 0.2898883421875
0 0.7199164421875001 0.325120278125 0.6969404328125 0.2829698 0.6335156296875 0.3336569375 0.6523636500000001 0.374438371875 0.7199164421875001 0.325120278125
0 0.7456943015624999 0.368161253125 0.7243071078125001 0.3295793125 0.6579972203125 0.3751370875 0.6756542421875 0.413241846875 0.7456943015624999 0.368161253125
0 0.771053534375 0.4156645359375 0.7512765781249999 0.37529669062500004 0.6795723031249999 0.41684231718750003 0.7026024640624999 0.46431358906250003 0.771053534375 0.4156645359375
0 0.7922314125 0.45647763281250003 0.7737507265625 0.4176706109375 0.7040324703125 0.463676909375 0.7218989812500001 0.49955043593750004 0.7922314125 0.45647763281250003
0 0.8180092734375 0.4995186078125 0.79495003125 0.4531292640625 0.7233289890625 0.49891375625 0.7455643046875 0.5446009546874999 0.8180092734375 0.4995186078125
0 0.844560115625 0.54969829375 0.8215008750000001 0.50330895 0.7499844890625 0.5479778640624999 0.7704217625 0.5923276421875 0.844560115625 0.54969829375
0 0.8708184125 0.59787026875 0.8482610296875001 0.5512574828125001 0.7733577015625 0.5910204765625 0.794986325 0.6380467734375 0.8708184125 0.59787026875
0 0.9015720296874999 0.6493857000000001 0.8756277046875001 0.5978669953125 0.7984243859375 0.63651605 0.8200612796875 0.6878145859375 0.9015720296874999 0.6493857000000001
0 0.92561356875 0.7006826 0.8992720406249999 0.648271759375 0.8215668624999999 0.6871442578125 0.8455783562500001 0.739523515625 0.92561356875 0.7006826
0 0.8441860515625 0.7433503515625 0.8189529015625 0.6893770484374999 0.73909090625 0.731347784375 0.7621734390625 0.7820026796875 0.8441860515625 0.7433503515625
0 0.8155445312499999 0.6898255718749999 0.7926946046875 0.641205075 0.7195242265624999 0.68874835625 0.7376300390625 0.7309292234375 0.8155445312499999 0.6898255718749999
0 0.7889936890625 0.6396458859374999 0.7691335015625 0.5950391734375 0.69788803125 0.6374495078125 0.71557451875 0.68409299375 0.7889936890625 0.6396458859374999
0 0.770032565625 0.595707865625 0.7488761109375 0.549540328125 0.6754353953125001 0.5897211062500001 0.6970320234375 0.6356926656249999 0.770032565625 0.595707865625
0 0.7476012671875 0.5426250593749999 0.72792896875 0.5011416359374999 0.6548854562499999 0.5422145484375 0.676272771875 0.5904172625 0.7476012671875 0.5426250593749999
0 0.7197113078124999 0.5015934328125 0.6978436765625 0.45788049218750004 0.6271004171875 0.500067228125 0.647505171875 0.5433625015625 0.7197113078124999 0.5015934328125
0 0.69773901875 0.45899606875 0.676185359375 0.411936396875 0.60742829375 0.4585837265625 0.6257421984375 0.498533984375 0.69773901875 0.45899606875
0 0.6728816484375 0.4112693421875 0.6498224078125 0.3648799984375 0.5857910859375 0.41690615624999994 0.6027661906249999 0.45638350625 0.6728816484375 0.4112693421875
0 0.6449916906250001 0.37023771562499996 0.6288728031249999 0.34213794218750004 0.5646543421875 0.38141965 0.5802706171875001 0.41936402812500007 0.6449916906250001 0.37023771562499996
0 0.479334803125 0.4546827203125 0.498505240625 0.49638958750000006 0.5721123 0.455065765625 0.5522308640625 0.41581341875 0.479334803125 0.4546827203125
0 0.590759628125 0.5023504390625 0.5733871453125 0.46198103437500004 0.5000940546875 0.4999581234375 0.5157728921875 0.537874646875 0.590759628125 0.5023504390625
0 0.6132954093749999 0.554317746875 0.5943557109375 0.5050252828125 0.5218570296875 0.544786640625 0.543242190625 0.5940592953125 0.6132954093749999 0.554317746875
0 0.6339285796875 0.60606316875 0.6156786328125 0.5596705515625 0.5452920515625 0.5974225609375 0.5610942375 0.6395600890625001 0.6339285796875 0.60606316875
0 0.6592879875000001 0.653566375 0.6400341421875 0.6076207203124999 0.5625384515625 0.6442619859375001 0.5793040671874999 0.6859705671875 0.6592879875000001 0.653566375
0 0.678018196875 0.70509006875 0.6599775640625001 0.656466296875 0.582349546875 0.6931664796875 0.60453739375 0.7399437921875001 0.678018196875 0.70509006875
0 0.70285414375 0.7581712375 0.6839144453125 0.708878775 0.604328078125 0.742174946875 0.6234138687499999 0.789264403125 0.70285414375 0.7581712375
0 0.7267077937499999 0.8063448484375 0.70615785625 0.7588382921875 0.6265713140625 0.7921345421875 0.6420408359375 0.83228221875 0.7267077937499999 0.8063448484375
0 0.4856472140625 0.47966575312500004 0.468588878125 0.4359495390625 0.39270937031250003 0.47614715625 0.41082711875 0.5236676140625 0.4856472140625 0.47966575312500004
0 0.50870645625 0.526055096875 0.4873621109375 0.4767642703125 0.41214481249999996 0.519873996875 0.42732676875 0.5633566484375 0.50870645625 0.526055096875
0 0.5327695953125 0.5719974765625 0.512512028125 0.5264987078125001 0.4298929 0.5664900562499999 0.44628675624999997 0.607295175 0.5327695953125 0.5719974765625
0 0.5552839515625 0.6293192249999999 0.5330405421875 0.5793597078125 0.45142557187500004 0.6189039765625 0.473982953125 0.6655167625 0.5552839515625 0.6293192249999999
0 0.5753320296875 0.677049225 0.55626625 0.63422678125 0.47414898125000005 0.6739946875 0.49284160625 0.7159142890625 0.5753320296875 0.677049225
0 0.597763765625 0.7301318359375 0.5778199093749999 0.681286453125 0.49699890937499996 0.722615184375 0.5142669984375 0.7641000515624999 0.597763765625 0.7301318359375
0 0.6209890375 0.7849991046875 0.6000633203125 0.7312459703124999 0.5140358234375 0.7716858421875 0.5334998578125 0.8207448546875 0.6209890375 0.7849991046875
0 0.6402212828125 0.836299278125 0.6230582890624999 0.793698640625 0.536362465625 0.825884225 0.5568511234375 0.8691421421875001 0.6402212828125 0.836299278125
0 0.6547308562499999 0.640629609375 0.684528528125 0.6305697734375 0.6199510453125 0.49362950625 0.5937201375 0.5021013171875001 0.6547308562499999 0.640629609375
0 0.6607317609375001 0.6433027390625 0.7282352375000001 0.8003198843750001 0.7575306109375 0.7904836859375 0.68822944375 0.6321289625000001 0.6607317609375001 0.6433027390625
0 0.428430340625 0.5564514234375 0.4115598921875 0.515858496875 0.3359076 0.553816990625 0.35381955781249996 0.5982221296875 0.428430340625 0.5564514234375
0 0.44644955 0.6104296359375 0.4264014734375 0.5626996359375 0.358000909375 0.6049123171875 0.37426483906249997 0.6468442640625 0.44644955 0.6104296359375
0 0.46980133906250005 0.658826690625 0.447453271875 0.60998275 0.37323969375 0.6526455906249999 0.391991503125 0.698814765625 0.46980133906250005 0.658826690625
0 0.491730778125 0.7121329390625 0.46768923906250004 0.6608360390625 0.3921793921875 0.7019380546875 0.4135670875 0.7512095796875 0.491730778125 0.7121329390625
0 0.5135555609375 0.7665547640625 0.4894093640625 0.7163734421875 0.410198603125 0.7559162671874999 0.4329865234375 0.8056333531250001 0.5135555609375 0.7665547640625
0 0.5273719953125 0.8191972328125001 0.5117360078125001 0.7705718234375001 0.4317308390625 0.80833038125 0.4479322375 0.8513591484375 0.5273719953125 0.8191972328125001
0 0.5519153953125 0.8702706890625 0.535066371875 0.8243233218749999 0.45200805937500005 0.8591653031250001 0.47032141093749996 0.9044607093750001 0.5519153953125 0.8702706890625
0 0.4365376671875 0.8339837421875 0.419396096875 0.7860286624999999 0.348829315625 0.8259988640625 0.368158528125 0.8708419812500001 0.4365376671875 0.8339837421875
0 0.488526046875 0.9872188468750001 0.4303892578125 0.843135075 0.40678038125000004 0.858991328125 0.4643320765625 0.999059678125 0.488526046875 0.9872188468750001
0 0.4453060015625 1 0.3961770328125 0.8797469546875 0.37509888281250003 0.8891315515624999 0.419462121875 1 0.4453060015625 1
0 0.259452496875 0.819825815625 0.2803164046875 0.8639856421875001 0.345496490625 0.825344771875 0.32677423125 0.7791624406250001 0.259452496875 0.819825815625
0 0.363851096875 0.8706218124999999 0.34658344531249996 0.8291367515625 0.2765108328125 0.8635420312500001 0.29559332656250004 0.9063570328124999 0.363851096875 0.8706218124999999
0 0.3827693703125 0.9252687171874999 0.362533403125 0.8744154296875 0.2976672890625 0.90970956875 0.3115205515625 0.9569907359375 0.3827693703125 0.9252687171874999
0 0.3492458140625 1 0.40392582812500005 0.9714362546875 0.385278675 0.9241515031249999 0.3157079234375 0.9583333390625001 0.3317175515625 1 0.3492458140625 1
0 0.4177538515625 1 0.4072295375 0.972103309375 0.3537696921875 1 0.4177538515625 1