0 0.72109375 0.8078125 0.096875 0.1703125
0 0.75859375 0.63828125 0.0984375 0.175
0 0.6328125 0.8015625 0.1046875 0.1703125
0 0.671875 0.6296875 0.1046875 0.1703125
0 0.709375 0.44765625 0.1125 0.1875
0 0.8 0.453125 0.1140625 0.1859375
0 0.61640625 0.42890625 0.1203125 0.2
0 0.5796875 0.6109375 0.1078125 0.184375
0 0.5390625 0.78515625 0.1046875 0.175
0 0.29140625 0.7625 0.1140625 0.1765625
0 0.7649634640625 0.905611284375 0.8782693109374999 0.9255901609375 0.9135121578125001 0.784468575 0.791867053125 0.7660887875 0.7649634640625 0.905611284375
0 0.910654815625 0.7778257703125 0.9491468 0.6280686656250001 0.828400865625 0.6100806921874999 0.796790778125 0.75774846875 0.910654815625 0.7778257703125
0 0.9493970953125 0.616857915625 0.9986374796874999 0.396351346875 0.9073410859375001 0.38536915625 0.858508465625 0.6025949578125 0.9493970953125 0.616857915625
0 0.2342801765625 0.8406861671874999 0.25526976874999996 0.669425909375 0.1700134828125 0.650300246875 0.147947425 0.820196934375 0.2342801765625 0.8406861671874999
0 0.43189967500000004 0.29437376406250004 0.360105578125 0.28376094375 0.3374134953125 0.43138585 0.4039794453125 0.442925503125 0.43189967500000004 0.29437376406250004
0 0.6696574 0.340608653125 0.676810575 0.301321546875 0.604236715625 0.287721875 0.5981950484375 0.3219858703125 0.6696574 0.340608653125
0 0.6796220046875 0.2917805421875 0.68700725625 0.25373879375 0.6138058828124999 0.2360137484375 0.6078316671875 0.274163709375 0.6796220046875 0.2917805421875
0 0.6895832093750001 0.2493753359375 0.696285346875 0.20880429375 0.6233682109375 0.1971514421875 0.6174059875 0.23267726249999998 0.6895832093750001 0.2493753359375
0 0.8506479046875001 0.3604780953125 0.8579219296874999 0.32562845625 0.7866229375 0.3086403453125 0.7820658500000001 0.3430402453125 0.8506479046875001 0.3604780953125
0 0.8578436578125 0.3183881921875 0.8637774921875 0.2808934609375 0.7949110609375001 0.26698838125 0.788760871875 0.3041996859375 0.8578436578125 0.3183881921875
0 0 0.8030419015625 0.0438544125 0.81351838125 0.0618732640625 0.6608003874999999 0 0.6553661578125001 0 0.8030419015625