0 0.5984375 0.090625 0.07734375 0.0796875
0 0.6828125 0.19140625 0.07578125 0.0859375
0 0.690625 0.284375 0.0765625 0.084375
0 0.69765625 0.3796875 0.07890625 0.090625
0 0.7015625 0.48515625 0.08203125 0.09453125
0 0.709375 0.5859375 0.08515625 0.09765625
0 0.7140625 0.69375 0.08359375 0.1
0 0.7203125 0.80390625 0.090625 0.1015625
0 0.625 0.803125 0.09609375 0.1046875
0 0.62109375 0.69375 0.09140625 0.10078125
0 0.61640625 0.58515625 0.0875 0.09765625
0 0.61015625 0.48203125 0.0890625 0.096875
0 0.6078125 0.3796875 0.0859375 0.090625
0 0.6046875 0.2828125 0.08046875 0.08203125
0 0.5984375 0.19140625 0.08046875 0.08984375
0 0.5125 0.190625 0.08359375 0.0828125
0 0.51640625 0.2828125 0.08125 0.0890625
0 0.51640625 0.38046875 0.08671875 0.09296875
0 0.5203125 0.48046875 0.08515625 0.09375
0 0.521875 0.58515625 0.09140625 0.1
0 0.525 0.6921875 0.09375 0.103125
0 0.52734375 0.80546875 0.096875 0.1078125
0 0.8078125 0.146875 0.06640625 0.075
0 0.81640625 0.23359375 0.0671875 0.078125
0 0.82421875 0.31875 0.0671875 0.08125
0 0.83515625 0.40703125 0.07109375 0.0859375
0 0.8453125 0.5015625 0.07265625 0.09296875
0 0.85625 0.59765625 0.07421875 0.0953125
0 0.8640625 0.69609375 0.07578125 0.096875
0 0.8734375 0.80546875 0.07578125 0.0953125
0 0.88203125 0.16328125 0.06015625 0.075
0 0.89609375 0.24375 0.06328125 0.0796875
0 0.90546875 0.3296875 0.0625 0.078125
0 0.91484375 0.42109375 0.059375 0.0875
0 0.9296875 0.51015625 0.071875 0.0828125
0 0.94140625 0.61015625 0.0671875 0.090625
0 0.95078125 0.70625 0.07578125 0.09375
0 0.95625 0.159375 0.065625 0.0765625
0 0.96875 0.23984375 0.0625 0.08671875
0 0.96015625 0.80546875 0.0796875 0.0921875