0 0.0765625 0.32265625 0.153125 0.1859375
0 0.0734375 0.4890625 0.146875 0.246875
0 0.12578125 0.6671875 0.228125 0.2390625
0 0.21953125 0.84765625 0.2296875 0.2453125
0 0.31015625 0.95234375 0.2203125 0.0953125
0 0.16953125 0.41796875 0.225 0.246875
0 0.25859375 0.59375 0.21875 0.240625
0 0.3515625 0.77578125 0.21875 0.24375
0 0.44140625 0.9171875 0.2109375 0.165625
0 0.31015625 0.36171875 0.2171875 0.2375
0 0.39609375 0.528125 0.2203125 0.2421875
0 0.484375 0.703125 0.215625 0.234375
0 0.5734375 0.88046875 0.196875 0.2109375
0 0.43203125 0.296875 0.20625 0.23125
0 0.521875 0.4625 0.215625 0.2375
0 0.61171875 0.640625 0.209375 0.2328125
0 0.69296875 0.80703125 0.20625 0.228125
0 0.815625 0.73515625 0.203125 0.21875
0 0.7328125 0.56796875 0.2078125 0.23125
0 0.6421875 0.40078125 0.203125 0.221875
0 0.55390625 0.2234375 0.209375 0.23125
0 0.6828125 0.16875 0.20625 0.2265625
0 0.7671875 0.33515625 0.2015625 0.221875
0 0.85546875 0.50546875 0.20625 0.23125
0 0.9171875 0.6734375 0.165625 0.225