0 0.15703125 0.66328125 0.2703125 0.4125
0 0.3171875 0.74375 0.209375 0.303125
0 0.37265625 0.51796875 0.1609375 0.2078125
0 0.41640625 0.33203125 0.1625 0.228125
0 0.5265625 0.4421875 0.1578125 0.2203125
0 0.484375 0.63203125 0.1578125 0.2203125
0 0.446875 0.81875 0.1671875 0.1984375
0 0.71484375 0.421875 0.1296875 0.1515625
0 0.59921875 0.88828125 0.121875 0.1390625
0 0.62734375 0.77578125 0.125 0.1328125
0 0.65390625 0.66328125 0.128125 0.1515625
0 0.68515625 0.540625 0.125 0.14375
0 0.78984375 0.5640625 0.121875 0.140625
0 0.75546875 0.68984375 0.128125 0.1453125
0 0.72734375 0.7984375 0.1234375 0.1328125
0 0.69375 0.9140625 0.1203125 0.140625