0 0.9125 0.28828125 0.128125 0.171875
0 0.915625 0.47578125 0.1234375 0.1796875
0 0.915625 0.66953125 0.12421875 0.16875
0 0.91015625 0.85546875 0.12421875 0.17890625
0 0.77578125 0.859375 0.134375 0.17890625
0 0.77890625 0.66875 0.13515625 0.18828125
0 0.60078125 0.46796875 0.20390625 0.17578125
0 0.60546875 0.66953125 0.203125 0.18203125
0 0.6046875 0.86796875 0.20078125 0.1953125
0 0.47578125 0.784375 0.03515625 0.34609375
0 0.3578125 0.7375 0.18125 0.43828125
0 0.20390625 0.91640625 0.10703125 0.115625
0 0.20234375 0.7890625 0.1078125 0.1203125
0 0.196875 0.6609375 0.11015625 0.12578125
0 0.1984375 0.53046875 0.1125 0.11953125
0 0.196875 0.39921875 0.11015625 0.128125
0 0.19453125 0.26640625 0.11171875 0.11953125
0 0.08046875 0.403125 0.11171875 0.12421875
0 0.08203125 0.53359375 0.1109375 0.12421875
0 0.08125 0.66640625 0.11484375 0.1265625
0 0.084375 0.79609375 0.1125 0.11796875
0 0.08828125 0.928125 0.1109375 0.1265625