0 0.5484375 0.47109375 0.0421875 0.1796875
0 0.5921875 0.46640625 0.03984375 0.17421875
0 0.63828125 0.4625 0.04375 0.18125
0 0.68203125 0.4609375 0.040625 0.17265625
0 0.61484375 0.66484375 0.1734375 0.19296875
0 0.61328125 0.87109375 0.1734375 0.18828125
0 0.43046875 0.61796875 0.13359375 0.1578125
0 0.43203125 0.78515625 0.12890625 0.15625
0 0.30390625 0.91015625 0.071875 0.06328125
0 0.090625 0.35625 0.0546875 0.1625
0 0.1640625 0.5671875 0.196875 0.2375
0 0.165625 0.815625 0.18984375 0.24375