0 0.4296875 0.22890625 0.1921875 0.153125
0 0.475 0.33359375 0.1890625 0.1484375
0 0.515625 0.44140625 0.1859375 0.146875
0 0.55390625 0.54140625 0.18125 0.1421875
0 0.58671875 0.63671875 0.178125 0.1421875
0 0.6234375 0.72890625 0.175 0.1328125
0 0.65546875 0.81875 0.1671875 0.1265625
0 0.2265625 0.38671875 0.0015625 0.0015625
0 0.315625 0.3984375 0.190625 0.15
0 0.4493456875 0.5108487546875 0.41357125000000006 0.4254011828125 0.262730378125 0.4912379765625 0.298586853125 0.5713644718750001 0.4493456875 0.5108487546875
0 0.489133140625 0.610624690625 0.45598213125 0.52813728125 0.3113013546875 0.5916094359375 0.34464917968750003 0.6700540890625 0.489133140625 0.610624690625
0 0.49031721875 0.6233942171875 0.3462756828125 0.68397616875 0.3481106296875 0.684594178125 0.3771833859375 0.7567454703125 0.521698496875 0.7012713171875 0.49031721875 0.6233942171875
0 0.5274500953125 0.7162547421875 0.3872968765625 0.7753441671875 0.3885009875 0.7781878734375 0.4195630578125 0.85552634375 0.5606011625 0.7987421265625 0.5274500953125 0.7162547421875
0 0.5656734812499999 0.8100190984375001 0.426137084375 0.8649044234375 0.424291809375 0.865612759375 0.4528885265625 0.9326572609375001 0.594400240625 0.8809807656249999 0.5656734812499999 0.8100190984375001
0 0.25792725 0.4983713703125 0.095945909375 0.564517384375 0.10015536875 0.57348069375 0.13669910937500002 0.6493761703125001 0.2939384640625 0.5863728140625 0.25792725 0.4983713703125
0 0.33440513437499997 0.689855225 0.29689219375000003 0.6037526203125 0.1470442484375 0.6665634421875 0.1827614359375 0.7480657875000001 0.33440513437499997 0.689855225
0 0.37784411093750003 0.7855847093749999 0.33947751406250004 0.7011321749999999 0.189379565625 0.7594105375 0.2250787484375 0.8389361921875 0.37784411093750003 0.7855847093749999
0 0.41579947500000003 0.8728398640625 0.3804986890625 0.7925001203125001 0.232332553125 0.848053328125 0.267601671875 0.92840535 0.41579947500000003 0.8728398640625
0 0.34177175000000004 1 0.45505101718749996 0.9595975828125001 0.4232272375 0.880567903125 0.27329460625 0.9315095609374999 0.2745869515625 0.9349806812500001 0.303961534375 1 0.34177175000000004 1
0 0.6483074671875 0.1885078546875 0.6019332359375 0.05026593124999999 0.4814014453125 0.0958725296875 0.5303623859375 0.2337827296875 0.6483074671875 0.1885078546875
0 0.5388296687499999 0.24838486093749998 0.579029646875 0.360565275 0.7000717265625 0.3233583625 0.654613628125 0.1913767921875 0.5316584671875 0.23328521093750001 0.535640334375 0.243658328125 0.5388296687499999 0.24838486093749998
0 0.665625 0.4125 0.15625 0.1609375
0 0.7819963140625 0.5735819203125 0.7409936546875 0.457081265625 0.633113140625 0.4998150953125 0.6713542015625 0.6107638625 0.7819963140625 0.5735819203125
0 0.788776046875 0.5815586546875 0.676426503125 0.6220407812500001 0.67797809375 0.625412384375 0.7152171078125 0.732778659375 0.826064865625 0.694195396875 0.788776046875 0.5815586546875
0 0.8618519171875001 0.8087308734375 0.8243887000000001 0.7014507812499999 0.717225059375 0.7392810062499999 0.756425415625 0.8478779953125001 0.8618519171875001 0.8087308734375
0 0.8135117046874999 0.2837800375 0.77344349375 0.1484070421875 0.6530895328125 0.1827049890625 0.69918688125 0.321053259375 0.8135117046874999 0.2837800375
0 0.81678314375 0.28649145468750004 0.7031375984375 0.32747112968750003 0.7049457390625 0.3294218125 0.7439346718750001 0.445373084375 0.85151093125 0.4040784265625 0.81678314375 0.28649145468750004
0 0.8899838671875001 0.5294846203125 0.8533430796875001 0.41659918281249997 0.7475109265625 0.451934696875 0.7860902015625 0.5706880437499999 0.8899838671875001 0.5294846203125
0 0.9214402171874999 0.6443601765625 0.88550985625 0.5391364390625 0.7884399875 0.573092028125 0.8222574187499999 0.6784656828125 0.9214402171874999 0.6443601765625
0 0.9241572109374999 0.6591860359374999 0.825796840625 0.6876861937500001 0.82706928125 0.6911649546875 0.8604310625 0.7934074718749999 0.9594082953124999 0.76070331875 0.9241572109374999 0.6591860359374999
0 0.990016690625 0.5691072484374999 0.93566603125 0.381031159375 0.868098396875 0.405645503125 0.9219402921875 0.5912721265625 0.990016690625 0.5691072484374999