0 0.8453125 0.528125 0.1609375 0.1921875
0 0.9078125 0.71015625 0.1640625 0.1890625
0 0.3046875 0.30625 0.1921875 0.2171875
0 0.3640625 0.4875 0.184375 0.2
0 0.42734375 0.67265625 0.184375 0.20625
0 0.484375 0.85703125 0.184375 0.2125
0 0.16640625 0.34453125 0.1875 0.2140625
0 0.22578125 0.53828125 0.190625 0.2125
0 0.284375 0.7234375 0.1875 0.2125
0 0.3390625 0.89765625 0.190625 0.2046875
0 0.19921875 0.92421875 0.1859375 0.1515625
0 0.14453125 0.771875 0.1859375 0.2125
0 0.08984375 0.5890625 0.1796875 0.2125
0 0.05859375 0.390625 0.1171875 0.21875