0 0.46875 0.28515625 0.1171875 0.08125
0 0.4671875 0.35859375 0.1203125 0.0671875
0 0.47109375 0.4390625 0.125 0.078125
0 0.47265625 0.5328125 0.1296875 0.0703125
0 0.4734375 0.61328125 0.1296875 0.084375
0 0.47890625 0.70546875 0.13125 0.0921875
0 0.59140625 0.27578125 0.1140625 0.075
0 0.5953125 0.359375 0.1234375 0.0765625
0 0.6015625 0.45 0.1203125 0.0703125
0 0.60078125 0.52578125 0.121875 0.0671875
0 0.6125 0.6140625 0.128125 0.084375
0 0.62734375 0.70078125 0.134375 0.0671875
0 0.32265625 0.18046875 0.121875 0.0765625
0 0.3203125 0.265625 0.1265625 0.075
0 0.31875 0.3453125 0.125 0.0640625
0 0.31796875 0.434375 0.134375 0.08125
0 0.3140625 0.51796875 0.134375 0.071875
0 0.31328125 0.61015625 0.13125 0.0859375
0 0.30703125 0.7109375 0.140625 0.08125
0 0.3046875 0.8203125 0.14375 0.0953125
0 0.1828125 0.25390625 0.1328125 0.0671875
0 0.178125 0.3421875 0.134375 0.0734375
0 0.175 0.4265625 0.134375 0.08125
0 0.16875 0.521875 0.134375 0.08125
0 0.1625 0.61875 0.1375 0.0859375
0 0.15234375 0.71640625 0.1453125 0.0953125
0 0.14609375 0.8203125 0.1453125 0.0953125
0 0.4921875 0.80234375 0.1421875 0.0921875
0 0.634375 0.79609375 0.128125 0.090625