0 0.315625 0.30859375 0.0765625 0.0609375
0 0.2546875 0.41953125 0.075 0.059375
0 0.23046875 0.46484375 0.0734375 0.0625
0 0.20703125 0.5078125 0.08125 0.071875
0 0.18125 0.5515625 0.0921875 0.08125
0 0.1671875 0.59453125 0.075 0.059375
0 0.15078125 0.6296875 0.078125 0.0640625
0 0.13046875 0.65703125 0.0828125 0.0625
0 0.11015625 0.69140625 0.0828125 0.0609375
0 0.434375 0.278125 0.08125 0.071875
0 0.403125 0.3203125 0.071875 0.0578125
0 0.384375 0.353125 0.071875 0.05625
0 0.3421875 0.43203125 0.084375 0.0671875
0 0.31953125 0.475 0.08125 0.065625
0 0.29375 0.52265625 0.0875 0.0734375
0 0.27265625 0.5765625 0.0921875 0.071875
0 0.253125 0.62265625 0.0921875 0.075
0 0.22578125 0.66953125 0.090625 0.075
0 0.19609375 0.71484375 0.0890625 0.0703125
0 0.39765625 0.5125 0.090625 0.0796875
0 0.37578125 0.56640625 0.0890625 0.071875
0 0.35390625 0.609375 0.0875 0.0703125
0 0.33984375 0.659375 0.0875 0.0703125
0 0.30546875 0.71015625 0.09375 0.08125
0 0.278125 0.76015625 0.10625 0.09375
0 0.57734375 0.575 0.1375 0.125
0 0.53828125 0.653125 0.1390625 0.11875
0 0.49609375 0.7375 0.1421875 0.125
0 0.45390625 0.821875 0.1453125 0.1265625
0 0.88984375 0.20078125 0.13125 0.1140625
0 0.8578125 0.26875 0.13125 0.1078125
0 0.828125 0.34140625 0.13125 0.1078125
0 0.79375 0.4140625 0.1359375 0.1171875
0 0.759375 0.484375 0.1453125 0.1234375
0 0.73203125 0.55859375 0.1359375 0.115625
0 0.6921875 0.6359375 0.1421875 0.121875
0 0.65859375 0.71328125 0.146875 0.1265625
0 0.6203125 0.79765625 0.15625 0.1390625
0 0.58046875 0.88125 0.1484375 0.125
0 0.9421875 0.3859375 0.115625 0.115625
0 0.921875 0.45859375 0.1375 0.115625
0 0.89609375 0.5359375 0.1328125 0.1109375
0 0.86015625 0.61015625 0.1375 0.115625
0 0.82265625 0.6921875 0.140625 0.11875
0 0.79140625 0.7796875 0.146875 0.13125
0 0.75546875 0.85625 0.1390625 0.1171875
0 0.71953125 0.94296875 0.1484375 0.1140625