0 0.453125 0.4671875 0.1953125 0.190625
0 0.59609375 0.54140625 0.2 0.2015625
0 0.52578125 0.6796875 0.190625 0.1875
0 0.46484375 0.80234375 0.1921875 0.1890625
0 0.3890625 0.6078125 0.2 0.2015625
0 0.3265625 0.7375 0.1875 0.1765625
0 0.19296875 0.66484375 0.1953125 0.1890625
0 0.07421875 0.60625 0.1484375 0.1875
0 0.1078125 0.4734375 0.20625 0.1953125
0 0.16640625 0.32890625 0.215625 0.2078125
0 0.23046875 0.17578125 0.225 0.2171875
0 0.6421875 0.871875 0.175 0.1734375
0 0.696875 0.65703125 0.159375 0.1578125
0 0.75625 0.53984375 0.1609375 0.1640625
0 0.8609294125 0.8912766937500001 0.9266771828125 0.7667051890625001 0.8053492765625 0.7033207171875 0.7372087953124999 0.8363081171875001 0.8609294125 0.8912766937500001
0 0.81853513125 1 0.8625846796875001 0.9055354375 0.742307259375 0.8445628609375 0.68048383125 0.96781031875 0.743695496875 1 0.81853513125 1
0 0.2107104953125 0 0.18811578125 0.0641895796875 0.344781884375 0.145414225 0.3895450734375 0 0.2107104953125 0