0 0.92578125 0.3296875 0.1453125 0.178125
0 0.9296875 0.5203125 0.140625 0.18125
0 0.9328125 0.7078125 0.134375 0.18125
0 0.7 0.1265625 0.2359375 0.08125
0 0.709375 0.21015625 0.2390625 0.084375
0 0.7140625 0.3 0.240625 0.084375
0 0.715625 0.38203125 0.2390625 0.078125
0 0.7125 0.4671875 0.2375 0.0859375
0 0.71875 0.55546875 0.2390625 0.075
0 0.71796875 0.63828125 0.2359375 0.0796875
0 0.7203125 0.71875 0.2375 0.071875
0 0.72421875 0.8015625 0.240625 0.0828125
0 0.72890625 0.88046875 0.2390625 0.065625
0 0.4671875 0.5625 0.246875 0.0953125
0 0.4671875 0.77890625 0.271875 0.31875