0 0.878125 0.28125 0.146875 0.196875
0 0.871875 0.47109375 0.14375 0.1921875
0 0.859375 0.6578125 0.1484375 0.19375
0 0.84453125 0.8515625 0.14375 0.1890625
0 0.7078125 0.8359375 0.15 0.1875
0 0.71953125 0.6484375 0.146875 0.1921875
0 0.734375 0.4609375 0.1484375 0.1984375
0 0.74140625 0.2765625 0.1546875 0.196875
0 0.60234375 0.26875 0.146875 0.1875
0 0.5890625 0.45546875 0.146875 0.1890625
0 0.57734375 0.64453125 0.15 0.19375
0 0.56171875 0.83515625 0.1453125 0.2015625
0 0.42578125 0.82734375 0.153125 0.196875
0 0.4390625 0.63984375 0.146875 0.184375
0 0.44921875 0.44609375 0.15 0.2015625
0 0.46171875 0.2546875 0.1625 0.2203125
0 0.290625 0.63671875 0.165625 0.2
0 0.27578125 0.83359375 0.1625 0.2015625
0 0.30234375 0.43828125 0.1671875 0.2125
0 0.12109375 0.8328125 0.165625 0.2046875
0 0.1328125 0.62890625 0.16875 0.2265625
0 0.14765625 0.42734375 0.165625 0.203125
0 0.03046875 0.628125 0.0609375 0.2125
0 0.02421875 0.83515625 0.0484375 0.2109375
0 0.31171875 0.24140625 0.1625 0.20625
0 0.16171875 0.2265625 0.1671875 0.2125