0 0.64765625 0.4921875 0.146875 0.14375
0 0.50390625 0.44765625 0.13125 0.1609375
0 0.68203125 0.7796875 0.159375 0.1546875
0 0.5359375 0.77890625 0.1453125 0.1796875
0 0.51875 0.609375 0.1390625 0.1703125
0 0.27734375 0.51015625 0.09375 0.0984375
0 0.2703125 0.41328125 0.090625 0.0953125
0 0.2609375 0.31640625 0.0859375 0.090625
0 0.2890625 0.72265625 0.1 0.10625
0 0.2828125 0.6140625 0.0953125 0.103125
0 0.1859375 0.51640625 0.0875 0.096875
0 0.296875 0.834375 0.103125 0.115625
0 0.09140625 0.53359375 0.096875 0.1
0 0.20078125 0.84609375 0.0953125 0.1125
0 0.09453125 0.6390625 0.096875 0.1046875
0 0.09921875 0.853125 0.096875 0.10625
0 0.19140625 0.62421875 0.0890625 0.1
0 0.09921875 0.74453125 0.0953125 0.103125
0 0.19375 0.73203125 0.090625 0.10625
0 0.665625 0.634375 0.1515625 0.14375
0 0.18359375 0.4203125 0.090625 0.09375
0 0.17734375 0.32734375 0.0890625 0.090625
0 0.0890625 0.434375 0.09375 0.0984375
0 0.246875 0.22265625 0.096875 0.0921875
0 0.09609375 0.2421875 0.1015625 0.090625
0 0.08984375 0.33359375 0.090625 0.0953125
0 0.01875 0.17890625 0.0375 0.0796875
0 0.01875 0.2609375 0.0375 0.084375
0 0.01953125 0.3515625 0.0390625 0.090625
0 0.01953125 0.44609375 0.0390625 0.0890625
0 0.115625 0.1421875 0.0734375 0.0859375
0 0.16484375 0.234375 0.0703125 0.084375
0 0.89765625 0.57734375 0.2046875 0.5203125