0 0.125 0.26875 0.15546875 0.18671875
0 0.1265625 0.47734375 0.15234375 0.17890625
0 0.1265625 0.68046875 0.15390625 0.18671875
0 0.1296875 0.878125 0.1484375 0.18359375
0 0.28203125 0.2734375 0.14453125 0.18671875
0 0.28515625 0.4796875 0.14765625 0.18359375
0 0.28515625 0.68203125 0.1453125 0.175
0 0.28515625 0.8828125 0.14765625 0.18359375
0 0.43359375 0.27890625 0.14296875 0.18828125
0 0.434375 0.47578125 0.13828125 0.1796875
0 0.43671875 0.67578125 0.1375 0.17734375
0 0.43515625 0.8734375 0.1375 0.17421875
0 0.6609375 0.2671875 0.13828125 0.1796875
0 0.66171875 0.4640625 0.1296875 0.17890625
0 0.66484375 0.66640625 0.12734375 0.17734375
0 0.66640625 0.8578125 0.128125 0.18046875
0 0.80703125 0.26953125 0.13203125 0.178125
0 0.809375 0.46484375 0.13359375 0.1859375
0 0.809375 0.66640625 0.1359375 0.18125
0 0.8078125 0.85625 0.1296875 0.17734375