0 0.3734375 0.23046875 0.134375 0.128125
0 0.44921875 0.43828125 0.14375 0.1375
0 0.521875 0.66640625 0.1515625 0.153125
0 0.4125 0.3328125 0.14375 0.1359375
0 0.4828125 0.5515625 0.146875 0.1421875
0 0.28125 0.425 0.2296875 0.2234375
0 0.884375 0.6484375 0.184375 0.2140625
0 0.55703125 0.7921875 0.1546875 0.15625
0 0.9265625 0.43671875 0.146875 0.1984375
0 0.81328125 0.47734375 0.18125 0.20625
0 0.87265625 0.27421875 0.165625 0.1875
0 0.33125 0.60390625 0.2359375 0.2296875
0 0.96171875 0.61328125 0.0765625 0.1984375
0 0.3828125 0.809375 0.2546875 0.253125
0 0.27734375 0.275 0.1140625 0.1171875