0 0.271875 0.18046875 0.08671875 0.08515625
0 0.26875 0.2765625 0.08984375 0.08984375
0 0.2625 0.375 0.090625 0.0953125
0 0.2578125 0.471875 0.0953125 0.09765625
0 0.25625 0.5796875 0.0953125 0.1046875
0 0.2515625 0.69609375 0.09453125 0.10625
0 0.25234375 0.8109375 0.09609375 0.1078125
0 0.353125 0.81171875 0.10234375 0.10625
0 0.35234375 0.696875 0.09609375 0.10546875
0 0.3546875 0.58046875 0.09921875 0.10234375
0 0.3546875 0.4734375 0.0953125 0.103125
0 0.35703125 0.37265625 0.09140625 0.09296875
0 0.35859375 0.2765625 0.08984375 0.0921875
0 0.36171875 0.1828125 0.08671875 0.090625
0 0.45 0.18125 0.08359375 0.09296875
0 0.45 0.2765625 0.084375 0.09296875
0 0.44921875 0.37578125 0.0875 0.0953125
0 0.45 0.4765625 0.0890625 0.103125
0 0.453125 0.584375 0.09609375 0.10546875
0 0.453125 0.6984375 0.0953125 0.115625
0 0.45390625 0.81171875 0.0984375 0.11640625