0 0.4265625 0.1515625 0.175 0.1859375
0 0.42734375 0.3359375 0.16796875 0.16953125
0 0.421875 0.509375 0.16015625 0.159375
0 0.41640625 0.6640625 0.15625 0.1453125
0 0.41484375 0.8109375 0.1515625 0.13515625
0 0.5859375 0.50625 0.15859375 0.1515625
0 0.57890625 0.66484375 0.15390625 0.140625
0 0.575 0.8140625 0.15 0.13828125
0 0.21875 0.4359375 0.23125 0.19609375
0 0.28046875 0.5890625 0.09921875 0.059375
0 0.28046875 0.65546875 0.0953125 0.0546875
0 0.1703125 0.584375 0.1046875 0.06484375
0 0.120476153125 0.6203703703125 0.1267578125 0.6824074078125 0.2287906390625 0.678703703125 0.22410395468750002 0.622222221875 0.120476153125 0.6203703703125
0 0.120476153125 0.6925925921875 0.12415364531249999 0.747222221875 0.2303528671875 0.7490740734375 0.226186925 0.6851851859375 0.120476153125 0.6925925921875
0 0.120476153125 0.7509259265625 0.12415364531249999 0.8138888890624999 0.2303528671875 0.8129629625 0.22826989531250003 0.752777778125 0.120476153125 0.7509259265625
0 0.1194346671875 0.8166666671874999 0.1225911453125 0.8759259265624999 0.2287906390625 0.8759259265624999 0.226186925 0.81851851875 0.1194346671875 0.8166666671874999
0 0.33293918125 0.6953703703125 0.23561197968749997 0.6888888890625 0.2366017796875 0.7490740734375 0.3324184390625 0.75648148125 0.33293918125 0.6953703703125
0 0.2334773234375 0.753703703125 0.237122521875 0.8074074078125 0.329814725 0.809259259375 0.3292939828125 0.75648148125 0.2334773234375 0.753703703125
0 0.328252496875 0.8129629625 0.23399806562499997 0.8111111109375001 0.23561197968749997 0.865740740625 0.23556029375 0.8666666671875 0.33137695312500004 0.871296296875 0.328252496875 0.8129629625
0 0.1178724390625 0.6740740734374999 0.11266501250000001 0.6120370375 0.0090494796875 0.6129629624999999 0.0095579546875 0.6129629624999999 0.014765381250000001 0.675 0.1178724390625 0.6740740734374999
0 0.009037212499999999 0.6824074078125 0.0121744796875 0.7481481484375 0.1131857546875 0.7453703703125 0.11110278437500001 0.6805555562500001 0.009037212499999999 0.6824074078125
0 0.015286125000000001 0.753703703125 0.0199869796875 0.8120370375 0.1183931828125 0.8101851859375 0.11474798281250001 0.7481481484375 0.015286125000000001 0.753703703125
0 0.11578946875 0.8129629625 0.019452065625 0.8166666671874999 0.0236328125 0.86944444375 0.0220557796875 0.86944444375 0.1194346671875 0.872222221875 0.11578946875 0.8129629625
0 0.650071496875 0.09074074062500001 0.5168619796875 0.08055555625000001 0.5151991328125 0.23148148124999998 0.64486406875 0.2370370375 0.650071496875 0.09074074062500001
0 0.63601144375 0.377777778125 0.6423828125 0.2453703703125 0.5151991328125 0.234259259375 0.5120746765625 0.3740740734375 0.63601144375 0.377777778125