0 0.515625 0.49296875 0.2125 0.1765625
0 0.36953125 0.68515625 0.096875 0.04765625
0 0.36640625 0.75 0.09609375 0.0625
0 0.365625 0.815625 0.0953125 0.04921875
0 0.3671875 0.87265625 0.09296875 0.05625
0 0.47265625 0.621875 0.10078125 0.0640625
0 0.471875 0.69140625 0.096875 0.05078125
0 0.4195416296875 0.726080240625 0.42104760781249995 0.7330246859375 0.4230124328125 0.7770061671875 0.5227973140625 0.770833421875 0.521061871875 0.713734609375 0.4195416296875 0.726080240625
0 0.46640625 0.81171875 0.096875 0.05703125
0 0.465625 0.87578125 0.0984375 0.0546875
0 0.5765625 0.628125 0.08671875 0.06328125
0 0.57109375 0.690625 0.0890625 0.0546875
0 0.5703125 0.75078125 0.0890625 0.0546875
0 0.56484375 0.80546875 0.08515625 0.04765625
0 0.56015625 0.8671875 0.090625 0.0546875
0 0.659235478125 0.1414609015625 0.6600386828125 0.14609053125 0.6551862203125001 0.3143004078125 0.8026943187500001 0.31738682812499996 0.8107927296874999 0.151748975 0.659235478125 0.1414609015625
0 0.6540293109374999 0.310185196875 0.6530942390625001 0.32510287656250003 0.64708775625 0.4655349765625 0.7951742296875 0.4706790234375 0.8003803968750001 0.3163580359375 0.6540293109374999 0.310185196875
0 0.6447738875 0.47170781406250006 0.6452817390625001 0.47633744375 0.6372538515625 0.6229423828125 0.7766634875 0.61779838125 0.783026509375 0.472736653125 0.6447738875 0.47170781406250006
0 0.6322609046875 0.6229423828125 0.6256846109375 0.7587448515624999 0.7610449874999999 0.7536008515625 0.7697219328125 0.6198559625 0.6322609046875 0.6229423828125
0 0.6201081281249999 0.76337448125 0.6135368890625 0.9027778375000001 0.7546818609375 0.8955761593749999 0.7587310656249999 0.7628601109375001 0.6201081281249999 0.76337448125
0 0.78548768125 0.4771604890625 0.7857964203125001 0.4808641921875 0.7785461687499999 0.6191358359375 0.9132123796875 0.611728428125 0.922236359375 0.4722222359375 0.78548768125 0.4771604890625
0 0.77229876875 0.61666668125 0.7732964203125 0.629012340625 0.767439721875 0.756172871875 0.900023340625 0.7537037734375 0.909741559375 0.6179012296875 0.77229876875 0.61666668125
0 0.7670464203125 0.7623456734375 0.757721503125 0.8870371078125 0.8896110078125 0.8833334031250001 0.8986351140625001 0.7598765765625 0.7670464203125 0.7623456734375
0 0.0830023140625 0.6351851984375 0.16352436406249998 0.6376543531250001 0.1607477203125 0.574691390625 0.079024634375 0.5795362374999999 0.0795464203125 0.58271604375 0.0830023140625 0.6351851984375
0 0.0795464203125 0.6456790078125 0.08508478124999999 0.7006173171875 0.16352436406249998 0.6993827109375 0.1607477203125 0.6462963109375 0.0795464203125 0.6456790078125
0 0.0795315265625 0.7055556265625 0.08162975312500001 0.7086419703125 0.0843906359375 0.7648148859375 0.16352436406249998 0.7623456734375 0.1600536078125 0.7030864140624999 0.0795315265625 0.7055556265625
0 0.16352436406249998 0.5771604890625001 0.1649630859375 0.5808641921875 0.16630100781249998 0.64382715625 0.2440463828125 0.6413580578125 0.24265809218749998 0.5771604890625001 0.16352436406249998 0.5771604890625001
0 0.16421854062500002 0.6462963109375 0.16600475312500002 0.6493827109375 0.167689296875 0.7080247234375 0.244740559375 0.7030864140624999 0.24335226875 0.64382715625 0.16421854062500002 0.6462963109375
0 0.1669951203125 0.710493821875 0.1670464203125 0.7141975265625 0.1718542296875 0.76111118125 0.248211315625 0.7537037734375 0.246823025 0.7055556265625 0.1669951203125 0.710493821875
0 0.28515625 0.725 0.06953125 0.15625
0 0.184375 0.4046875 0.115625 0.01484375
0 0.184375 0.4234375 0.11484375 0.01484375
0 0.184375 0.44140625 0.115625 0.015625
0 0.184375 0.459375 0.11484375 0.01796875
0 0.18671875 0.478125 0.11640625 0.015625
0 0.1875 0.4953125 0.1140625 0.01484375
0 0.18828125 0.5125 0.11484375 0.015625
0 0.1890625 0.53046875 0.11328125 0.01328125
0 0.19140625 0.546875 0.11328125 0.01328125
0 0.19140625 0.56328125 0.11328125 0.0125
0 0.29765625 0.453125 0.08203125 0.19296875