0 0.3203125 0.165625 0.13203125 0.146875
0 0.3203125 0.31875 0.12734375 0.1359375
0 0.3296875 0.4609375 0.128125 0.13359375
0 0.3375 0.59609375 0.12421875 0.13046875
0 0.3390625 0.7296875 0.1203125 0.11953125
0 0.340625 0.85703125 0.11875 0.11484375
0 0.4515625 0.3140625 0.12265625 0.140625
0 0.45546875 0.459375 0.11796875 0.134375
0 0.46015625 0.590625 0.11875 0.11875
0 0.45859375 0.715625 0.11171875 0.11015625
0 0.45625 0.84140625 0.115625 0.115625
0 0.56015625 0.61875 0.07265625 0.1984375
0 0.7015625 0.175 0.12890625 0.1359375
0 0.6408036984375001 0.25385801875 0.6437038578125 0.2584876484375 0.6390683359375 0.39891979375000003 0.7596778828125 0.40046298125 0.7648840484375 0.2554012765625 0.6408036984375001 0.25385801875
0 0.634589275 0.3973765375 0.6295237234375 0.5316357968750001 0.74926555 0.533179053125 0.7536040749999999 0.3973765375 0.634589275 0.3973765375
0 0.6286560031249999 0.5378086828125 0.626776775 0.538580240625 0.6251851984375 0.6643518687500001 0.7414563000000001 0.66589505625 0.7440593828125001 0.5347222390625 0.6286560031249999 0.5378086828125
0 0.6286560031249999 0.673611128125 0.6280788578125 0.6774691296875 0.621714475 0.7878086828125 0.737117775 0.7893519390625 0.740588659375 0.673611128125 0.6286560031249999 0.673611128125
0 0.6181962453125001 0.7993827109375 0.619129753125 0.8030864140625 0.6154196015625 0.9030864140625001 0.7271786171875 0.90679011875 0.729261084375 0.79814821875 0.6181962453125001 0.7993827109375
0 0.772254753125 0.10493826718749999 0.76826645625 0.24629631093749998 0.899461846875 0.2500000140625 0.9043208937499999 0.10679011875 0.772254753125 0.10493826718749999
0 0.769129753125 0.25864197031249997 0.760630703125 0.4006173171875 0.8828021156249999 0.401851865625 0.892520271875 0.2623456734375 0.769129753125 0.25864197031249997
0 0.7587130859375 0.4049382671875 0.7523008375 0.5364197484375001 0.8758605390625 0.5364197484375001 0.8828021156249999 0.3993827109375 0.7587130859375 0.4049382671875
0 0.7493380859375 0.54382715625 0.744665146875 0.6623456734375 0.8585066296875 0.6635802796875 0.8675306734375001 0.5462963109375 0.7493380859375 0.54382715625
0 0.7462130859375 0.6734567859375 0.7418885046875 0.791975303125 0.8550358734374999 0.793209909375 0.85920080625 0.6722222359375001 0.7462130859375 0.6734567859375
0 0.7356411046875 0.7944445140624999 0.7357964203125 0.8067901187500001 0.732864525 0.9030864140625001 0.8453177171874999 0.9129630328125 0.8501767640625 0.7956790078125 0.7356411046875 0.7944445140624999
0 0.0732964203125 0.147530859375 0.0816139921875 0.25864197031249997 0.2523762484375 0.256172871875 0.25029378125 0.147530859375 0.0732964203125 0.147530859375
0 0.0837130859375 0.266049378125 0.0913321796875 0.3734567859375 0.2572353578125 0.3685185328125 0.2516821359375 0.261111125 0.0837130859375 0.266049378125
0 0.0920464203125 0.3882716 0.1003561921875 0.48827160000000003 0.267647690625 0.48827160000000003 0.26140029062500003 0.38456789687500004 0.0920464203125 0.3882716
0 0.10729776718749999 0.4981481625 0.1052153015625 0.5006173171875 0.1024630859375 0.49938271093750003 0.1079919125 0.6006173171875 0.2732009140625 0.5981481625 0.2683418671875 0.4981481625 0.10729776718749999 0.4981481625
0 0.106603590625 0.6030864140625 0.10767142031250002 0.60679011875 0.1121568453125 0.7006173171875 0.276671734375 0.6956790078124999 0.271118446875 0.5993827109375001 0.106603590625 0.6030864140625
0 0.1142393125 0.7055556265625 0.1180880859375 0.71975308125 0.12395750000000001 0.8030864140625 0.2787542 0.8006173171875 0.27597755625 0.7030864140624999 0.1142393125 0.7055556265625
0 0.1218750328125 0.810493821875 0.122254753125 0.8141975265625 0.12742825625 0.8956790078125 0.2815307796875 0.8932099093750001 0.27944831406250004 0.8055556265625 0.1218750328125 0.810493821875