0 0.9453125 0.3953125 0.109375 0.13125
0 0.92890625 0.50078125 0.134375 0.1328125
0 0.8921875 0.60703125 0.1390625 0.1390625
0 0.85546875 0.71640625 0.14375 0.14375
0 0.81484375 0.8296875 0.1515625 0.153125
0 0.77265625 0.934375 0.1546875 0.13125
0 0.821875 0.35078125 0.13125 0.1296875
0 0.77578125 0.48203125 0.225 0.2265625
0 0.7078125 0.65703125 0.240625 0.24375
0 0.6359375 0.84375 0.259375 0.2640625
0 0.49140625 0.259375 0.1828125 0.1046875
0 0.3109375 0.175 0.1859375 0.1015625
0 0.2109375 0.165625 0.1609375 0.0984375
0 0.3578125 0.23359375 0.15625 0.09375
0 0.503125 0.30390625 0.1578125 0.0953125
0 0.2828125 0.49609375 0.565625 0.6703125