0 0.2921875 0.75234375 0.1 0.071875
0 0.53359375 0.684375 0.090625 0.0671875
0 0.5234375 0.7390625 0.0953125 0.0703125
0 0.27890625 0.80703125 0.1015625 0.075
0 0.61015625 0.74296875 0.0953125 0.071875
0 0.69921875 0.7578125 0.0921875 0.06875
0 0.690625 0.8125 0.0953125 0.0734375
0 0.30625 0.6953125 0.096875 0.0703125
0 0.21640625 0.678125 0.0984375 0.071875
0 0.27109375 0.459375 0.0921875 0.065625
0 0.22890625 0.621875 0.0953125 0.06875
0 0.63828125 0.5453125 0.0890625 0.06875
0 0.77421875 0.84140625 0.09375 0.0671875
0 0.1890625 0.7875 0.103125 0.075
0 0.60390625 0.80078125 0.096875 0.071875
0 0.24375 0.5671875 0.09375 0.06875
0 0.50625 0.84921875 0.090625 0.06875
0 0.7984375 0.62890625 0.0890625 0.0671875
0 0.36875 0.42734375 0.09375 0.0671875
0 0.31953125 0.63984375 0.0953125 0.0703125
0 0.78125 0.78515625 0.096875 0.0734375
0 0.59453125 0.85625 0.096875 0.065625
0 0.61953125 0.68984375 0.0953125 0.06875
0 0.7015625 0.70703125 0.0875 0.0625
0 0.259375 0.51328125 0.0921875 0.06875
0 0.79140625 0.67890625 0.090625 0.0671875
0 0.39453125 0.71796875 0.0984375 0.0734375
0 0.5125 0.7921875 0.0921875 0.0640625
0 0.03515625 0.73125 0.0703125 0.065625
0 0.38046875 0.77421875 0.0953125 0.0703125
0 0.7671875 0.89375 0.090625 0.0671875
0 0.546875 0.5875 0.0921875 0.0640625
0 0.64453125 0.49296875 0.090625 0.065625
0 0.6796875 0.87265625 0.09375 0.06875
0 0.12265625 0.68828125 0.0890625 0.065625
0 0.71953125 0.6 0.0921875 0.0671875
0 0.04140625 0.68046875 0.0828125 0.0609375
0 0.3328125 0.5890625 0.0984375 0.0703125
0 0.34375 0.53359375 0.0984375 0.075
0 0.5421875 0.634375 0.090625 0.0640625
0 0.5578125 0.5328125 0.09375 0.06875
0 0.3578125 0.4765625 0.09375 0.0671875
0 0.71015625 0.65546875 0.0890625 0.065625
0 0.028125 0.78125 0.05625 0.065625
0 0.8046875 0.57734375 0.0890625 0.065625
0 0.78828125 0.73046875 0.0921875 0.065625
0 0.20390625 0.73046875 0.0953125 0.065625
0 0.6484375 0.44375 0.0921875 0.0640625
0 0.62734375 0.6421875 0.090625 0.0671875
0 0.36875 0.8296875 0.103125 0.0703125
0 0.81484375 0.3828125 0.084375 0.0640625
0 0.63125 0.59375 0.0875 0.0625
0 0.403125 0.66328125 0.0953125 0.0703125
0 0.02265625 0.83828125 0.0453125 0.0640625
0 0.72734375 0.4609375 0.078125 0.0546875
0 0.72265625 0.50390625 0.0828125 0.0609375
0 0.809375 0.52578125 0.09375 0.065625
0 0.73046875 0.41953125 0.08125 0.0578125
0 0.4265625 0.56171875 0.0921875 0.0671875
0 0.41796875 0.61328125 0.1 0.06875
0 0.72109375 0.54921875 0.0875 0.0609375
0 0.8125 0.43125 0.0921875 0.059375
0 0.0578125 0.628125 0.0859375 0.065625
0 0.45234375 0.45546875 0.090625 0.0671875
0 0.653125 0.35546875 0.0890625 0.0640625
0 0.81015625 0.475 0.090625 0.059375
0 0.44140625 0.50625 0.09375 0.0625
0 0.56640625 0.44609375 0.0875 0.065625
0 0.90390625 0.91640625 0.0546875 0.046875
0 0.65 0.3984375 0.090625 0.0625
0 0.92890625 0.67265625 0.0890625 0.0671875
0 0.56484375 0.484375 0.0859375 0.0578125
0 0.9109375 0.88359375 0.053125 0.0421875
0 0.915625 0.8515625 0.05 0.0375
0 0.925 0.72109375 0.084375 0.0609375
0 0.92265625 0.815625 0.053125 0.04375
0 0.9171875 0.76953125 0.084375 0.06875
0 0.93125 0.62421875 0.0828125 0.0609375
0 0.475 0.60546875 0.053125 0.128125
0 0.06640625 0.7984375 0.05625 0.153125
0 0.11953125 0.79296875 0.0609375 0.1578125
0 0.93828125 0.49765625 0.078125 0.0546875
0 0.93203125 0.5421875 0.0703125 0.046875
0 0.93828125 0.4671875 0.06875 0.0359375
0 0.9921875 0.42265625 0.015625 0.0515625
0 0.9328125 0.58359375 0.08125 0.053125