0 0.65234375 0.7046875 0.0953125 0.1109375
0 0.66328125 0.290625 0.08125 0.0953125
0 0.6546875 0.49140625 0.0921875 0.10625
0 0.6609375 0.38984375 0.0875 0.0984375
0 0.65859375 0.596875 0.096875 0.1
0 0.83515625 0.4046875 0.0890625 0.1
0 0.746875 0.39921875 0.0875 0.0921875
0 0.6640625 0.20234375 0.084375 0.090625
0 0.83984375 0.6125 0.0890625 0.1
0 0.75 0.60546875 0.090625 0.0984375
0 0.7484375 0.30390625 0.0875 0.090625
0 0.74921875 0.7109375 0.1 0.10625
0 0.834375 0.309375 0.0828125 0.090625
0 0.746875 0.4984375 0.09375 0.10625
0 0.840625 0.83046875 0.0953125 0.109375
0 0.65703125 0.8171875 0.1015625 0.1109375
0 0.74921875 0.2078125 0.0828125 0.0875
0 0.75546875 0.1125 0.0859375 0.096875
0 0.8421875 0.7203125 0.0875 0.10625
0 0.8375 0.5078125 0.084375 0.103125
0 0.8328125 0.2140625 0.0734375 0.084375
0 0.75078125 0.82265625 0.0859375 0.10625
0 0.96640625 0.5296875 0.0671875 0.09375
0 0.9515625 0.26875 0.0703125 0.08125
0 0.94921875 0.18203125 0.06875 0.0796875
0 0.96328125 0.44296875 0.071875 0.084375
0 0.9609375 0.353125 0.0765625 0.0859375
0 0.9921875 0.196875 0.015625 0.06875
0 0.9625 0.8359375 0.0359375 0.0984375
0 0.19453125 0.58515625 0.3890625 0.5171875
0 0.96328125 0.72734375 0.0484375 0.103125
0 0.99375 0.27890625 0.0125 0.0796875
0 0.996875 0.3625 0.00625 0.06875
0 0.96796875 0.62890625 0.0546875 0.0984375