0 0.39765625 0.3609375 0.2171875 0.20625
0 0.33671875 0.4953125 0.20625 0.1953125
0 0.26796875 0.61640625 0.2046875 0.190625
0 0.2109375 0.7390625 0.190625 0.175
0 0.0796875 0.67109375 0.159375 0.1640625
0 0.1265625 0.54453125 0.1859375 0.1828125
0 0.184375 0.41953125 0.1796875 0.1796875
0 0.04609375 0.4828125 0.0921875 0.171875
0 0.021875 0.60859375 0.04375 0.1703125
0 0.49140625 0.23046875 0.16875 0.16875
0 0.29609375 0.13203125 0.146875 0.15
0 0.39140625 0.17421875 0.128125 0.1375
0 0.2515625 0.23046875 0.128125 0.125
0 0.7140625 0.3515625 0.1828125 0.1890625
0 0.64375 0.49609375 0.1875 0.2
0 0.5703125 0.71015625 0.184375 0.1828125
0 0.49921875 0.84296875 0.1984375 0.203125
0 0.62265625 0.92421875 0.2015625 0.1515625
0 0.7125 0.79765625 0.2109375 0.21875
0 0.8 0.63125 0.228125 0.2375
0 0.89296875 0.45859375 0.2140625 0.2484375