0 0.471875 0.29375 0.090625 0.11171875
0 0.5796875 0.28359375 0.0890625 0.0984375
0 0.478125 0.4125 0.10078125 0.109375
0 0.58671875 0.40703125 0.0953125 0.11640625
0 0.68828125 0.27578125 0.09765625 0.11953125
0 0.6921875 0.40390625 0.10625 0.09375
0 0.6921875 0.51171875 0.1 0.1
0 0.58671875 0.52109375 0.1 0.1046875
0 0.4828125 0.53359375 0.1109375 0.1046875
0 0.59296875 0.63671875 0.103125 0.103125
0 0.69296875 0.6359375 0.09140625 0.1046875
0 0.49375 0.6421875 0.10390625 0.09765625
0 0.5921875 0.74765625 0.0875 0.12265625
0 0.6921875 0.74453125 0.09609375 0.09140625
0 0.690625 0.84765625 0.09609375 0.08203125
0 0.59453125 0.85390625 0.096875 0.10625
0 0.49453125 0.8640625 0.09609375 0.1046875
0 0.49140625 0.75 0.0953125 0.09921875
0 0.7875 0.809375 0.0578125 0.14609375
0 0.790625 0.6390625 0.059375 0.1734375
0 0.7859375 0.465625 0.065625 0.17890625
0 0.8796875 0.52890625 0.0859375 0.103125
0 0.884375 0.4078125 0.1078125 0.12421875
0 0.88828125 0.29921875 0.10703125 0.1046875
0 0.87421875 0.8375 0.09375 0.09453125
0 0.87421875 0.7375 0.09765625 0.0921875
0 0.88046875 0.63203125 0.09765625 0.103125
0 0.34621815625 0.8884293937500001 0.4433485140625 0.873456778125 0.42396318437499997 0.570034015625 0.3316409171875 0.5675658734375 0.34621815625 0.8884293937500001
0 0.24698002031250002 0.86014715625 0.24902316875000002 0.91009226875 0.2926952515625 0.9037356109375001 0.2914182890625 0.8497040734375 0.24698002031250002 0.86014715625
0 0.3387729640625 0.8959531421875001 0.337644334375 0.8515202671875001 0.2939722125 0.8524283453124999 0.2942276203125 0.9028274968750001 0.3387729640625 0.8959531421875001
0 0.337644334375 0.850612153125 0.3366227421875 0.8024832343750001 0.29295065937500003 0.8011211156250001 0.29346143593749996 0.8474338421875001 0.337644334375 0.850612153125
0 0.3338134484375 0.8002130015625 0.333662965625 0.74946650625 0.291929065625 0.75526239375 0.2911629203125 0.798396809375 0.3338134484375 0.8002130015625
0 0.3317703015625 0.7493598109375 0.3312595234375 0.7121279796875 0.289119771875 0.710311821875 0.2893751421875 0.7520840828125 0.3317703015625 0.7493598109375
0 0.3312595234375 0.7039551640624999 0.331107965625 0.65635096875 0.2857996625 0.6544640921875 0.287076625 0.70304705 0.3312595234375 0.7039551640624999
0 0.3284501921875 0.6508317234375001 0.3284501921875 0.60451898125 0.28171336875 0.6027027875 0.28171336875 0.6540100359375 0.3284501921875 0.6508317234375001
0 0.3248747125 0.5981623218750001 0.3246193046875 0.5541198203125 0.2783932984375 0.54957935625 0.2763501515625 0.599070453125 0.3248747125 0.5981623218750001
0 0.324108528125 0.552303628125 0.3248747125 0.5037206609375 0.2796702609375 0.49645593281249994 0.278904075 0.54549293125 0.324108528125 0.552303628125
0 0.2888643640625 0.8460716875 0.287672975 0.8039731609375 0.2482569828125 0.8056615812500001 0.2482569828125 0.8515202671875001 0.2888643640625 0.8460716875
0 0.2886089953125 0.8011211156250001 0.286395475 0.7562798374999999 0.24646924375 0.75526239375 0.24646924375 0.8020291937499999 0.2886089953125 0.8011211156250001
0 0.2883535875 0.7479976578125 0.286395475 0.706315403125 0.24391532031250002 0.7112199015625 0.2454476515625 0.7539002765625 0.2883535875 0.7479976578125
0 0.283501146875 0.700322778125 0.28299033125 0.6585505 0.2421275421875 0.6571883640625 0.2421275421875 0.7075875140625 0.283501146875 0.700322778125
0 0.2794148515625 0.6526478984375 0.27864866718750003 0.6067892125000001 0.23446576874999997 0.60451898125 0.23650891562499998 0.6558262625 0.2794148515625 0.6526478984375
0 0.2771163359375 0.5986163796875 0.2768142265625 0.554150990625 0.23191184374999999 0.5500333953125 0.23089029062500002 0.5981623218750001 0.2771163359375 0.5986163796875
0 0.2760947421875 0.5477631625 0.274897978125 0.49623766874999997 0.23242266093750003 0.49872616406250003 0.23191184374999999 0.5432226984375 0.2760947421875 0.5477631625
0 0.3258962671875 0.4943147828125 0.3259979671875 0.4462732359375 0.27915944375 0.446185846875 0.278904075 0.489320278125 0.3258962671875 0.4943147828125
0 0.3248747125 0.43755897343749994 0.3246193046875 0.3980569625 0.275583965625 0.390792190625 0.27686092812499996 0.43301850937499997 0.3248747125 0.43755897343749994
0 0.2311456984375 0.44164538125 0.2725192640625 0.44073730156249996 0.271704228125 0.394037690625 0.269965340625 0.392608365625 0.2311456984375 0.394424559375 0.2311456984375 0.44164538125
0 0.2753285578125 0.494768821875 0.2750731890625 0.4502722890625 0.23191184374999999 0.44300753437499996 0.2298687359375 0.49340670312499996 0.2753285578125 0.494768821875
0 0.22373929375 0.4638936828125 0.221696146875 0.36037107343749997 0.11443134531250002 0.3594630125 0.11826223124999999 0.4688881875 0.22373929375 0.4638936828125
0 0.22808095781249998 0.5846700375 0.22443673749999998 0.4803398953125 0.1192837859375 0.4806933875 0.1226038953125 0.585578115625 0.22808095781249998 0.5846700375
0 0.2301241046875 0.695911421875 0.228336365625 0.5991995109375 0.12771174375 0.5932969265625 0.1302656671875 0.69636553125 0.2301241046875 0.695911421875
0 0.1749593625 0.24726255625000002 0.1780240640625 0.3439744671875 0.2329334375 0.3371637703125 0.22884714218750002 0.2409059140625 0.1749593625 0.24726255625000002
0 0.1273467578125 0.241873278125 0.12898870625 0.34170423437499997 0.177002471875 0.33670973125 0.175725509375 0.239543778125 0.1273467578125 0.241873278125
0 0.13756675625 0.7040442921875 0.143546065625 0.8067576125 0.24519228124999998 0.8058494984375001 0.23957361718749998 0.6977864609375 0.13756675625 0.7040442921875
0 0.1433155046875 0.8141931578125 0.14788775 0.909027853125 0.24595842812500002 0.9112980859375 0.2462138359375 0.81095380625 0.1433155046875 0.8141931578125