0 0.9625 0.83359375 0.075 0.03828125
0 0.95390625 0.7953125 0.0765625 0.03203125
0 0.953125 0.7625 0.07265625 0.0328125
0 0.95625 0.72734375 0.06875 0.02734375
0 0.9421875 0.6828125 0.08671875 0.04609375
0 0.891929871875 0.6171875 0.8972865875 0.6611328125 0.9752949921875 0.6591796875 0.9703507968749999 0.6083984375 0.891929871875 0.6171875
0 0.8830033593750001 0.5634765625 0.8890462640625 0.615234375 0.9670546671875 0.6044921875 0.9610117625000001 0.5556640625 0.8830033593750001 0.5634765625
0 0.87874391875 0.517578125 0.8802565843749999 0.5595703125 0.9588143421875 0.5556640625 0.9555182125 0.5107421875 0.87874391875 0.517578125
0 0.8748976687500001 0.4755859375 0.877509809375 0.515625 0.9522220828125001 0.5087890625 0.9478272437499999 0.4658203125 0.8748976687500001 0.4755859375
0 0.8743492703125 0.4482421875 0.8753123890625 0.47265625 0.9390375640625 0.46484375 0.9412349843750001 0.439453125 0.8743492703125 0.4482421875
0 0.86720603125 0.396484375 0.872565615625 0.4384765625 0.9483765984374999 0.431640625 0.9434324046875 0.384765625 0.86720603125 0.396484375
0 0.8595145828125 0.3798828125 0.8637759359375 0.3974609375 0.929149175 0.38671875 0.9275011109375001 0.3720703125 0.8595145828125 0.3798828125
0 0.7221510859375 0.298828125 0.7220423578124999 0.3427734375 0.8055443109375 0.341796875 0.8027975359375 0.3037109375 0.7221510859375 0.298828125
0 0.726437196875 0.3505859375 0.7287445875 0.3896484375 0.8110378609375 0.3916015625 0.8082910859375 0.349609375 0.726437196875 0.3505859375
0 0.7313813921875 0.3974609375 0.7335788125 0.4375 0.8170807640625 0.4375 0.8143339890625001 0.39453125 0.7313813921875 0.3974609375
0 0.8225743140624999 0.486328125 0.822024959375 0.4453125 0.7407204265625 0.4462890625 0.7407204265625 0.4892578125 0.8225743140624999 0.486328125
0 0.7434672015625 0.490234375 0.7457764078125 0.5341796875 0.8291665734375 0.5400390625 0.827518509375 0.4912109375 0.7434672015625 0.490234375
0 0.7496223703125 0.541015625 0.74896075 0.587890625 0.8335614140625 0.5888671875 0.8330120578125 0.5400390625 0.7496223703125 0.541015625
0 0.7511581703125 0.587890625 0.7523693359375 0.6396484375 0.8374068984375 0.642578125 0.8368575437500001 0.591796875 0.7511581703125 0.587890625
0 0.7544543 0.640625 0.7539049453125 0.6875 0.8401536734375 0.6962890625 0.840703028125 0.64453125 0.7544543 0.640625
0 0.7588491390625001 0.6875 0.7588491390625001 0.73828125 0.8467459328125001 0.75 0.8450978671874999 0.6962890625 0.7588491390625001 0.6875
0 0.76489204375 0.74609375 0.76390626875 0.7998046875 0.8516901265625 0.8115234375 0.851140771875 0.7548828125 0.76489204375 0.74609375
0 0.7670894640625 0.802734375 0.7654413984375 0.8544921875 0.8555356109375 0.87109375 0.8560849671874999 0.8095703125 0.7670894640625 0.802734375
0 0.674895375 0.8037109375 0.676445896875 0.8583984375 0.7615959140624999 0.8525390625 0.7626946234374999 0.7998046875 0.674895375 0.8037109375
0 0.6748951828124999 0.7421875 0.6753471859375 0.7998046875 0.7632439796875 0.7958984375 0.7604972046875 0.7421875 0.6748951828124999 0.7421875
0 0.758299784375 0.7421875 0.7589615000000001 0.6865234375 0.6720510562500001 0.685546875 0.6704029921875 0.7412109375 0.758299784375 0.7421875
0 0.6688521828125 0.6396484375 0.6687549265625 0.6875 0.753355590625 0.6875 0.753355590625 0.63671875 0.6688521828125 0.6396484375
0 0.66665466875 0.5888671875 0.668205571875 0.6376953125 0.7500594609375 0.6318359375 0.7506088156249999 0.58203125 0.66665466875 0.5888671875
0 0.6650066984375 0.5322265625 0.6643600875 0.5830078125 0.7484113953125 0.5712890625 0.7462139750000001 0.52734375 0.6650066984375 0.5322265625
0 0.6606117640625 0.486328125 0.660514603125 0.53515625 0.7401710718750001 0.52734375 0.73852300625 0.4775390625 0.6606117640625 0.486328125
0 0.654568571875 0.4423828125 0.655021053125 0.4853515625 0.731930746875 0.4765625 0.7302826812500001 0.435546875 0.654568571875 0.4423828125
0 0.7280852624999999 0.4365234375 0.724349365625 0.3876953125 0.647330084375 0.4013671875 0.6495275031250001 0.4423828125 0.7280852624999999 0.4365234375
0 0.64193235625 0.3603515625 0.64293524375 0.3974609375 0.7198449375 0.390625 0.7165488078125 0.3466796875 0.64193235625 0.3603515625
0 0.5512731125 0.314453125 0.551742321875 0.361328125 0.631398790625 0.3388671875 0.6264545953125 0.2998046875 0.5512731125 0.314453125
0 0.563359971875 0.361328125 0.5671242609375 0.4033203125 0.6462313734375 0.3828125 0.6412871796874999 0.337890625 0.563359971875 0.361328125
0 0.5682229703125 0.40234375 0.568854190625 0.447265625 0.6506262140625 0.4296875 0.6467807296875 0.3818359375 0.5682229703125 0.40234375
0 0.5731671656249999 0.44921875 0.5737990546875 0.4912109375 0.6561197625 0.478515625 0.6522742781249999 0.4345703125 0.5731671656249999 0.44921875
0 0.5759139390625 0.49609375 0.57764473125 0.548828125 0.6599652484375 0.5322265625 0.6583171828125 0.4873046875 0.5759139390625 0.49609375
0 0.5775620046875 0.55078125 0.5792927953125 0.5908203125 0.6610639578125 0.580078125 0.6599652484375 0.537109375 0.5775620046875 0.55078125
0 0.58195684375 0.5947265625 0.5836871578125 0.6455078125 0.668205571875 0.6337890625 0.6660081531250001 0.58203125 0.58195684375 0.5947265625
0 0.5825062 0.6455078125 0.5831378984375 0.6943359375 0.668205571875 0.685546875 0.6660081531250001 0.6337890625 0.5825062 0.6455078125
0 0.58470361875 0.6953125 0.58533503125 0.7470703125 0.6709523468749999 0.7412109375 0.6693042828125 0.689453125 0.58470361875 0.6953125
0 0.5852529734374999 0.748046875 0.5841542640624999 0.8037109375 0.6742484765625 0.8017578125 0.6715017015625 0.744140625 0.5852529734374999 0.748046875
0 0.5858023296875 0.7998046875 0.5864333578125 0.857421875 0.6753471859375 0.8544921875 0.6726004125 0.7958984375 0.5858023296875 0.7998046875
0 0.4946750203125 0.810546875 0.4951587609375 0.8662109375 0.5858023296875 0.8642578125 0.58470361875 0.8046875 0.4946750203125 0.810546875
0 0.49522542812500003 0.763671875 0.49460940625000005 0.8095703125 0.5825062 0.8037109375 0.5814074890625001 0.75 0.49522542812500003 0.763671875
0 0.4968742578125 0.70703125 0.49406005156250005 0.7568359375 0.5792100687499999 0.74609375 0.5792100687499999 0.697265625 0.4968742578125 0.70703125
0 0.49687435312500006 0.65234375 0.4979055359375 0.703125 0.580858134375 0.6962890625 0.5803087796875 0.6455078125 0.49687435312500006 0.65234375
0 0.4957756421875 0.6025390625 0.4957081171875 0.6552734375 0.5803087796875 0.640625 0.5792100687499999 0.5947265625 0.4957756421875 0.6025390625
0 0.49302915468749997 0.5517578125 0.49406005156250005 0.599609375 0.57701265 0.5908203125 0.5748152296875 0.5419921875 0.49302915468749997 0.5517578125
0 0.49357870156250006 0.5068359375 0.49406005156250005 0.55078125 0.5759139390625 0.5439453125 0.575364584375 0.4921875 0.49357870156250006 0.5068359375
0 0.490763921875 0.4619140625 0.4902145671875 0.5048828125 0.5726178109375 0.4921875 0.570420390625 0.4404296875 0.490763921875 0.4619140625
0 0.48808562968749997 0.4140625 0.48691843749999997 0.455078125 0.5660255515625 0.4365234375 0.5627294218750001 0.404296875 0.48808562968749997 0.4140625
0 0.45505585000000004 0.484375 0.45285862187500003 0.4404296875 0.3704551875 0.4462890625 0.3710045421875 0.4921875 0.45505585000000004 0.484375
0 0.37155389687499996 0.4990234375 0.3704551875 0.5400390625 0.4534079765625 0.5380859375 0.45395714062500003 0.494140625 0.37155389687499996 0.4990234375
0 0.36935647656250004 0.5517578125 0.3688518015625 0.60546875 0.4490129453125 0.59765625 0.4517597203125 0.544921875 0.36935647656250004 0.5517578125
0 0.3710045421875 0.60546875 0.36830168125 0.650390625 0.448463590625 0.6494140625 0.4506610109375 0.599609375 0.3710045421875 0.60546875
0 0.36386311875 0.65625 0.3622148625 0.701171875 0.44846378124999997 0.7041015625 0.4495623 0.654296875 0.36386311875 0.65625
0 0.36152085 0.708984375 0.362764409375 0.7607421875 0.44406875156250003 0.7587890625 0.44736488124999996 0.70703125 0.36152085 0.708984375
0 0.360017634375 0.7646484375 0.3583003640625 0.8154296875 0.4435193953125 0.8193359375 0.4462661703125 0.7666015625 0.360017634375 0.7646484375
0 0.355622603125 0.8232421875 0.3534251828125 0.8662109375 0.44132197656249994 0.876953125 0.44187133125000005 0.8251953125 0.355622603125 0.8232421875
0 0.28313789843750004 0.4306640625 0.280360975 0.4814453125 0.366609703125 0.4716796875 0.36880712187500003 0.4248046875 0.28313789843750004 0.4306640625
0 0.28200903906249997 0.484375 0.2781924609375 0.5302734375 0.36770841249999997 0.529296875 0.3682577671875 0.4755859375 0.28200903906249997 0.484375
0 0.2765154890625 0.533203125 0.27489508749999997 0.5771484375 0.3682579578125 0.580078125 0.3682577671875 0.5302734375 0.2765154890625 0.533203125
0 0.2726700046875 0.5849609375 0.269373875 0.640625 0.36880712187500003 0.640625 0.36880712187500003 0.5859375 0.2726700046875 0.5849609375
0 0.2704725859375 0.6474609375 0.2704989109375 0.693359375 0.3616655078125 0.69140625 0.3616655078125 0.64453125 0.2704725859375 0.6474609375
0 0.26992323125 0.703125 0.265554046875 0.75 0.3567213125 0.7509765625 0.3605667984375 0.6982421875 0.26992323125 0.703125
0 0.263330971875 0.7568359375 0.26115815468750003 0.8095703125 0.355622603125 0.8125 0.358369378125 0.7548828125 0.263330971875 0.7568359375
0 0.2611335515625 0.8125 0.2622562921875 0.8603515625 0.35177711875 0.8642578125 0.3534251828125 0.818359375 0.2611335515625 0.8125
0 0.48307295312500004 0.5380859375 0.45291773593749995 0.5439453125 0.45230926718750003 0.6953125 0.4836224984375 0.6982421875 0.48307295312500004 0.5380859375
0 0.480326178125 0.8720703125 0.48142507968750003 0.69921875 0.4517599109375 0.6982421875 0.44681552656249995 0.873046875 0.480326178125 0.8720703125
0 0.1947115390625 0.484375 0.193013728125 0.5322265625 0.2781637453125 0.5244140625 0.27926245625 0.48046875 0.1947115390625 0.484375
0 0.1952111484375 0.5361328125 0.193013728125 0.5810546875 0.27376890625 0.5771484375 0.274867615625 0.525390625 0.1952111484375 0.5361328125
0 0.18587211406249998 0.58984375 0.1842240484375 0.6396484375 0.27157148593749997 0.634765625 0.27102213124999996 0.5810546875 0.18587211406249998 0.58984375
0 0.1820266296875 0.64453125 0.181524725 0.6982421875 0.2688247125 0.6943359375 0.2677260015625 0.6376953125 0.1820266296875 0.64453125
0 0.1765330796875 0.6982421875 0.1771291203125 0.7529296875 0.26662729218750003 0.75 0.2649792265625 0.6943359375 0.1765330796875 0.6982421875
0 0.1765330796875 0.7587890625 0.1738324171875 0.8046875 0.259485678125 0.8076171875 0.2649792265625 0.7568359375 0.1765330796875 0.7587890625
0 0.16833791250000002 0.810546875 0.166644690625 0.859375 0.2550908375 0.861328125 0.2583869671875 0.8125 0.16833791250000002 0.810546875
0 0.0919642859375 0.736328125 0.09138306093750001 0.78515625 0.16884211093749998 0.779296875 0.1726875953125 0.728515625 0.0919642859375 0.736328125
0 0.137528878125 0.7880859375 0.1331340375 0.939453125 0.16005243125 0.9384765625 0.16554598125 0.783203125 0.137528878125 0.7880859375
0 0.11225855 0.8056640625 0.0891856421875 0.8056640625 0.0836920921875 0.94921875 0.1078637109375 0.947265625 0.11225855 0.8056640625
0 0.0930311265625 0.7353515625 0.0947115390625 0.685546875 0.0166707875 0.6953125 0.0177694984375 0.744140625 0.0930311265625 0.7353515625
0 0.0139240125 0.740234375 0.013942307812499999 0.787109375 0.09083370625000001 0.7822265625 0.0919324171875 0.7373046875 0.0139240125 0.740234375
0 0.0122759484375 0.79296875 0.00570055 0.841796875 0.0836920921875 0.841796875 0.0858895125 0.787109375 0.0122759484375 0.79296875
0 0.0078811078125 0.84375 0.005134334375 0.896484375 0.0831427375 0.8916015625 0.0853401578125 0.8408203125 0.0078811078125 0.84375
0 0.0040356234375 0.8994140625 0.0013049453125000001 0.9501953125 0.079297253125 0.951171875 0.0825933828125 0.89453125 0.0040356234375 0.8994140625