0 0.38125 0.14921875 0.1296875 0.15078125
0 0.51640625 0.15546875 0.13203125 0.1375
0 0.64921875 0.15625 0.1171875 0.13359375
0 0.63984375 0.30703125 0.125 0.14453125
0 0.51796875 0.30859375 0.12890625 0.14140625
0 0.38828125 0.30390625 0.1296875 0.13828125
0 0.509375 0.44921875 0.121875 0.1328125
0 0.640625 0.4453125 0.11953125 0.14375
0 0.38515625 0.44765625 0.12734375 0.1296875
0 0.51328125 0.5875 0.11171875 0.13203125
0 0.63125 0.58828125 0.11640625 0.11484375
0 0.3875 0.58671875 0.1171875 0.1296875
0 0.3859375 0.71171875 0.12578125 0.1265625
0 0.51171875 0.71796875 0.1125 0.13359375
0 0.628125 0.71953125 0.1125 0.13046875
0 0.3859375 0.8421875 0.1171875 0.12890625
0 0.50859375 0.840625 0.11328125 0.11953125
0 0.6234375 0.8453125 0.10625 0.11640625
0 0.7925580578125 0.05295013750000001 0.7853624031249999 0.0432098640625 0.7814515796875 0.23929787343750003 0.9397184140625001 0.23929787343750003 0.9522130687500001 0.060354756249999995 0.7925580578125 0.05295013750000001
0 0.78015406875 0.24691356875 0.7745100578125 0.41577270781250003 0.9293061296875 0.4120704921875 0.9362476531249999 0.2504046125 0.78015406875 0.24691356875
0 0.7714735140625 0.42283949375 0.7613212078125 0.5675658734375 0.914034696875 0.5774385390625 0.925141175 0.42317723125000006 0.7714735140625 0.42283949375
0 0.7558485140625 0.5679012234374999 0.7474381625000001 0.7279976328125 0.911952325 0.74280668125 0.9313885015625001 0.57867270625 0.7558485140625 0.5679012234374999
0 0.7471679578125 0.737654309375 0.7391083578125001 0.9069407515625001 0.9126463078124999 0.9057066796875001 0.9181996515625 0.7563816578125 0.7471679578125 0.737654309375
0 0.2198824734375 0.507095421875 0.22682399531250003 0.6996135140625 0.294850934375 0.718124871875 0.3004040671875 0.4947545171875 0.2198824734375 0.507095421875
0 0.067863071875 0.22695696875000002 0.0775812671875 0.3651750171875 0.196975428125 0.36640908906249997 0.192116384375 0.229425065625 0.067863071875 0.22695696875000002
0 0.082237403125 0.3858024578125 0.0907701171875 0.504627278125 0.2046111453125 0.507095421875 0.1976696234375 0.37134546875 0.082237403125 0.3858024578125
0 0.0995985140625 0.506172828125 0.1060414453125 0.6465476812500001 0.219188278125 0.64407944375 0.2108584734375 0.51079773125 0.0995985140625 0.506172828125
0 0.10827906875 0.641975296875 0.1157596390625 0.7539135140625 0.2296005625 0.748977134375 0.2219649515625 0.65148396875 0.10827906875 0.641975296875
0 0.10827906875 0.759259246875 0.121312878125 0.892131609375 0.2296005625 0.8760884890625 0.2254357125 0.7576158234375 0.10827906875 0.759259246875