0 0.46875 0.3953125 0.0859375 0.0875
0 0.46953125 0.49453125 0.08515625 0.0921875
0 0.19453125 0.2234375 0.08203125 0.08125
0 0.71796875 0.78125 0.12421875 0.16484375
0 0.37890625 0.49296875 0.0875 0.09296875
0 0.29296875 0.3046875 0.0859375 0.084375
0 0.278125 0.815625 0.0890625 0.1015625
0 0.28046875 0.60078125 0.0859375 0.09609375
0 0.1671875 0.709375 0.0875 0.09765625
0 0.4703125 0.59453125 0.08515625 0.09375
0 0.47109375 0.70078125 0.08671875 0.096875
0 0.4640625 0.30078125 0.08359375 0.08671875
0 0.85390625 0.7953125 0.14140625 0.1375
0 0.28671875 0.49609375 0.08515625 0.09296875
0 0.83828125 0.50703125 0.12890625 0.128125
0 0.47421875 0.81328125 0.090625 0.103125
0 0.709375 0.6078125 0.1296875 0.15234375
0 0.28359375 0.7078125 0.0859375 0.09609375
0 0.84765625 0.64765625 0.1375 0.13515625
0 0.29140625 0.40078125 0.0921875 0.08984375
0 0.3765625 0.81796875 0.08984375 0.1
0 0.37578125 0.5953125 0.084375 0.09609375
0 0.45390625 0.20703125 0.09609375 0.08515625
0 0.09375 0.41484375 0.084375 0.08671875
0 0.0328125 0.128125 0.06484375 0.0796875
0 0.378125 0.30390625 0.0796875 0.0828125
0 0.1078125 0.23125 0.08203125 0.0828125
0 0.375 0.70546875 0.08671875 0.09765625
0 0.11484375 0.14453125 0.08046875 0.075
0 0.28984375 0.21484375 0.07734375 0.07890625
0 0.1921875 0.315625 0.084375 0.08359375
0 0.18671875 0.41015625 0.08125 0.0828125
0 0.0796875 0.61328125 0.0875 0.09375
0 0.02890625 0.21875 0.0578125 0.078125
0 0.20078125 0.140625 0.07734375 0.075
0 0.071875 0.71640625 0.0921875 0.09765625
0 0.1765625 0.603125 0.0859375 0.0953125
0 0.37890625 0.396875 0.07421875 0.084375
0 0.0875 0.509375 0.08359375 0.08984375
0 0.16640625 0.82109375 0.08515625 0.09765625
0 0.06640625 0.82421875 0.08984375 0.0953125
0 0.1015625 0.32265625 0.07890625 0.08125
0 0.02578125 0.30859375 0.0515625 0.0796875
0 0.18125 0.5015625 0.08203125 0.0859375
0 0.3296875 0.11796875 0.07109375 0.08359375
0 0.3671875 0.21171875 0.0640625 0.084375
0 0.01796875 0.5015625 0.03359375 0.09375
0 0.6984375 0.4484375 0.1171875 0.1484375
0 0.0234375 0.4015625 0.04453125 0.08828125
0 0.015625 0.59921875 0.02890625 0.078125
0 0.0125 0.70546875 0.02265625 0.10546875
0 0.009375 0.8171875 0.01796875 0.1078125