0 0.6703125 0.53046875 0.12734375 0.0890625
0 0.66796875 0.621875 0.1375 0.08671875
0 0.8015625 0.53359375 0.13359375 0.08359375
0 0.809375 0.62109375 0.13125 0.08828125
0 0.67265625 0.71328125 0.134375 0.08828125
0 0.77421875 0.059375 0.1140625 0.071875
0 0.81875 0.80859375 0.1390625 0.090625
0 0.675 0.80703125 0.1375 0.0953125
0 0.78203125 0.2046875 0.11953125 0.075
0 0.8140625 0.71328125 0.1359375 0.09140625
0 0.7765625 0.1328125 0.11796875 0.07109375
0 0.78671875 0.28515625 0.1203125 0.075
0 0.79140625 0.3625 0.12421875 0.07890625
0 0.796875 0.44765625 0.12890625 0.084375
0 0.40859375 0.77421875 0.0890625 0.05625
0 0.915625 0.2 0.12109375 0.0734375
0 0.49921875 0.771875 0.08828125 0.05625
0 0.403125 0.8328125 0.0875 0.0546875
0 0.496875 0.83125 0.09296875 0.059375
0 0.31796875 0.59375 0.0734375 0.04765625
0 0.31953125 0.54140625 0.075 0.05625
0 0.49921875 0.71484375 0.08671875 0.05546875
0 0.0890625 0.83671875 0.07890625 0.05234375
0 0.40625 0.71953125 0.08984375 0.05546875
0 0.315625 0.84296875 0.07421875 0.03515625
0 0.49296875 0.6609375 0.0875 0.05546875
0 0.40703125 0.3375 0.071875 0.04921875
0 0.48984375 0.61171875 0.08515625 0.05390625
0 0.4046875 0.665625 0.0859375 0.05078125
0 0.09296875 0.775 0.0796875 0.05703125
0 0.31875 0.64296875 0.0734375 0.0484375
0 0.48515625 0.56015625 0.0828125 0.0546875
0 0.9390625 0.5234375 0.121875 0.08359375
0 0.3171875 0.6921875 0.08203125 0.05078125
0 0.4 0.61328125 0.08515625 0.05390625
0 0.92265625 0.2734375 0.128125 0.07421875
0 0.3203125 0.73671875 0.078125 0.034375
0 0.1921875 0.5265625 0.0796875 0.046875
0 0.40078125 0.51015625 0.07890625 0.046875
0 0.484375 0.50390625 0.08125 0.0546875
0 0.4 0.56171875 0.08125 0.046875
0 0.40234375 0.38359375 0.07109375 0.03984375
0 0.934375 0.3546875 0.128125 0.078125
0 0.31796875 0.80546875 0.07109375 0.0375
0 0.3203125 0.77109375 0.06640625 0.03359375
0 0.175 0.8453125 0.0859375 0.05546875
0 0.1796875 0.7859375 0.084375 0.05390625
0 0.946875 0.703125 0.10625 0.090625
0 0.40078125 0.46484375 0.0734375 0.03828125
0 0.32421875 0.42265625 0.07109375 0.0453125
0 0.096875 0.72265625 0.0765625 0.05
0 0.9390625 0.4375 0.121875 0.08125
0 0.9421875 0.61484375 0.115625 0.08515625
0 0.19296875 0.47421875 0.07890625 0.05234375
0 0.1953125 0.3375 0.07578125 0.04375
0 0.10390625 0.67109375 0.07734375 0.046875
0 0.184375 0.73203125 0.0875 0.05703125
0 0.10703125 0.5671875 0.08046875 0.05390625
0 0.10703125 0.61875 0.078125 0.05390625
0 0.18828125 0.6765625 0.08828125 0.053125
0 0.403125 0.4234375 0.071875 0.04609375
0 0.9515625 0.79921875 0.09609375 0.08828125
0 0.03984375 0.4375 0.078125 0.05703125
0 0.19375 0.578125 0.0828125 0.05703125
0 0.19140625 0.62421875 0.08359375 0.05546875
0 0.478125 0.459375 0.07734375 0.04140625
0 0.32265625 0.46640625 0.0703125 0.040625
0 0.1953125 0.4296875 0.08125 0.05234375
0 0.11171875 0.4734375 0.06875 0.046875
0 0.32578125 0.38984375 0.0625 0.0203125
0 0.1921875 0.38515625 0.07578125 0.0421875
0 0.0328125 0.62421875 0.06484375 0.05859375
0 0.04296875 0.34375 0.075 0.025
0 0.4734375 0.41328125 0.07109375 0.03359375
0 0.02734375 0.72734375 0.0546875 0.13984375
0 0.1109375 0.51875 0.07421875 0.040625
0 0.1171875 0.390625 0.06328125 0.0390625
0 0.11484375 0.42578125 0.0671875 0.0265625
0 0.0359375 0.48359375 0.071875 0.0296875
0 0.03515625 0.525 0.065625 0.0390625
0 0.03203125 0.57734375 0.0640625 0.0265625
0 0.31875 0.49921875 0.07109375 0.0265625
0 0.0390625 0.384375 0.07109375 0.03203125