0 0.24140625 0.69921875 0.10625 0.0875
0 0.490625 0.6875 0.096875 0.08125
0 0.46875 0.73828125 0.1015625 0.0859375
0 0.215625 0.74921875 0.1078125 0.090625
0 0.553125 0.7609375 0.1015625 0.0875
0 0.6359375 0.79609375 0.0984375 0.084375
0 0.615625 0.84765625 0.1015625 0.0875
0 0.2671875 0.646875 0.1015625 0.084375
0 0.18359375 0.609375 0.1046875 0.0875
0 0.2859375 0.40859375 0.096875 0.0796875
0 0.20859375 0.5578125 0.1015625 0.084375
0 0.625 0.575 0.0953125 0.08125
0 0.690625 0.89453125 0.0984375 0.08125
0 0.1328125 0.71015625 0.109375 0.0921875
0 0.53359375 0.81640625 0.103125 0.0875
0 0.23515625 0.5078125 0.1 0.084375
0 0.42734375 0.84140625 0.096875 0.0828125
0 0.76171875 0.6921875 0.0953125 0.08125
0 0.38828125 0.4 0.1 0.0828125
0 0.2921875 0.5953125 0.1015625 0.0859375
0 0.709375 0.84140625 0.103125 0.0875
0 0.51171875 0.86875 0.1015625 0.08125
0 0.5734375 0.71171875 0.1015625 0.084375
0 0.65 0.746875 0.0921875 0.0765625
0 0.2625 0.45859375 0.0984375 0.0828125
0 0.74375 0.73984375 0.096875 0.08125
0 0.3484375 0.6890625 0.1046875 0.0890625
0 0.44609375 0.7875 0.096875 0.0796875
0 0.01640625 0.61796875 0.0328125 0.0796875
0 0.321875 0.740625 0.1015625 0.0859375
0 0.671875 0.94375 0.096875 0.08125
0 0.52578125 0.59609375 0.096875 0.078125
0 0.6421875 0.52578125 0.0953125 0.08125
0 0.59140625 0.903125 0.1 0.0828125
0 0.08984375 0.5984375 0.09375 0.0796875
0 0.69140625 0.646875 0.0984375 0.0828125
0 0.028125 0.5734375 0.05625 0.075
0 0.3171875 0.54921875 0.103125 0.0859375
0 0.340625 0.49765625 0.1046875 0.0890625
0 0.5109375 0.640625 0.0953125 0.078125
0 0.54921875 0.5453125 0.1 0.0828125
0 0.3671875 0.4453125 0.1 0.0828125
0 0.66953125 0.6984375 0.0953125 0.0796875
0 0.7796875 0.64453125 0.0953125 0.0796875
0 0.72890625 0.7890625 0.0984375 0.08125
0 0.159375 0.6578125 0.1 0.08125
0 0.6578125 0.47890625 0.096875 0.0796875
0 0.5921875 0.6671875 0.096875 0.08125
0 0.2984375 0.79140625 0.1078125 0.0875
0 0.8328125 0.45703125 0.090625 0.078125
0 0.60703125 0.62109375 0.09375 0.0765625
0 0.36875 0.6375 0.1015625 0.0859375
0 0.73046875 0.5125 0.0828125 0.0671875
0 0.71640625 0.55390625 0.0875 0.0734375
0 0.7953125 0.59453125 0.0984375 0.08125
0 0.74296875 0.4734375 0.0859375 0.0703125
0 0.41484375 0.54296875 0.096875 0.0828125
0 0.3953125 0.59140625 0.1046875 0.084375
0 0.7046875 0.59765625 0.0921875 0.075
0 0.8203125 0.503125 0.0953125 0.075
0 0.04296875 0.52578125 0.0859375 0.0796875
0 0.46328125 0.44609375 0.096875 0.08125
0 0.68203125 0.39375 0.09375 0.078125
0 0.8078125 0.5453125 0.09375 0.0734375
0 0.44140625 0.49296875 0.0984375 0.078125
0 0.5765625 0.4625 0.09375 0.078125
0 0.7984375 0.984375 0.059375 0.03125
0 0.66953125 0.43515625 0.0953125 0.078125
0 0.87890625 0.76484375 0.0953125 0.08125
0 0.5671875 0.49921875 0.090625 0.071875
0 0.8140625 0.96640625 0.05625 0.05
0 0.82578125 0.9359375 0.053125 0.0453125
0 0.8640625 0.8109375 0.0890625 0.0734375
0 0.840625 0.90234375 0.0578125 0.0515625
0 0.84609375 0.85625 0.0921875 0.08125
0 0.8921875 0.71796875 0.0890625 0.0734375
0 0.4515625 0.59765625 0.078125 0.1265625
0 0.0265625 0.69296875 0.053125 0.1484375
0 0.0640625 0.7 0.0921875 0.1546875
0 0.92734375 0.59609375 0.0828125 0.0671875
0 0.9109375 0.63828125 0.0734375 0.0578125
0 0.934375 0.5671875 0.06875 0.0484375
0 0.9921875 0.5390625 0.015625 0.05625
0 0.903125 0.678125 0.084375 0.065625