0 0.865625 0.7765625 0.19375 0.20625
0 0.82578125 0.5953125 0.1828125 0.2046875
0 0.78828125 0.40234375 0.19375 0.2
0 0.75078125 0.2078125 0.190625 0.2125
0 0.58359375 0.24375 0.1921875 0.2171875
0 0.61875 0.4328125 0.1890625 0.20625
0 0.659375 0.61796875 0.1890625 0.209375
0 0.7 0.81171875 0.1890625 0.203125
0 0.53828125 0.8421875 0.1921875 0.2109375
0 0.49765625 0.6515625 0.196875 0.2140625
0 0.4546875 0.4609375 0.1984375 0.2171875
0 0.41953125 0.26640625 0.19375 0.2109375
0 0.2875 0.49453125 0.1953125 0.209375
0 0.33046875 0.690625 0.2015625 0.203125
0 0.36953125 0.88515625 0.1953125 0.2125
0 0.23203125 0.30625 0.19375 0.2203125