0 0.621875 0.809375 0.1484375 0.10859375
0 0.46953125 0.8078125 0.14765625 0.11171875
0 0.47109375 0.7015625 0.1421875 0.10546875
0 0.62265625 0.70703125 0.1390625 0.0890625
0 0.62578125 0.60703125 0.1375 0.09140625
0 0.47734375 0.6 0.1453125 0.09765625
0 0.47890625 0.50703125 0.1390625 0.0921875
0 0.6203125 0.51484375 0.13359375 0.09375
0 0.6203125 0.4265625 0.128125 0.078125
0 0.61875 0.33984375 0.12578125 0.0890625
0 0.61640625 0.26015625 0.121875 0.08203125
0 0.61484375 0.17890625 0.12265625 0.07578125
0 0.48515625 0.24765625 0.13359375 0.0859375
0 0.4859375 0.3328125 0.13671875 0.08515625
0 0.48125 0.41796875 0.1421875 0.08125
0 0.309375 0.60078125 0.14609375 0.0875
0 0.30703125 0.7 0.14453125 0.09765625
0 0.3 0.803125 0.1484375 0.1015625
0 0.15234375 0.803125 0.1390625 0.09765625
0 0.159375 0.7015625 0.1421875 0.10546875
0 0.1640625 0.603125 0.134375 0.084375
0 0.17109375 0.50703125 0.13203125 0.0875
0 0.17890625 0.415625 0.13984375 0.0796875
0 0.184375 0.32734375 0.13515625 0.07890625
0 0.18984375 0.24375 0.13515625 0.07890625
0 0.1953125 0.16328125 0.1328125 0.06875
0 0.86640625 0.80390625 0.265625 0.10078125
0 0.7703125 0.71015625 0.12734375 0.0890625
0 0.9203125 0.70390625 0.1265625 0.08515625
0 0.90234375 0.61640625 0.1171875 0.0671875
0 0.76640625 0.609375 0.13125 0.08203125
0 0.7609375 0.52734375 0.125 0.07421875
0 0.88515625 0.5390625 0.1203125 0.06875
0 0.87890625 0.4546875 0.12265625 0.08515625
0 0.7578125 0.4421875 0.12421875 0.08984375
0 0.75078125 0.35703125 0.121875 0.07109375
0 0.75078125 0.2828125 0.11796875 0.06796875
0 0.87109375 0.2859375 0.11875 0.065625
0 0.875 0.3609375 0.12421875 0.08828125