0 0.4984375 0.55390625 0.1984375 0.16875
0 0.54453125 0.653125 0.1890625 0.15625
0 0.5875 0.7484375 0.1890625 0.1578125
0 0.6265625 0.83125 0.18125 0.140625
0 0.6125 0.384375 0.1984375 0.1640625
0 0.66015625 0.48671875 0.1890625 0.1546875
0 0.70078125 0.584375 0.1875 0.15625
0 0.740625 0.68203125 0.1859375 0.1546875
0 0.778125 0.7640625 0.178125 0.1453125
0 0.72109375 0.1921875 0.1984375 0.1671875
0 0.8161507890624999 0.21039741250000002 0.6654118875 0.287499065625 0.6675497312500001 0.2882048890625 0.712369471875 0.3881999296875 0.857354053125 0.306970534375 0.8161507890624999 0.21039741250000002
0 0.8558966187499999 0.31616389218749996 0.7128875109374999 0.39136387968749997 0.7172403609375 0.397847778125 0.7504459859375 0.476014696875 0.8937046453124999 0.407509290625 0.8558966187499999 0.31616389218749996
0 0.891710409375 0.42376391093750004 0.7585218015625 0.4994927546875 0.759477590625 0.5007497796875 0.791246621875 0.577883796875 0.928751021875 0.5052507765625001 0.891710409375 0.42376391093750004
0 0.9308228234374999 0.5179065765625 0.80143208125 0.5935671640625 0.803298521875 0.597805059375 0.8331208609375 0.6656303734375 0.9636818171874999 0.5945323375 0.9308228234374999 0.5179065765625
0 0.9969057687499999 0.68631260625 0.9630109046875001 0.603359009375 0.83261626875 0.6760821296875 0.86504045625 0.7546134390625 0.9969057687499999 0.68631260625