0 0.61953125 0.53515625 0.175 0.1296875
0 0.553125 0.38359375 0.1359375 0.09375
0 0.6390625 0.63984375 0.1734375 0.125
0 0.6578125 0.740625 0.175 0.1203125
0 0.6734375 0.8296875 0.1671875 0.11875
0 0.76328125 0.3984375 0.1734375 0.121875
0 0.7828125 0.50625 0.1703125 0.1234375
0 0.7984375 0.6078125 0.171875 0.125
0 0.81171875 0.70390625 0.1625 0.1109375
0 0.82734375 0.79921875 0.1625 0.11875
0 0.89140625 0.2453125 0.1421875 0.115625
0 0.91015625 0.3515625 0.1515625 0.115625
0 0.9265625 0.45390625 0.146875 0.1140625
0 0.93125 0.55390625 0.1375 0.1234375
0 0.940625 0.64921875 0.11875 0.1078125
0 0.94765625 0.73984375 0.1046875 0.0953125
0 0.1484375 0.58125 0.10625 0.1578125
0 0.19140625 0.73046875 0.1015625 0.1546875
0 0.2789177890625 0.917117634375 0.247313834375 0.7884697953125 0.171019153125 0.8150994578124999 0.2036563703125 0.9312217203125 0.2789177890625 0.917117634375
0 0.0918097125 0.808270653125 0.16273554375 0.791301678125 0.12233607500000002 0.6588437125 0.05072293906250001 0.6750121671875 0.0918097125 0.808270653125
0 0.20027134218749998 0.9253149468749999 0.1629962234375 0.795032715625 0.095194740625 0.8141774249999999 0.1311292 0.930545446875 0.130091559375 0.930766003125 0.20027134218749998 0.9253149468749999