0 0.17734375 0.15625 0.08125 0.071875
0 0.153125 0.25703125 0.0921875 0.084375
0 0.16015625 0.34921875 0.0875 0.090625
0 0.16875 0.4484375 0.09375 0.0875
0 0.1765625 0.54453125 0.1015625 0.1
0 0.184375 0.64765625 0.103125 0.1
0 0.196875 0.75390625 0.103125 0.1015625
0 0.2109375 0.859375 0.096875 0.103125
0 0.2359375 0.24609375 0.075 0.0921875
0 0.196875 0.24140625 0.0015625 0.0015625
0 0.24375 0.33515625 0.0859375 0.0875
0 0.2546875 0.43359375 0.0828125 0.0828125
0 0.26953125 0.52734375 0.09375 0.0875
0 0.28203125 0.634375 0.0984375 0.09375
0 0.29375 0.73671875 0.096875 0.096875
0 0.30625 0.8453125 0.1046875 0.1015625
0 0.315625 0.23046875 0.0921875 0.090625
0 0.33359375 0.32109375 0.090625 0.084375
0 0.34296875 0.41640625 0.096875 0.0828125
0 0.36015625 0.5109375 0.096875 0.09375
0 0.37421875 0.61015625 0.103125 0.0953125
0 0.38671875 0.71796875 0.0984375 0.0953125
0 0.4078125 0.8296875 0.1015625 0.1078125
0 0.58359375 0.43828125 0.1390625 0.16875
0 0.6078125 0.59609375 0.146875 0.175
0 0.63359375 0.76640625 0.1484375 0.178125
0 0.72578125 0.47734375 0.146875 0.1390625
0 0.75546875 0.615625 0.1515625 0.153125
0 0.78046875 0.7578125 0.1546875 0.15