0 0.24921875 0.41328125 0.06875 0.0328125
0 0.2453125 0.53984375 0.06875 0.03125
0 0.24375 0.59140625 0.0640625 0.0375
0 0.2421875 0.63984375 0.06796875 0.0453125
0 0.2390625 0.690625 0.078125 0.05078125
0 0.24609375 0.73515625 0.06796875 0.03125
0 0.24765625 0.77421875 0.06875 0.03671875
0 0.2421875 0.8078125 0.0765625 0.03125
0 0.23984375 0.84765625 0.07734375 0.0296875
0 0.340625 0.33203125 0.06796875 0.0453125
0 0.33203125 0.38359375 0.06484375 0.03125
0 0.33046875 0.421875 0.06640625 0.0296875
0 0.328125 0.5109375 0.0765625 0.0359375
0 0.328125 0.559375 0.071875 0.03671875
0 0.3265625 0.6140625 0.07578125 0.04375
0 0.33203125 0.67109375 0.08359375 0.03828125
0 0.3359375 0.72109375 0.0828125 0.0421875
0 0.3328125 0.77578125 0.0796875 0.04375
0 0.3265625 0.8296875 0.08125 0.03671875
0 0.41484375 0.5578125 0.0765625 0.05
0 0.41953125 0.615625 0.08046875 0.0390625
0 0.41953125 0.6640625 0.07890625 0.0390625
0 0.4296875 0.71484375 0.07890625 0.0390625
0 0.421875 0.77578125 0.0796875 0.05
0 0.4203125 0.8328125 0.0890625 0.06015625
0 0.603125 0.53125 0.11171875 0.0828125
0 0.60390625 0.61875 0.11953125 0.071875
0 0.60390625 0.71328125 0.11875 0.08046875
0 0.6046875 0.8078125 0.12265625 0.0796875
0 0.71171875 0.05625 0.11171875 0.0703125
0 0.7140625 0.13125 0.11484375 0.06328125
0 0.7203125 0.209375 0.11484375 0.06328125
0 0.72265625 0.28984375 0.1140625 0.07421875
0 0.72421875 0.36796875 0.12578125 0.07421875
0 0.73359375 0.446875 0.1171875 0.0703125
0 0.7328125 0.534375 0.12109375 0.07421875
0 0.73828125 0.61796875 0.1234375 0.0796875
0 0.7421875 0.7109375 0.128125 0.09140625
0 0.74453125 0.803125 0.128125 0.07421875
0 0.84921875 0.1953125 0.10703125 0.075
0 0.85703125 0.271875 0.11875 0.06875
0 0.86953125 0.35234375 0.11484375 0.06640625
0 0.87109375 0.434375 0.11953125 0.06875
0 0.875 0.525 0.12265625 0.0703125
0 0.88671875 0.6171875 0.12265625 0.084375
0 0.88984375 0.7015625 0.1203125 0.07109375
0 0.8984375 0.79921875 0.13046875 0.071875