0 0.453125 0.41015625 0.17421875 0.1484375
0 0.45390625 0.5609375 0.16796875 0.13671875
0 0.4421875 0.6984375 0.16171875 0.13125
0 0.44453125 0.83203125 0.15546875 0.1203125
0 0.290625 0.82734375 0.13984375 0.12890625
0 0.2875 0.69296875 0.13359375 0.125
0 0.28359375 0.5546875 0.1390625 0.13515625
0 0.146875 0.69375 0.12578125 0.12890625
0 0.15625 0.82578125 0.12734375 0.125
0 0.46953125 0.2515625 0.13828125 0.125
0 0.3453125 0.246875 0.0984375 0.10546875
0 0.23984375 0.2515625 0.1 0.10703125
0 0.2421875 0.3640625 0.10390625 0.0984375
0 0.33046875 0.3578125 0.0625 0.09921875
0 0.7171875 0.265625 0.1328125 0.14375
0 0.72265625 0.4265625 0.12109375 0.15390625
0 0.7578125 0.6546875 0.1375 0.13515625
0 0.746875 0.8046875 0.140625 0.15
0 0.9203125 0.85234375 0.14375 0.1734375
0 0.9296875 0.67421875 0.13984375 0.18203125
0 0.93515625 0.4859375 0.12890625 0.18984375
0 0.94296875 0.28046875 0.1140625 0.20390625