0 0.78828125 0.2734375 0.146875 0.1921875
0 0.78515625 0.4703125 0.146875 0.1921875
0 0.78203125 0.665625 0.146875 0.1953125
0 0.78125 0.85390625 0.1421875 0.1875
0 0.55234375 0.86171875 0.1390625 0.178125
0 0.55703125 0.67421875 0.1484375 0.2015625
0 0.5640625 0.471875 0.1453125 0.1859375
0 0.56328125 0.2796875 0.1484375 0.2046875
0 0.41953125 0.27421875 0.1515625 0.196875
0 0.415625 0.475 0.15625 0.20625
0 0.4125 0.6640625 0.14375 0.1859375
0 0.41328125 0.87265625 0.15625 0.2046875
0 0.2609375 0.87109375 0.159375 0.1921875
0 0.26328125 0.67578125 0.1578125 0.2046875
0 0.2671875 0.47265625 0.1609375 0.1921875
0 0.1078125 0.875 0.153125 0.2015625
0 0.1078125 0.67734375 0.159375 0.2140625
0 0.1109375 0.471875 0.1640625 0.2015625
0 0.26875 0.26484375 0.1625 0.20625
0 0.11171875 0.26484375 0.165625 0.2
0 0.92578125 0.278125 0.1390625 0.2015625
0 0.92890625 0.47421875 0.1421875 0.1953125
0 0.9203125 0.6640625 0.1359375 0.1921875
0 0.91875 0.85546875 0.1390625 0.184375