0 1 0.532698140625 0.9103607640625 0.5067628828124999 0.874529803125 0.6269393515624999 0.978336484375 0.654470946875 1 0.55255211875 1 0.532698140625
0 0.9731501484375 0.678870734375 0.9779305781250001 0.6563805875 0.8715674265625 0.6291495125 0.838485415625 0.74423061875 0.9425805296875 0.7701431640624999 0.9731501484375 0.678870734375
0 0.9078762203125 0.8858260515625 0.943338575 0.7740907390625 0.8376517015625 0.747839853125 0.80688186875 0.85252639375 0.9078762203125 0.8858260515625
0 0.8703884093750001 0.9895579484375 0.9045608609375 0.8879611859375001 0.8009440250000001 0.8612036890624999 0.7703607046875 0.9692430156249999 0.8703884093750001 0.9895579484375
0 0.753262109375 0.7866989921875 0.8168643453125 0.8030579 0.8688706343750001 0.6210033984375001 0.8059279437500001 0.60478468125 0.753262109375 0.7866989921875
0 0.7675532078125 0.972432709375 0.8154605968749999 0.804652746875 0.7493677171875001 0.7924974953125 0.7038477750000001 0.9522654203125 0.7675532078125 0.972432709375
0 0.396588434375 0.9068342749999999 0.522715203125 0.3334915546875 0.396091303125 0.30089714375 0.2856034203125 0.887976740625 0.396588434375 0.9068342749999999
0 0.1746908359375 0.05978163125 0.08695290312500001 0.0383666390625 0.058119953125 0.174015003125 0.15295729375 0.18958087968749998 0.1746908359375 0.05978163125
0 0.1494920984375 0.20588334062500002 0.055781221874999995 0.1850178671875 0.0282651984375 0.31447058125 0.13139226875 0.3336151234375 0.1494920984375 0.20588334062500002
0 0 0.45132273281249996 0.10760927812500001 0.4705516421875 0.126727834375 0.3430363953125 0.02652495625 0.322657771875 0 0.44744787812500003 0 0.45132273281249996
0 0 0.5851380265625 0.085683225 0.601256584375 0.10582050937500001 0.47395787343749995 0 0.458781778125 0 0.5851380265625
0 0 0.7135809515625 0.0693721671875 0.7255821359375 0.08395062812500001 0.6094078140625 0 0.59156355625 0 0.7135809515625
0 0 0.829163084375 0.050401945312499995 0.8398763484374999 0.0671422015625 0.726054753125 0 0.714545171875 0 0.829163084375
0 0.303125 0.434375 0.1484375 0.15625
0 0.27890625 0.5734375 0.140625 0.15
0 0.253125 0.703125 0.1421875 0.1359375
0 0.2328125 0.82265625 0.128125 0.128125
0 0.2296875 0.1390625 0.1578125 0.159375
0 0.2046875 0.284375 0.14375 0.15
0 0.17734375 0.42109375 0.146875 0.14375
0 0.15625 0.5546875 0.134375 0.1390625
0 0.1359375 0.68125 0.1390625 0.1359375
0 0.11953125 0.7984375 0.1375 0.1265625