0 0.30234375 0.5703125 0.125 0.18125
0 0.296875 0.76328125 0.13359375 0.18203125
0 0.44609375 0.39453125 0.1328125 0.16796875
0 0.4421875 0.575 0.1359375 0.17734375
0 0.44296875 0.7640625 0.13671875 0.18359375
0 0.60390625 0.2359375 0.11953125 0.07890625
0 0.60390625 0.32265625 0.12109375 0.0671875
0 0.60625 0.40546875 0.1234375 0.071875
0 0.61171875 0.49453125 0.13125 0.084375
0 0.615625 0.590625 0.13125 0.08125
0 0.62109375 0.69609375 0.1359375 0.08203125
0 0.62265625 0.79375 0.14609375 0.0859375
0 0.7359375 0.25234375 0.12421875 0.06875
0 0.7390625 0.33671875 0.12578125 0.065625
0 0.74375 0.421875 0.12578125 0.075
0 0.753125 0.50859375 0.13203125 0.0734375
0 0.75703125 0.6015625 0.1234375 0.07890625
0 0.76796875 0.6984375 0.13671875 0.08125
0 0.76875 0.79765625 0.1265625 0.075