0 0.69140625 0.2625 0.1515625 0.165625
0 0.74296875 0.36796875 0.1421875 0.1546875
0 0.8328125 0.32265625 0.14375 0.1546875
0 0.79609375 0.48359375 0.14375 0.1578125
0 0.89140625 0.4375 0.1328125 0.1390625
0 0.84609375 0.590625 0.1375 0.14375
0 0.89765625 0.69453125 0.1421875 0.1453125
0 0.93359375 0.5453125 0.1328125 0.15
0 0.95703125 0.64765625 0.0859375 0.1578125
0 0.73671875 0.73359375 0.2 0.2265625
0 0.6453125 0.5671875 0.19375 0.225
0 0.55703125 0.3953125 0.1890625 0.225
0 0.40546875 0.384375 0.19375 0.2296875
0 0.490625 0.559375 0.1859375 0.2203125
0 0.59296875 0.759375 0.25 0.3015625
0 0.41875 0.79453125 0.334375 0.4109375
0 0.1640625 0.7 0.15625 0.1375
0 0.3328125 0.96796875 0.153125 0.0640625
0 0.296875 0.93046875 0.15625 0.1375
0 0.2515625 0.85078125 0.1578125 0.140625
0 0.215625 0.77734375 0.1640625 0.146875