0 0.69921875 0.22578125 0.15625 0.165625
0 0.66484375 0.3703125 0.153125 0.1578125
0 0.63125 0.50859375 0.15 0.1578125
0 0.6 0.6328125 0.14375 0.140625
0 0.56640625 0.7625 0.1453125 0.1484375
0 0.8682759250000001 0.3436516890625 0.7478829874999999 0.31585678906250003 0.7461622140624999 0.319894125 0.71379550625 0.45116285156249997 0.8290192671875 0.48283250312500003 0.8682759250000001 0.3436516890625
0 0.5798823015625 0.9448019859375 0.605275521875 0.8378977640624999 0.49435172656250004 0.8122889875 0.4940076125 0.8147435296875001 0.4680044578125 0.92024003125 0.5798823015625 0.9448019859375
0 0.7891580406250001 0.6092033390625 0.8257584124999999 0.48461377812500006 0.711040953125 0.4581291078125 0.6810966171875 0.580454265625 0.7891580406250001 0.6092033390625
0 0.6737079375 0.592052340625 0.6451725671874999 0.7051999671875 0.7590795046875 0.730230375 0.7908736000000001 0.6172016578124999 0.6748166999999999 0.58914073125 0.6734639296875 0.5888284203125 0.6737079375 0.592052340625
0 0.750094159375 0.7382923 0.6444603734375 0.7113707171875 0.64335083125 0.71428214375 0.6155285593750001 0.8212592328125 0.7191332015625 0.8477122953125 0.750094159375 0.7382923
0 0.6835228125 0.9649281562500001 0.7136506046875 0.8591169953125 0.6113803609375 0.8342389125 0.58397635625 0.9394119999999999 0.6835228125 0.9649281562500001
0 0.6050983984375 0.295562771875 0.630092959375 0.18729943124999998 0.4657800359375 0.154432953125 0.4434473375 0.258242684375 0.6050983984375 0.295562771875
0 0.441565684375 0.2685781078125 0.42278867656249997 0.3662400234375 0.533990121875 0.3906458765625 0.584439734375 0.40356011093750005 0.6088788578125001 0.2977026390625 0.442058746875 0.26425733125 0.441565684375 0.2685781078125
0 0.490625 0.44921875 0.18125 0.13125
0 0.46875 0.5546875 0.175 0.1296875
0 0.44296875 0.6546875 0.178125 0.1328125
0 0.488301571875 0.8188112000000001 0.50889895625 0.7295941265625 0.35401290625000004 0.6938358640625 0.3359180171875 0.7794071796875001 0.488301571875 0.8188112000000001
0 0.4669390296875 0.9036280203124999 0.4867114078125 0.8205557859375 0.3345285734375 0.7859495125 0.3162165234375 0.8698868890625 0.4669390296875 0.9036280203124999
0 0.42211879999999996 0.3674579796875 0.4428058078125 0.26242366875 0.2734429203125 0.22860247500000003 0.254688771875 0.33408307187499997 0.42211879999999996 0.3674579796875
0 0.3968928 0.47672379062500003 0.41516476406249997 0.37957883593749997 0.2485557546875 0.3479772296875 0.23171729531250002 0.4438693296875 0.3968928 0.47672379062500003
0 0.3775645265625 0.5810159374999999 0.39729592343750003 0.48526377187499997 0.23152060625 0.45649434062500005 0.21510639375 0.5466771265625 0.3775645265625 0.5810159374999999
0 0.3538430640625 0.677219596875 0.37057781093750003 0.59239013125 0.216045934375 0.5554465546875 0.19676974687499998 0.6447574890625 0.3538430640625 0.677219596875
0 0.191408046875 0.6587241484375 0.19474761406250002 0.6569609875 0.183103234375 0.7378974484375 0.335961596875 0.7731875828125 0.35134360781249996 0.6880459296875 0.1954986453125 0.653322375 0.19550206718750002 0.653334040625 0.191408046875 0.6587241484375
0 0.3160868203125 0.862360321875 0.3336189078125 0.7802489828125 0.1791754734375 0.752195159375 0.166019021875 0.8365836578125 0.3160868203125 0.862360321875
0 0.2123268671875 0.4570257375 0.05549539375 0.4296876140625 0.053529012499999994 0.4305006609375 0.0392802171875 0.5184380984375 0.1961967671875 0.5546651390624999 0.2123268671875 0.4570257375
0 0.19489325 0.5695687046875 0.040126709375 0.5363721375 0.039699109375 0.5413415671874999 0.024744684375 0.6215138453125 0.18178213593749998 0.6603029593749999 0.19489325 0.5695687046875
0 0.1835335296875 0.6619742640624999 0.0299988125 0.62652798125 0.0294365703125 0.63209986875 0.013228196875 0.7176843374999999 0.16946839375 0.7537552296875 0.1835335296875 0.6619742640624999
0 0.164818884375 0.761551140625 0.0156200796875 0.7258388 0.01386443125 0.727334040625 0.0003589703125 0.813542528125 0.14955780624999998 0.849254875 0.164818884375 0.761551140625
0 0.21793725312499998 0.4528304375 0.23703409999999997 0.3495407140625 0.07062186718749999 0.31745663281250003 0.055146934375 0.41735913281250003 0.21793725312499998 0.4528304375
0 0.8767503281250001 0.6387172765625 0.8114282125000001 0.6130777609375 0.8064626531249999 0.6108754703125 0.741528921875 0.7975552703125001 0.8167950296875001 0.82126703125 0.8767503281250001 0.6387172765625