0 0.55546875 0.528125 0.1375 0.278125
0 0.4953125 0.78203125 0.1375 0.2671875
0 0.2671875 0.72109375 0.1515625 0.1515625
0 0.421875 0.60859375 0.1359375 0.1375
0 0.39453125 0.73671875 0.140625 0.1484375
0 0.36875 0.28984375 0.1015625 0.1921875
0 0.440625 0.309375 0.1046875 0.2
0 0.50859375 0.32421875 0.1 0.2015625
0 0.36328125 0.440625 0.11875 0.1171875
0 0.075 0.6 0.15 0.184375
0 0.0640625 0.75390625 0.128125 0.1609375
0 0.178125 0.41953125 0.140625 0.140625
0 0.20546875 0.28125 0.1421875 0.1515625