0 0.8131868125 0.69384765625 0.8824175828125 0.69580078125 0.978021978125 0.697265625 0.9802197796875 0.6953125 0.971153846875 0.544921875 0.9689560437500001 0.53271484375 0.95576923125 0.5302734375 0.8211538468749999 0.5263671875 0.8024725281249999 0.52685546875 0.796153846875 0.5302734375 0.796978021875 0.599609375 0.8002747250000001 0.66845703125 0.802747253125 0.69140625 0.8131868125 0.69384765625
0 0.9368131875 0.87109375 0.9920329671875001 0.87060546875 0.9947802203125 0.8681640625 0.984340659375 0.708984375 0.9829670328125 0.69970703125 0.98131868125 0.697265625 0.8123626375 0.6923828125 0.8052197796874999 0.69384765625 0.8074175828125 0.787109375 0.8109890109375 0.86767578125 0.8351648359375 0.8701171875 0.9368131875 0.87109375
0 0.796428571875 0.52685546875 0.7983516484375001 0.52490234375 0.79340659375 0.40869140625 0.7898351640625 0.3701171875 0.7167582421875001 0.36669921875 0.70659340625 0.3701171875 0.7071428578125001 0.43212890625 0.7109890109375 0.5244140625 0.7799450546875 0.52734375 0.796428571875 0.52685546875
0 0.8016483515624999 0.5234375 0.8126373625 0.52685546875 0.89395604375 0.53125 0.9104395609375 0.53076171875 0.9142857140625 0.52880859375 0.9137362640625 0.49658203125 0.9087912093750001 0.42626953125 0.9079670328124999 0.41943359375 0.9057692312500001 0.41552734375 0.7978021984375 0.4150390625 0.796428571875 0.41748046875 0.797252746875 0.466796875 0.79945055 0.51416015625 0.8016483515624999 0.5234375
0 0.7832417578124999 0.69384765625 0.8 0.69384765625 0.8019230765625001 0.69189453125 0.802747253125 0.6826171875 0.7958791203125 0.5341796875 0.79450549375 0.52783203125 0.709065934375 0.52685546875 0.7076923078124999 0.52978515625 0.708791209375 0.60693359375 0.7115384609375 0.67724609375 0.7131868124999999 0.6904296875 0.7832417578124999 0.69384765625
0 0.8101648359375 0.85302734375 0.8101648359375 0.841796875 0.8038461531250001 0.6962890625 0.7206043953125 0.6943359375 0.7159340656250001 0.69580078125 0.7178571421875 0.8125 0.7200549453125 0.865234375 0.8079670328124999 0.8701171875 0.8101648359375 0.85302734375
0 0.5892857140625 0.88232421875 0.6326923078125 0.88427734375 0.6730769234375 0.8798828125 0.66868131875 0.7080078125 0.665659340625 0.70556640625 0.6574175828125 0.70458984375 0.634615384375 0.7041015625 0.578021978125 0.7099609375 0.5769230765625 0.7109375 0.5769230765625 0.7177734375 0.5799450546875 0.87890625 0.5892857140625 0.88232421875
0 0.5093406593750001 0.8828125 0.5601648359375 0.88330078125 0.5802197796875 0.8779296875 0.5799450546875 0.76171875 0.578846153125 0.7216796875 0.5760989015625 0.7119140625 0.5645604390625001 0.70947265625 0.5041208796875 0.70947265625 0.4873626375 0.71044921875 0.48626373593750005 0.71337890625 0.4857142859375 0.83056640625 0.4868131875 0.87158203125 0.4887362640625 0.87890625 0.5093406593750001 0.8828125
0 0.4868131875 0.87890625 0.48626373593750005 0.70751953125 0.43269230781249995 0.70751953125 0.39780219843750003 0.7099609375 0.3953296703125 0.71826171875 0.39478022031250004 0.87255859375 0.396703296875 0.8798828125 0.46785714218749996 0.8818359375 0.4868131875 0.87890625
0 0.20027472500000001 0.8740234375 0.20192307656250003 0.8701171875 0.2071428578125 0.71826171875 0.20631868125000002 0.7099609375 0.2016483515625 0.705078125 0.166208790625 0.7021484375 0.115934065625 0.7041015625 0.1140109890625 0.71240234375 0.11208791250000001 0.73583984375 0.10631868124999999 0.84814453125 0.10604395625 0.86865234375 0.1137362640625 0.87451171875 0.1898351640625 0.87744140625 0.20027472500000001 0.8740234375
0 0.378846153125 0.86865234375 0.36923076875 0.71044921875 0.3667582421875 0.70703125 0.36236263750000003 0.7041015625 0.202747253125 0.705078125 0.203296703125 0.8681640625 0.2131868125 0.87109375 0.37527472500000003 0.87109375 0.378846153125 0.86865234375
0 0.30384615312499996 0.701171875 0.30549450624999996 0.6982421875 0.30659340625 0.68701171875 0.3148351640625 0.55126953125 0.3137362640625 0.53515625 0.309340659375 0.52880859375 0.29285714218750003 0.5263671875 0.13104395625 0.5302734375 0.128571428125 0.53759765625 0.124725275 0.572265625 0.11923076875000001 0.67822265625 0.11950549375 0.69873046875 0.1376373625 0.70458984375 0.28159340624999996 0.70458984375 0.30384615312499996 0.701171875
0 0.396153846875 0.705078125 0.40659340625 0.7041015625 0.41181318750000007 0.69970703125 0.415659340625 0.6875 0.4170329671875 0.67138671875 0.41895604375 0.5859375 0.4178571421875 0.57421875 0.4046703296875 0.572265625 0.35054945000000004 0.57421875 0.3453296703125 0.60693359375 0.34340659375000004 0.69140625 0.34450549375 0.69677734375 0.3645604390625 0.703125 0.396153846875 0.705078125