0 0.51171875 0.8578125 0.1765625 0.1703125
0 0.6359375 0.91875 0.175 0.1625
0 0.54375 0.7609375 0.1640625 0.1484375
0 0.6765625 0.8328125 0.1609375 0.1484375
0 0.58515625 0.6734375 0.1625 0.146875
0 0.70625 0.7375 0.1640625 0.15
0 0.6265625 0.5890625 0.15 0.134375
0 0.6640625 0.51796875 0.1625 0.1484375
0 0.703125 0.44765625 0.1484375 0.13125
0 0.7421875 0.3796875 0.140625 0.1296875
0 0.853125 0.44375 0.140625 0.1234375
0 0.81484375 0.51171875 0.15 0.1390625
0 0.778125 0.58359375 0.146875 0.1328125
0 0.74453125 0.6515625 0.15625 0.1421875
0 0.6703125 0.221875 0.1453125 0.1265625
0 0.35546875 0.76171875 0.1765625 0.1609375
0 0.2203125 0.69375 0.1796875 0.1578125
0 0.275 0.6 0.184375 0.1625
0 0.40546875 0.6828125 0.16875 0.14375
0 0.46015625 0.59609375 0.165625 0.1453125
0 0.32578125 0.52265625 0.1703125 0.15
0 0.38125 0.4453125 0.178125 0.1609375
0 0.42421875 0.36953125 0.1734375 0.1609375
0 0.471875 0.29453125 0.16875 0.15
0 0.5109375 0.22421875 0.1640625 0.15
0 0.63125 0.29140625 0.159375 0.1453125
0 0.5921875 0.36640625 0.1609375 0.14375
0 0.54765625 0.4390625 0.15625 0.1375
0 0.503125 0.5125 0.15625 0.1375