0 0.46953125 0.4265625 0.13984375 0.0875
0 0.465625 0.7046875 0.140625 0.0953125
0 0.61640625 0.803125 0.1421875 0.09921875
0 0.6109375 0.60625 0.13359375 0.09453125
0 0.6140625 0.703125 0.1375 0.09609375
0 0.31875 0.52578125 0.1421875 0.09140625
0 0.46796875 0.51796875 0.14453125 0.0921875
0 0.465625 0.80390625 0.14296875 0.09375
0 0.46875 0.259375 0.1375 0.0828125
0 0.46640625 0.6109375 0.13828125 0.090625
0 0.4703125 0.34296875 0.1375 0.0828125
0 0.46796875 0.18359375 0.1265625 0.078125
0 0.76796875 0.34375 0.128125 0.084375
0 0.771875 0.43125 0.13046875 0.08671875
0 0.7625 0.2609375 0.125 0.08046875
0 0.30859375 0.7140625 0.14453125 0.09609375
0 0.3203125 0.4359375 0.13515625 0.0859375
0 0.3078125 0.81484375 0.14375 0.09296875
0 0.1578125 0.8140625 0.146875 0.09453125
0 0.88828125 0.275 0.11796875 0.0796875
0 0.315625 0.61640625 0.13984375 0.084375
0 0.3359375 0.03515625 0.1203125 0.06484375
0 0.77421875 0.51953125 0.14140625 0.090625
0 0.334375 0.1078125 0.12734375 0.0734375
0 0.165625 0.7140625 0.13828125 0.090625
0 0.325 0.26484375 0.13203125 0.07890625
0 0.328125 0.18515625 0.1296875 0.078125
0 0.7796875 0.71015625 0.1421875 0.09140625
0 0.8953125 0.35234375 0.1171875 0.0828125
0 0.18125 0.5203125 0.13515625 0.0890625
0 0.78203125 0.8078125 0.14609375 0.09921875
0 0.3234375 0.34765625 0.13203125 0.08046875
0 0.1734375 0.61640625 0.13359375 0.0875
0 0.87578125 0.1953125 0.115625 0.0765625
0 0.90234375 0.43828125 0.1203125 0.0828125
0 0.7796875 0.61484375 0.13828125 0.09296875
0 0.92578125 0.8078125 0.13828125 0.0984375
0 0.925 0.71015625 0.14140625 0.0890625
0 0.90859375 0.52421875 0.128125 0.08671875
0 0.92109375 0.61875 0.1390625 0.08828125
0 0.97265625 0.2953125 0.05390625 0.0703125
0 0.97578125 0.36796875 0.0484375 0.0765625
0 0.98515625 0.45625 0.0296875 0.078125
0 0.98984375 0.534375 0.0203125 0.07734375
0 0.990625 0.61796875 0.01796875 0.084375