0 0.48125 0.690625 0.153125 0.09375
0 0.47734375 0.58828125 0.1453125 0.09375
0 0.62578125 0.50546875 0.1359375 0.0875
0 0.48125 0.79765625 0.15625 0.1
0 0.6203125 0.2453125 0.1359375 0.08046875
0 0.62265625 0.4171875 0.14375 0.08515625
0 0.6328125 0.6984375 0.1421875 0.0921875
0 0.62109375 0.33125 0.1328125 0.0796875
0 0.47734375 0.490625 0.13984375 0.0875
0 0.296875 0.765625 0.1484375 0.184375
0 0.6328125 0.796875 0.14453125 0.09375
0 0.47578125 0.31484375 0.13125 0.07734375
0 0.484375 0.23046875 0.128125 0.0796875
0 0.15859375 0.56875 0.1359375 0.17578125
0 0.14453125 0.7625 0.1421875 0.1890625
0 0.62734375 0.59921875 0.13671875 0.0890625
0 0.309375 0.384375 0.13984375 0.1640625
0 0.29921875 0.56953125 0.140625 0.17578125
0 0.47734375 0.40234375 0.134375 0.0796875
0 0.80703125 0.86484375 0.07734375 0.05390625
0 0.8015625 0.8078125 0.08046875 0.05
0 0.809375 0.91796875 0.07890625 0.05234375
0 0.96796875 0.72109375 0.06328125 0.0515625
0 0.79140625 0.7015625 0.0765625 0.0515625
0 0.878125 0.75234375 0.0828125 0.0515625
0 0.79375 0.75625 0.0796875 0.05078125
0 0.96875 0.77421875 0.0625 0.0484375
0 0.9671875 0.66328125 0.065625 0.0578125
0 0.96640625 0.60859375 0.0671875 0.053125
0 0.96796875 0.8296875 0.06171875 0.0453125
0 0.86796875 0.86328125 0.0328125 0.15703125
0 0.965625 0.553125 0.0671875 0.0515625