0 0.36953125 0.51484375 0.7 0.7265625
0 0.6984375 0.1359375 0.10625 0.1015625
0 0.73359375 0.21796875 0.0921875 0.109375
0 0.76953125 0.30234375 0.09375 0.1078125
0 0.81015625 0.39609375 0.103125 0.11875
0 0.85390625 0.48671875 0.1046875 0.1171875
0 0.89375 0.58671875 0.1046875 0.11875
0 0.9375 0.69140625 0.1078125 0.1171875
0 0.77265625 0.10625 0.0953125 0.09375
0 0.85 0.0796875 0.0953125 0.0953125
0 0.81171875 0.18984375 0.09375 0.1
0 0.8484375 0.28046875 0.0875 0.1015625
0 0.89609375 0.3640625 0.1046875 0.1078125
0 0.94453125 0.45703125 0.1109375 0.1171875
0 0.96875 0.5578125 0.0625 0.1125