0 0.73828125 0.80703125 0.071875 0.1015625
0 0.65625 0.80703125 0.06875 0.1125
0 0.67265625 0.675 0.0703125 0.1125
0 0.74296875 0.678125 0.0796875 0.1328125
0 0.75 0.55078125 0.0765625 0.1234375
0 0.75234375 0.4140625 0.084375 0.140625
0 0.6734375 0.55 0.071875 0.11875
0 0.6765625 0.415625 0.0703125 0.1234375
0 0.678125 0.27734375 0.078125 0.146875
0 0.75625 0.27734375 0.0765625 0.1328125
0 0.865625 0.31328125 0.1328125 0.225
0 0.5953125 0.55234375 0.0765625 0.134375
0 0.603125 0.409375 0.0828125 0.1375
0 0.57421875 0.265625 0.08125 0.134375
0 0.5875 0.68359375 0.06875 0.121875
0 0.58046875 0.8109375 0.0671875 0.1265625
0 0.51015625 0.80546875 0.071875 0.115625
0 0.5171875 0.67890625 0.078125 0.125
0 0.52109375 0.5515625 0.0734375 0.1328125
0 0.52734375 0.41171875 0.0796875 0.1453125
0 0.421875 0.52421875 0.128125 0.215625
0 0.4203125 0.74921875 0.115625 0.2265625
0 0.2098542625 0.7279603625 0.2113395765625 0.8497631640625001 0.279188046875 0.8460109203125 0.27672494062499997 0.7302955390625 0.2098542625 0.7279603625
0 0.20761328906249998 0.8469123390625001 0.207872503125 0.729931696875 0.138732875 0.7268371250000001 0.1413882796875 0.8480005734375 0.20761328906249998 0.8469123390625001
0 0.14021561875 0.8377570328124999 0.1367511140625 0.728808409375 0.066676034375 0.7293003078125 0.0719850671875 0.8414959359375 0.14021561875 0.8377570328124999
0 0.272896934375 0.5988885500000001 0.20614744375 0.604039496875 0.20739295625 0.7217528984375 0.2731884359375 0.7220099890625 0.272896934375 0.5988885500000001
0 0.20633040625 0.467331146875 0.2092018296875 0.5932634046875 0.27599876874999996 0.5867537375 0.2724130765625 0.47031899218750006 0.20633040625 0.467331146875
0 0.20280072656249998 0.5903191718749999 0.2016974953125 0.4685297125 0.129002721875 0.479594609375 0.13545301406250002 0.590688040625 0.20280072656249998 0.5903191718749999
0 0.199046403125 0.467756971875 0.19395090312500002 0.3288237796875 0.12230497656249999 0.3317632265625 0.125178971875 0.468578328125 0.199046403125 0.467756971875
0 0.1254873734375 0.4597468578125 0.1182440515625 0.3275403890625 0.0479605671875 0.3352886796875 0.04913748125 0.4659229 0.1254873734375 0.4597468578125
0 0.1223143671875 0.47391972187500003 0.0511692578125 0.4734757421875 0.058839598437499994 0.593453990625 0.12912565 0.5965886484375 0.1223143671875 0.47391972187500003
0 0.13110992187499998 0.605500153125 0.058602367187500004 0.600247434375 0.06737168437499999 0.7216244359374999 0.1333831859375 0.726650309375 0.13110992187499998 0.605500153125
0 0.0411442078125 0.190853965625 0.046548165625 0.32095568750000003 0.12258714374999999 0.312728246875 0.1150590859375 0.188673928125 0.0411442078125 0.190853965625
0 0.7998407000000001 0.6526587953125 0.8935545421875 0.653210653125 0.8935308171875 0.6538900390625 0.9106014640625 0.4279886109375 0.8102255640625 0.43196529687499996 0.7998407000000001 0.6526587953125
0 0.791531515625 0.6605307359375 0.7753149031250001 0.86197583125 0.8652338 0.8725976531249999 0.8870610546875 0.6638667015624999 0.791531515625 0.6605307359375