0 0.8265625 0.09296875 0.07734375 0.0765625
0 0.74296875 0.19140625 0.078125 0.0796875
0 0.75390625 0.28515625 0.0765625 0.08984375
0 0.75859375 0.38203125 0.07578125 0.0890625
0 0.76796875 0.48359375 0.08046875 0.090625
0 0.775 0.5828125 0.07734375 0.09765625
0 0.78515625 0.690625 0.08359375 0.1046875
0 0.79140625 0.803125 0.0859375 0.1078125
0 0.88671875 0.8015625 0.08359375 0.1015625
0 0.87734375 0.69296875 0.08515625 0.10078125
0 0.86640625 0.584375 0.08515625 0.096875
0 0.85625 0.48359375 0.078125 0.0921875
0 0.84921875 0.3828125 0.0765625 0.09375
0 0.840625 0.284375 0.07265625 0.08984375
0 0.83203125 0.19296875 0.078125 0.07890625
0 0.9140625 0.19375 0.0671875 0.08203125
0 0.9234375 0.2859375 0.0703125 0.0859375
0 0.934375 0.38203125 0.07265625 0.09296875
0 0.9453125 0.4828125 0.06875 0.10234375
0 0.95703125 0.584375 0.07578125 0.0953125
0 0.96484375 0.68671875 0.0703125 0.0984375
0 0.23671875 0.6015625 0.453125 0.490625