0 0.77734375 0.14609375 0.175 0.1625
0 0.54921875 0.15390625 0.13359375 0.14921875
0 0.546875 0.30859375 0.1234375 0.14765625
0 0.54609375 0.44765625 0.115625 0.1296875
0 0.54453125 0.58359375 0.1125 0.1234375
0 0.5390625 0.715625 0.1125 0.11640625
0 0.53515625 0.8265625 0.1046875 0.1109375
0 0.421875 0.159375 0.13359375 0.15234375
0 0.29375 0.15078125 0.12734375 0.153125
0 0.29765625 0.2984375 0.1359375 0.140625
0 0.42109375 0.3015625 0.121875 0.146875
0 0.2984375 0.4375 0.11953125 0.12890625
0 0.4234375 0.4453125 0.1234375 0.12578125
0 0.42421875 0.575 0.11484375 0.13125
0 0.42578125 0.70625 0.11015625 0.12890625
0 0.4234375 0.82890625 0.1203125 0.10859375
0 0.3015625 0.56640625 0.12578125 0.12734375
0 0.30625 0.70078125 0.11875 0.1234375
0 0.3046875 0.83046875 0.1078125 0.1109375
0 0.76875 0.32890625 0.1515625 0.17109375
0 0.75625 0.49453125 0.15390625 0.14921875
0 0.74296875 0.64765625 0.1515625 0.153125
0 0.7421875 0.8015625 0.15 0.14609375
0 0.85364336875 0.26151139843750004 0.852255190625 0.426879540625 0.994556396875 0.41330456406250005 0.9994153359375 0.26027732812500004 0.85364336875 0.26151139843750004
0 0.8478624031249999 0.42283949375 0.8355955796875 0.5638635640625 0.972343440625 0.5725022531249999 0.9959445734375001 0.426879540625 0.8478624031249999 0.42283949375
0 0.8287651796875 0.583333321875 0.8237949078125 0.7316998484374999 0.9654019187499999 0.71935894375 0.9799791578124999 0.5762044687500001 0.8287651796875 0.583333321875
0 0.823556846875 0.740740728125 0.821018340625 0.8637475859375 0.9445773515625 0.8686839656249999 0.9626253515625001 0.71935894375 0.823556846875 0.740740728125
0 0.136056846875 0.4938271484375 0.1469964890625 0.7008475875 0.2226590390625 0.7008475875 0.2177999953125 0.4885840640625 0.136056846875 0.4938271484375
0 0.038834625 0.7530864078125 0.042873656249999996 0.866215728125 0.1594912515625 0.8625135125 0.152549728125 0.7514453718749999 0.038834625 0.7530864078125
0 0.0435677453125 0.7354021578125 0.1546321 0.7415726109375 0.143525728125 0.6354408484375 0.0282964171875 0.6342067765625 0.0435677453125 0.7354021578125
0 0.0127929578125 0.49691356875 0.0296847 0.62309994375 0.14560820624999998 0.624334015625 0.1331134453125 0.498456825 0.0127929578125 0.49691356875
0 0.004112403125 0.3672839390625 0.0171900453125 0.49352044375000004 0.13658420625 0.4861159203125 0.1136771625 0.3614727078125 0.004112403125 0.3672839390625
0 0 0.3378594953125 0.000530328125 0.35530225625 0.11853620625000001 0.35283411249999996 0.1102064 0.22202049375000002 0 0.2184364328125 0 0.3378594953125