0 0.43046875 0.80625 0.13125 0.1390625
0 0.475 0.70390625 0.1265625 0.13125
0 0.51484375 0.61015625 0.121875 0.128125
0 0.553125 0.5140625 0.1171875 0.125
0 0.59375 0.41640625 0.1171875 0.121875
0 0.62890625 0.328125 0.1109375 0.1140625
0 0.6640625 0.24296875 0.1046875 0.109375
0 0.625 0.115625 0.109375 0.1109375
0 0.58515625 0.20625 0.1109375 0.1125
0 0.55078125 0.29140625 0.1125 0.115625
0 0.5125 0.38125 0.115625 0.1171875
0 0.47109375 0.4734375 0.1171875 0.1234375
0 0.43203125 0.56484375 0.121875 0.121875
0 0.384375 0.66640625 0.1265625 0.134375
0 0.34296875 0.76484375 0.1296875 0.134375
0 0.25625 0.725 0.13125 0.1390625
0 0.3015625 0.625 0.128125 0.134375
0 0.3453125 0.52890625 0.125 0.13125
0 0.3890625 0.434375 0.1234375 0.128125
0 0.4296875 0.34375 0.1171875 0.1171875
0 0.471875 0.25546875 0.115625 0.1171875
0 0.50703125 0.1703125 0.1109375 0.1125
0 0.80546875 0.25546875 0.0921875 0.0984375
0 0.7765625 0.3390625 0.103125 0.10625
0 0.7453125 0.4171875 0.1 0.1015625
0 0.715625 0.5 0.1046875 0.1125
0 0.68515625 0.58984375 0.1109375 0.115625
0 0.653125 0.67578125 0.1078125 0.1140625
0 0.61875 0.7703125 0.1125 0.121875
0 0.5796875 0.8703125 0.1140625 0.121875
0 0.6609375 0.909375 0.1125 0.1203125
0 0.69140625 0.8171875 0.109375 0.1171875
0 0.72421875 0.72265625 0.1 0.109375
0 0.75546875 0.63125 0.1078125 0.11875
0 0.78359375 0.54609375 0.09375 0.103125
0 0.81484375 0.4609375 0.103125 0.1109375
0 0.84296875 0.38046875 0.096875 0.103125
0 0.86875 0.303125 0.0953125 0.0984375
0 0.93984375 0.3296875 0.090625 0.09375
0 0.9140625 0.40625 0.0953125 0.1
0 0.88359375 0.4859375 0.09375 0.103125
0 0.85625 0.57109375 0.096875 0.10625
0 0.8296875 0.65625 0.09375 0.103125
0 0.79765625 0.74921875 0.1078125 0.121875
0 0.77421875 0.8484375 0.109375 0.1234375
0 0.7421875 0.94140625 0.1109375 0.1171875