0 0.9555125343749999 0.353214834375 0.9442329781250001 0.3057042125 0.864597621875 0.33361120624999996 0.8801122187500001 0.3800659140625 0.9555125343749999 0.353214834375
0 0.9732994500000001 0.40413528281250005 0.9614868578125 0.3567575625 0.8826563359374999 0.383457428125 0.8959528546875 0.425432871875 0.9732994500000001 0.40413528281250005
0 0.9948222624999999 0.4541242671875 0.9830702015625 0.4047185375 0.8987937578125 0.42774393125000004 0.9128595625000001 0.47053402968749997 0.9948222624999999 0.4541242671875
0 1 0.460019546875 0.9982567343750001 0.45427441562500004 0.9166412062499999 0.4766363703125 0.9278044265625001 0.5282018328125 1 0.5102014546875 1 0.460019546875
0 1 0.516455853125 0.9331734921875 0.533908384375 0.9443028703125 0.5784370734375 1 0.56256125 1 0.516455853125
0 1 0.57767155 0.94675456875 0.5929226765625 0.9608363296875 0.6357087953125 1 0.6273545 1 0.57767155
0 1 0.630521484375 0.9660153640625 0.6394498109375 0.9818257328125 0.6858307734375 1 0.682497709375 1 0.630521484375
0 0.88778176875 0.4244507765625 0.8782165093750001 0.3815450265625 0.8083279734375 0.40098311249999996 0.820261634375 0.4443048140625 0.88778176875 0.4244507765625
0 0.909721875 0.469303425 0.8969039265625 0.42016345 0.822212365625 0.44985719218750003 0.83094780625 0.49397630000000003 0.909721875 0.469303425
0 0.9281614640625 0.5250934359375 0.9146345765625 0.47311084374999995 0.8341401453125 0.5022384875 0.8492113984375 0.546790815625 0.9281614640625 0.5250934359375
0 0.9426333625 0.580866246875 0.9278646796875 0.5261738921875 0.846364709375 0.5535393281250001 0.8588715640625001 0.6057762421875 0.9426333625 0.580866246875
0 0.95817133125 0.6363732546875001 0.943105865625 0.5827613546875 0.858231953125 0.6079486328125 0.8720403937500001 0.660867484375 0.95817133125 0.6363732546875001
0 0.9745346687499999 0.690668015625 0.9638531359375 0.6409953734375 0.874242240625 0.6653507953125 0.886990115625 0.7094759484375001 0.9745346687499999 0.690668015625
0 0.9965905171875 0.7405241 0.984660940625 0.6972013796875001 0.8968142218749999 0.717091109375 0.9069838890625 0.7648784578125001 0.9965905171875 0.7405241
0 0.8664669140625 0.686412115625 0.8541257375000001 0.6391661859375 0.7776902703124999 0.6662753578125 0.788938903125 0.7137936890625001 0.8664669140625 0.686412115625
0 0.8770795046875 0.851844690625 0.83258131875 0.7139834578124999 0.8173238156249999 0.7164980562500001 0.865057128125 0.8578615812500001 0.8770795046875 0.851844690625
0 0.8433783390625 0.8662860859375 0.8646998109374999 0.8609700468750001 0.82108488125 0.726914428125 0.8042600625 0.732115784375 0.8433783390625 0.8662860859375
0 0.6858307078125 0.6408685046875 0.6987093734375 0.6879804234375 0.7696091421875 0.6612449984375 0.7605767359375 0.6182063921875 0.6858307078125 0.6408685046875
0 0.78349335 0.7101191250000001 0.7736918375 0.6662658203125 0.6987093734375 0.6879804234375 0.7100672140625 0.733458609375 0.78349335 0.7101191250000001
0 0.8010424 0.7691505484375 0.7882846140625 0.71798265625 0.7120244140625 0.7390093765625 0.7253675390625001 0.7880184109374999 0.8010424 0.7691505484375
0 0.8217914703125 0.8183259906250001 0.8079113453125 0.7694508453125 0.7334619171875 0.7910325484375 0.7435543328125 0.8428649921875 0.8217914703125 0.8183259906250001
0 0.8386962859375 0.8724857453125001 0.8212625140625001 0.8184578734375 0.7462195171875 0.8422004875000001 0.7595705015625 0.8912075609375 0.8386962859375 0.8724857453125001
0 0.5582118828125 0.3576659015625 0.5543346640625 0.3546067671875 0.5506330703125 0.35452321875 0.421379475 0.3857433015625 0.4200163375 0.387089628125 0.42031008906249995 0.39053899375 0.4281910875 0.42782592656249996 0.4376077234375 0.47127196250000003 0.43967961562499996 0.4727682984375 0.5733466875000001 0.43994458437499995 0.575452015625 0.43589706093749997 0.5733288765625 0.42283922812499997 0.5582118828125 0.3576659015625
0 0.6282723171875 0.6204966 0.6260823 0.6185264874999999 0.48557235781249997 0.6545660078125 0.4847120375 0.6567934281250001 0.49202959375 0.6952273015625 0.501267478125 0.7402275921875 0.5026849890625 0.74591291875 0.5053475109375001 0.7497781421874999 0.64914404375 0.71442886875 0.6508646828125 0.70997403125 0.631049840625 0.62936544375 0.6282723171875 0.6204966
0 0.3862355234375 0.2913436640625 0.39447184375 0.2857675140625 0.39536247812499997 0.28252607812499997 0.384740521875 0.22629660000000001 0.3788279734375 0.211667425 0.37453575156249996 0.2092149921875 0.3277144171875 0.213340421875 0.296259775 0.22118294375 0.2544059828125 0.23614733124999998 0.2456668453125 0.2408423890625 0.2453971546875 0.24543869375 0.2560797375 0.2996401390625 0.26145602968750004 0.31893208125 0.264297303125 0.3212430484375 0.3862355234375 0.2913436640625
0 0.39321736406249996 0.3011771703125 0.3870351265625 0.29114429999999997 0.2584630984375 0.3216912203125 0.256803084375 0.32411802500000003 0.25954404375 0.3430605703125 0.2713200703125 0.40051199375 0.275315415625 0.40404490624999995 0.3981714578125 0.3744199140625 0.40572620937500004 0.3695169265625 0.40714997343750003 0.3661425671875 0.403700259375 0.3443573578125 0.39321736406249996 0.3011771703125
0 0.4095996546875 0.3771060671875 0.4040927328125 0.37545972031249997 0.2750753890625 0.4076273578125 0.27246724218749996 0.4107937875 0.276389459375 0.4344741046875 0.2888470546875 0.491252365625 0.29145207812499996 0.49261577812499996 0.416204384375 0.46151153437500003 0.42559477812499996 0.4571573296875 0.426751975 0.45384943125 0.4131768703125 0.3857755234375 0.4095996546875 0.3771060671875
0 0.44581800156250007 0.5462189953125 0.44798083125000004 0.5446732812499999 0.4483989609375 0.5395367375 0.43278227812500003 0.46895247500000004 0.429026309375 0.461837275 0.422247190625 0.45849520625 0.29011888125 0.49294818124999995 0.29020044375 0.5034956609375 0.293916721875 0.5252144078125001 0.3039783625 0.5780609828125 0.3076768296875 0.5826743750000001 0.31226593125 0.5840463296875 0.365845446875 0.5706874562500001 0.44581800156250007 0.5462189953125
0 0.4737618546875 0.6469428828125 0.4747706140625 0.6441752234375 0.4734471671875 0.6309180046875 0.45771548281249996 0.5553301234375 0.4532476328125 0.5499021015625 0.44969447812499996 0.549278315625 0.31015985625 0.5880940375 0.3115711171875 0.60283905 0.3241437140625 0.66462093125 0.327626865625 0.68086228125 0.32952000625 0.6839128718749999 0.33150408593749997 0.683921415625 0.4494438359375 0.6550189625 0.4737618546875 0.6469428828125
0 0.4987469578125 0.7448818640625 0.498868209375 0.7408257984375 0.4797715 0.64947034375 0.47355582343749997 0.6449813343749999 0.3299349171875 0.68330619375 0.3292230359375 0.684993375 0.33686465781249997 0.7258625953125 0.34642660468750003 0.7732982359375 0.34808036875 0.7799311171875 0.35115789531249997 0.7831896375 0.4007964390625 0.7733295046875 0.4948059859375 0.7483806046875 0.4987469578125 0.7448818640625
0 0.5236708796875 0.8448490171874999 0.5045166703125 0.750991753125 0.4968772296875 0.749877103125 0.35343507500000004 0.7866477078125 0.352190065625 0.7884678109375 0.3529228828125 0.7993561437500001 0.3568754125 0.8220224453125 0.3673217421875 0.8752763359375001 0.3701870765625 0.8856329734375 0.37252553437499997 0.887062846875 0.5194905296875 0.851930046875 0.5231649359375 0.8484977671875 0.5236708796875 0.8448490171874999
0 0.24643714062500002 0.5380588562499999 0.2511778046875 0.534360728125 0.25565503125 0.5261992203125 0.254895028125 0.5117950609374999 0.241598990625 0.4255353171875 0.23183110468749998 0.37613810625 0.223661659375 0.3706265375 0.2167037890625 0.368838725 0.11780826250000001 0.3934961484375 0.106997234375 0.3966948703125 0.1003603015625 0.4018722484375 0.0972159 0.40970144687500004 0.11856543593749999 0.540753553125 0.1235570375 0.5596381796875 0.134540565625 0.5639448875 0.24643714062500002 0.5380588562499999
0 0.5317423546875 0.27418745 0.5287526421875001 0.2724167234375 0.4279336625 0.2950375703125 0.40432752499999997 0.301426471875 0.3992021703125 0.3047172828125 0.41094788437499996 0.3631827234375 0.415703234375 0.3811197953125 0.418011378125 0.3835636859375 0.549930621875 0.351678984375 0.5513240703125 0.349318640625 0.5360889531249999 0.28367153749999996 0.5317423546875 0.27418745
0 0.601097159375 0.5296456421875 0.59476023125 0.5292126984375 0.4641738125 0.560765090625 0.4632528671875 0.56502054375 0.470742921875 0.6109598468749999 0.4801051828125 0.6473742296875 0.48288582968749993 0.6517132296875 0.4866752390625 0.6532845703125 0.6231867078125 0.6182419796875 0.61961886875 0.5959829937500001 0.604114059375 0.5349321953125 0.601097159375 0.5296456421875
0 0.2951323078125 0.7111061734375 0.26279520624999997 0.53599325 0.1269313640625 0.5678549921875 0.15395247343750001 0.7533514703125 0.2951323078125 0.7111061734375
0 0.1593777703125 0.757031084375 0.19371997968750002 0.9447280421875 0.3367327421875 0.9141032484375 0.3007535796875 0.7177563015625 0.1593777703125 0.757031084375
0 0.5741549421875 0.444272128125 0.44019411875000003 0.47364647812499994 0.4384159796875 0.4755995046875 0.45193670937499997 0.5366417609374999 0.45855488749999995 0.558643440625 0.46163241250000003 0.5619019625 0.59370009375 0.5294770203125 0.5956601125 0.52143989375 0.577910909375 0.45138732812500004 0.576226834375 0.4457684640625 0.5741549421875 0.444272128125
0 0.6527087546875 0.7241079015625 0.64974935625 0.7213231578125 0.6432943015625 0.7204164375000001 0.5119656875 0.7546700265624999 0.5107206765625001 0.7564901296875 0.5116322453125 0.7658242078125 0.5206004390625 0.8154208046875 0.5282179984375001 0.84824435625 0.530171765625 0.8492669156250001 0.673377665625 0.8115487578125 0.674386425 0.8087810984375 0.6725267234375 0.8001866468750001 0.6527087546875 0.7241079015625
0 0.51161108125 0.195670675 0.507585421875 0.1931517796875 0.47793923437499997 0.1980272578125 0.43585231406249997 0.20751424687500003 0.38431437812499997 0.22338347343749998 0.3825059234375 0.22635051874999998 0.3904172359375 0.262623434375 0.40087294375000004 0.3022877953125 0.5287634015625 0.272414040625 0.5302749765625 0.2705274734375 0.5297752874999999 0.2651165390625 0.514391728125 0.200009675 0.51161108125 0.195670675