0 0.90703125 0.26328125 0.10625 0.11875
0 0.9390625 0.37109375 0.109375 0.1203125
0 0.95625 0.478125 0.0875 0.125
0 0.96953125 0.5828125 0.0609375 0.115625
0 0.9828125 0.68203125 0.034375 0.1203125
0 0.93046875 0.70625 0.109375 0.1125
0 0.90546875 0.60703125 0.11875 0.115625
0 0.87578125 0.503125 0.11875 0.1203125
0 0.84609375 0.39921875 0.125 0.13125
0 0.815625 0.2890625 0.128125 0.1328125
0 0.71484375 0.31875 0.125 0.1296875
0 0.74765625 0.4265625 0.121875 0.125
0 0.7796875 0.5328125 0.1171875 0.121875
0 0.81015625 0.6328125 0.1171875 0.10625
0 0.83515625 0.7296875 0.109375 0.1140625
0 0.67578125 0.1484375 0.0875 0.0484375
0 0.68359375 0.18046875 0.0859375 0.04375
0 0.69140625 0.2125 0.0890625 0.046875
0 0.70078125 0.24453125 0.0921875 0.053125
0 0.77578125 0.18515625 0.0890625 0.0515625
0 0.78359375 0.21640625 0.0859375 0.0453125
0 0.421875 0.309375 0.134375 0.1421875
0 0.45703125 0.42578125 0.1296875 0.134375
0 0.49609375 0.53359375 0.128125 0.13125
0 0.53046875 0.64375 0.128125 0.13125
0 0.5625 0.7453125 0.1234375 0.1203125
0 0.59453125 0.84296875 0.121875 0.11875
0 0.4984375 0.87265625 0.11875 0.1234375
0 0.46328125 0.77109375 0.1203125 0.1203125
0 0.428125 0.6703125 0.125 0.128125
0 0.3953125 0.56171875 0.1265625 0.1296875
0 0.35625 0.4546875 0.13125 0.1328125
0 0.315625 0.33828125 0.1390625 0.1515625
0 0.21640625 0.37265625 0.134375 0.14375
0 0.25703125 0.4875 0.1234375 0.13125
0 0.2953125 0.5953125 0.125 0.1265625
0 0.3296875 0.70234375 0.125 0.1328125
0 0.36875 0.80546875 0.1203125 0.11875
0 0.40390625 0.9015625 0.11875 0.11875
0 0.31015625 0.89453125 0.096875 0.1609375
0 0.24765625 0.73203125 0.10625 0.1796875
0 0.18203125 0.5640625 0.103125 0.18125
0 0.03671875 0.415625 0.0734375 0.14375
0 0.06328125 0.53359375 0.1265625 0.1296875
0 0.0387152625 0.608108971875 0.0801213640625 0.7097013624999999 0.1748796171875 0.6758896921875001 0.1365048890625 0.5753069828124999 0.1354654703125 0.5736882984375 0.0387152625 0.608108971875
0 0.084506309375 0.71513838125 0.12238305000000001 0.815873340625 0.2149129828125 0.781774703125 0.17677461875 0.6820879640624999 0.084506309375 0.71513838125
0 0.1242780515625 0.8220716124999999 0.16265278125 0.9226543218750001 0.25546251875000003 0.8913748375000001 0.217813053125 0.789602159375 0.1242780515625 0.8220716124999999
0 0.2613618296875 1 0.2905786015625 0.99198558125 0.258205140625 0.900218665625 0.25685953281249996 0.897725359375 0.1619275171875 0.9238442890625 0.19142006875 1 0.2613618296875 1
0 0.1188536875 0.8150159078125 0.0786262203125 0.8319002796875001 0.11007060625000001 0.93475023125 0.15756114999999998 0.918401590625 0.1188536875 0.8150159078125
0 0.19006241562499998 1 0.1606173859375 0.9213401359375 0.1111695140625 0.9383445968749999 0.13001946250000002 1 0.19006241562499998 1
0 0.077560690625 0.70661130625 0.0442352625 0.719412525 0.0770073328125 0.8266051359375 0.119264796875 0.8110172875 0.077560690625 0.70661130625
0 0.031255503125 0.599739084375 0.010863089062500001 0.6102570625 0.043911425 0.7183532984375 0.0734893796875 0.7039830984375001 0.031255503125 0.599739084375
0 0 0.5747255 0.009210775000000001 0.6048525875 0.026913996875000002 0.59622525 0 0.532152071875 0 0.5747255