0 0.484375 0.6015625 0.1515625 0.1015625
0 0.4828125 0.7015625 0.14453125 0.0984375
0 0.64375 0.25390625 0.13203125 0.084375
0 0.48125 0.8015625 0.1453125 0.09921875
0 0.3328125 0.803125 0.14765625 0.0984375
0 0.6515625 0.609375 0.1421875 0.0953125
0 0.6484375 0.7078125 0.14609375 0.09609375
0 0.6484375 0.80703125 0.15 0.10078125
0 0.33671875 0.70234375 0.14375 0.09765625
0 0.79609375 0.70546875 0.1421875 0.09609375
0 0.79765625 0.80625 0.1484375 0.10234375
0 0.64609375 0.3375 0.12890625 0.08125
0 0.33984375 0.60625 0.13984375 0.08984375
0 0.3453125 0.3359375 0.1328125 0.08046875
0 0.76953125 0.1859375 0.1234375 0.07578125
0 0.64765625 0.42578125 0.1359375 0.08359375
0 0.64921875 0.5109375 0.13828125 0.090625
0 0.7953125 0.6109375 0.134375 0.0921875
0 0.78828125 0.43046875 0.13671875 0.08828125
0 0.3453125 0.42109375 0.140625 0.0890625
0 0.7734375 0.26328125 0.12265625 0.07578125
0 0.34296875 0.509375 0.1390625 0.0859375
0 0.353125 0.1734375 0.13046875 0.0765625
0 0.20859375 0.17578125 0.13125 0.07890625
0 0.78828125 0.51875 0.13125 0.08671875
0 0.35078125 0.25234375 0.13671875 0.08359375
0 0.7796875 0.346875 0.1234375 0.0796875
0 0.21640625 0.096875 0.128125 0.07734375
0 0.21953125 0.03046875 0.12421875 0.06015625
0 0.20546875 0.2578125 0.134375 0.08203125
0 0.934375 0.70625 0.1296875 0.08984375
0 0.16953125 0.81484375 0.14921875 0.09453125
0 0.90078125 0.2921875 0.12109375 0.0734375
0 0.9203125 0.5296875 0.11953125 0.07890625
0 0.903125 0.3640625 0.11328125 0.07734375
0 0.19375 0.4296875 0.1421875 0.0890625
0 0.19765625 0.34296875 0.1390625 0.084375
0 0.175 0.71328125 0.15 0.09609375
0 0.04453125 0.8109375 0.0890625 0.096875
0 0.9109375 0.446875 0.11484375 0.08203125
0 0.9296875 0.61953125 0.13046875 0.08671875
0 0.19296875 0.52109375 0.14453125 0.08671875
0 0.18359375 0.61484375 0.1421875 0.0875
0 0.04765625 0.71171875 0.0953125 0.0953125
0 0.053125 0.6140625 0.10625 0.090625
0 0.94609375 0.8046875 0.10703125 0.0984375
0 0.06015625 0.51640625 0.1109375 0.0890625
0 0.98046875 0.29375 0.0390625 0.06875
0 0.98671875 0.453125 0.0265625 0.078125
0 0.990625 0.53125 0.01875 0.07265625
0 0.98046875 0.371875 0.03828125 0.07421875