0 0.74375 0.18046875 0.12890625 0.1390625
0 0.875 0.3359375 0.1140625 0.1296875
0 0.8609375 0.4734375 0.11015625 0.11953125
0 0.853125 0.60390625 0.10703125 0.11484375
0 0.83984375 0.721875 0.1046875 0.0984375
0 0.840625 0.84453125 0.10390625 0.09609375
0 0.721875 0.84140625 0.11953125 0.115625
0 0.73203125 0.71796875 0.115625 0.115625
0 0.7390625 0.5984375 0.11640625 0.13515625
0 0.74609375 0.33046875 0.11875 0.14140625
0 0.74140625 0.471875 0.1234375 0.11015625
0 0.58984375 0.21875 0.16484375 0.0859375
0 0.59140625 0.33203125 0.16171875 0.103125
0 0.5890625 0.4421875 0.15625 0.08828125
0 0.5921875 0.54453125 0.1484375 0.10078125
0 0.584375 0.65078125 0.153125 0.0921875
0 0.58515625 0.74765625 0.1484375 0.10078125
0 0.58671875 0.8421875 0.14453125 0.07265625
0 0.41875 0.3296875 0.165625 0.11015625
0 0.4265625 0.44921875 0.1578125 0.09609375
0 0.4265625 0.54921875 0.1578125 0.09140625
0 0.4265625 0.65390625 0.16015625 0.0859375
0 0.42265625 0.75078125 0.16328125 0.1
0 0.428125 0.8421875 0.1421875 0.0796875
0 0.2515625 0.45 0.16171875 0.08515625
0 0.25390625 0.559375 0.16328125 0.11953125
0 0.2578125 0.66171875 0.1703125 0.0953125
0 0.2640625 0.7640625 0.15234375 0.078125
0 0.26640625 0.85390625 0.14921875 0.084375
0 0.0102485234375 0.498456825 0.0171900453125 0.6045885875 0.1754566671875 0.6033545140625 0.169903534375 0.5169681828125 0.0102485234375 0.498456825
0 0.0162651796875 0.6172839390625 0.0241315671875 0.702081753125 0.17684505625 0.6959113 0.1726801 0.6119931109375 0.0162651796875 0.6172839390625
0 0.02482565625 0.7082522046874999 0.037320417187499996 0.7884680859375 0.1844806671875 0.7995748234375 0.1761508625 0.7168908015625 0.02482565625 0.7082522046874999
0 0.033626292187500004 0.80555554375 0.040096984375 0.8797907046875 0.18795142812500001 0.8797907046875 0.1823981890625 0.811915728125 0.033626292187500004 0.80555554375
0 0.9230585906250001 0.525606778125 0.9043166078124999 0.720593109375 0.9848383078125 0.7267635625 0.9973329640624999 0.5305431578124999 0.9230585906250001 0.525606778125