0 0.83046875 0.1328125 0.1828125 0.2140625
0 0.89140625 0.31015625 0.175 0.209375
0 0.93359375 0.4875 0.1328125 0.203125
0 0.9625 0.6640625 0.075 0.2125
0 0.88984375 0.71328125 0.1765625 0.2015625
0 0.8296875 0.53515625 0.184375 0.2203125
0 0.76328125 0.35234375 0.1890625 0.215625
0 0.70078125 0.1734375 0.18125 0.215625
0 0.6984375 0.58046875 0.1890625 0.221875
0 0.76640625 0.76875 0.1875 0.2109375
0 0.40546875 0.86875 0.4578125 0.2625
0 0.3609375 0.63046875 0.325 0.23125
0 0.30703125 0.4890625 0.328125 0.2375