0 0.20234375 0.453125 0.2515625 0.44375
0 0.29584473437500003 0.7345746171875 0.45452963593750006 0.7517185859375 0.511741815625 0.1949265 0.3382780796875 0.1720395953125 0.29584473437500003 0.7345746171875
0 0.991246809375 0.6094849328125 0.9924221718749999 0.5983021109375 0.891706565625 0.5867903015625 0.8469154328125 0.8967694140625 0.944540253125 0.91447840625 0.991246809375 0.6094849328125
0 0.6562300140625 0.8627621765625 0.7259615578124999 0.333820175 0.584651975 0.31431280781250004 0.52860153125 0.8465548046875 0.6562300140625 0.8627621765625
0 0.6421875 0.26796875 0.1421875 0.0984375
0 0.75 0.2953125 0.05 0.109375
0 0.79765625 0.303125 0.053125 0.1015625
0 0.76953125 0.41875 0.1140625 0.1171875
0 0.753125 0.53125 0.10625 0.1109375
0 0.73828125 0.63984375 0.109375 0.10625
0 0.7296875 0.7453125 0.10625 0.1140625
0 0.71640625 0.84765625 0.109375 0.0984375
0 0.84609375 0.42734375 0.0421875 0.05
0 0.89375 0.43359375 0.0453125 0.053125
0 0.88359375 0.4875 0.05 0.0515625
0 0.87421875 0.53984375 0.0453125 0.0484375
0 0.86484375 0.5890625 0.046875 0.046875
0 0.859375 0.63984375 0.04375 0.05
0 0.853125 0.69453125 0.04375 0.0453125
0 0.84765625 0.74296875 0.040625 0.046875
0 0.840625 0.790625 0.040625 0.0390625
0 0.83359375 0.834375 0.0453125 0.04375
0 0.8265625 0.88359375 0.040625 0.0484375
0 0.78203125 0.8796875 0.040625 0.046875
0 0.790625 0.83125 0.0421875 0.0390625
0 0.796875 0.78515625 0.0421875 0.04375
0 0.8046875 0.73359375 0.0453125 0.05
0 0.81015625 0.6828125 0.04375 0.0453125
0 0.81328125 0.634375 0.046875 0.046875
0 0.81953125 0.5828125 0.040625 0.0484375
0 0.828125 0.5328125 0.046875 0.0453125
0 0.8375 0.4828125 0.04375 0.05