0 0.5921875 0.80703125 0.146875 0.10390625
0 0.4375 0.80546875 0.146875 0.10234375
0 0.5953125 0.7078125 0.14375 0.09375
0 0.44140625 0.703125 0.14375 0.09375
0 0.44921875 0.6015625 0.14609375 0.090625
0 0.5984375 0.60546875 0.134375 0.08984375
0 0.59296875 0.515625 0.134375 0.0796875
0 0.596875 0.42265625 0.13125 0.084375
0 0.59375 0.33984375 0.13203125 0.0890625
0 0.58984375 0.25546875 0.12421875 0.071875
0 0.58828125 0.1765625 0.1265625 0.07109375
0 0.45703125 0.24140625 0.125 0.08359375
0 0.45625 0.3296875 0.1375 0.08125
0 0.4546875 0.41640625 0.14296875 0.0796875
0 0.45234375 0.51015625 0.13984375 0.0875
0 0.28125 0.5953125 0.1421875 0.0875
0 0.27734375 0.70078125 0.1421875 0.08671875
0 0.271875 0.8015625 0.14921875 0.09921875
0 0.84296875 0.80390625 0.265625 0.08984375
0 0.7453125 0.70625 0.128125 0.0859375
0 0.8953125 0.7078125 0.128125 0.0828125
0 0.87265625 0.615625 0.1234375 0.07421875
0 0.74140625 0.61640625 0.13203125 0.08046875
0 0.73671875 0.53359375 0.12890625 0.08203125
0 0.86484375 0.53046875 0.1171875 0.07890625
0 0.73046875 0.44375 0.11953125 0.08203125
0 0.8578125 0.4453125 0.11484375 0.07578125
0 0.85234375 0.36171875 0.11484375 0.08125
0 0.84921875 0.2859375 0.11328125 0.075
0 0.72578125 0.2828125 0.115625 0.06953125
0 0.72578125 0.3625 0.11484375 0.071875
0 0.11875 0.803125 0.1453125 0.0921875
0 0.128125 0.69765625 0.15078125 0.0828125
0 0.134375 0.60703125 0.14453125 0.096875
0 0.14375 0.5078125 0.1421875 0.08359375
0 0.1703125 0.1609375 0.1328125 0.0734375
0 0.1609375 0.24453125 0.1265625 0.08046875
0 0.15625 0.32890625 0.13125 0.0828125
0 0.1484375 0.4125 0.13515625 0.078125