0 0.867748340625 0.077777778125 0.767242796875 0.078703703125 0.7906783953125001 0.8851851859375 0.893787709375 0.875 0.867748340625 0.077777778125
0 0.677154 0.8898148140625001 0.785991609375 0.8740740734375001 0.747454140625 0.0740740734375 0.645256146875 0.08333333281250001 0.677154 0.8898148140625001
0 0.9739838421875 0.08518518593749999 0.8766028234375 0.08796296249999999 0.8937661609375 0.8759259265624999 0.9890857125 0.8620370375 0.9739838421875 0.08518518593749999
0 0.39609375 0.25625 0.13203125 0.18671875
0 0.38984375 0.45078125 0.13515625 0.184375
0 0.3953125 0.63671875 0.13828125 0.17109375
0 0.39609375 0.8234375 0.1359375 0.184375
0 0.20859375 0.8640625 0.10390625 0.11796875
0 0.0921875 0.8734375 0.10625 0.11875
0 0.096875 0.746875 0.10703125 0.11796875
0 0.09765625 0.6234375 0.10546875 0.11328125
0 0.096875 0.496875 0.11015625 0.11171875
0 0.10078125 0.37421875 0.11484375 0.11796875
0 0.096875 0.24140625 0.1109375 0.10703125