0 0.47578125 0.68828125 0.11953125 0.125
0 0.49296875 0.2453125 0.06484375 0.1796875
0 0.56328125 0.246875 0.06015625 0.1796875
0 0.33984375 0.409375 0.10390625 0.1296875
0 0.23203125 0.26875 0.10546875 0.13125
0 0.340625 0.27578125 0.10546875 0.134375
0 0.234375 0.40390625 0.09765625 0.125
0 0.16640625 0.590625 0.11015625 0.1359375
0 0.28984375 0.59609375 0.11953125 0.14453125
0 0.17734375 0.734375 0.10703125 0.121875
0 0.296875 0.7453125 0.11796875 0.12578125
0 0.6359375 0.246875 0.0625 0.1796875
0 0.74921875 0.45546875 0.0875 0.28125
0 0.728125 0.72890625 0.0828125 0.2515625
0 0.6078125 0.56328125 0.11796875 0.128125
0 0.6046875 0.69609375 0.11796875 0.1234375
0 0.51640625 0.39921875 0.096875 0.115625
0 0.5046875 0.5171875 0.07265625 0.1140625
0 0.61640625 0.4015625 0.096875 0.11796875
0 0.70859375 0.228125 0.06640625 0.115625