0 0.19921875 0.30078125 0.146875 0.10625
0 0.21171875 0.38515625 0.153125 0.109375
0 0.2234375 0.46953125 0.15625 0.115625
0 0.240625 0.56015625 0.1578125 0.1125
0 0.25703125 0.65078125 0.1609375 0.1265625
0 0.27890625 0.753125 0.1671875 0.1296875
0 0.296875 0.8640625 0.16875 0.13125
0 0.33671875 0.28203125 0.1421875 0.1
0 0.35234375 0.365625 0.1484375 0.1140625
0 0.3703125 0.44921875 0.153125 0.10625
0 0.38984375 0.53984375 0.159375 0.1171875
0 0.41171875 0.63203125 0.153125 0.115625
0 0.43359375 0.72265625 0.1546875 0.115625
0 0.45859375 0.81484375 0.1546875 0.1109375
0 0.6 0.68359375 0.0765625 0.0609375
0 0.61171875 0.73515625 0.078125 0.0640625
0 0.62734375 0.7890625 0.0828125 0.0609375
0 0.6453125 0.8421875 0.078125 0.0546875
0 0.6609375 0.89296875 0.078125 0.053125
0 0.69140625 0.7125 0.084375 0.0640625
0 0.7234375 0.4484375 0.0828125 0.0609375
0 0.7421875 0.5015625 0.0765625 0.0515625
0 0.7515625 0.5484375 0.0859375 0.053125
0 0.7640625 0.6046875 0.0859375 0.0578125
0 0.7765625 0.659375 0.075 0.05625
0 0.79453125 0.71328125 0.08125 0.0609375
0 0.8109375 0.7734375 0.09375 0.0671875
0 0.7875 0.3796875 0.090625 0.0625
0 0.80390625 0.4265625 0.0859375 0.0546875
0 0.8203125 0.48203125 0.0828125 0.05625
0 0.83515625 0.5328125 0.08125 0.05
0 0.84375 0.5828125 0.0765625 0.053125
0 0.859375 0.63515625 0.0828125 0.05625
0 0.88046875 0.6875 0.078125 0.0625
0 0.89453125 0.74453125 0.0765625 0.0625
0 0.871875 0.3703125 0.08125 0.0578125
0 0.8875 0.41953125 0.075 0.0546875
0 0.90078125 0.47109375 0.0796875 0.0546875
0 0.9171875 0.51640625 0.084375 0.0625
0 0.93671875 0.5671875 0.0859375 0.0640625
0 0.95234375 0.621875 0.0875 0.06875
0 0.96328125 0.67421875 0.0734375 0.0734375
0 0.97109375 0.73125 0.0578125 0.0625