0 0.39609375 0.49140625 0.19375 0.16875
0 0.3453125 0.5875 0.1921875 0.165625
0 0.29453125 0.678125 0.18125 0.1515625
0 0.24921875 0.76171875 0.1828125 0.1546875
0 0.390625 0.8453125 0.1765625 0.1484375
0 0.4375 0.76171875 0.184375 0.159375
0 0.48984375 0.6734375 0.1890625 0.1625
0 0.54296875 0.58203125 0.196875 0.171875
0 0.5984375 0.48359375 0.196875 0.1703125
0 0.4890625 0.35703125 0.1453125 0.1234375
0 0.8171875 0.45859375 0.1890625 0.1640625
0 0.75625 0.55703125 0.1953125 0.171875
0 0.69921875 0.65 0.184375 0.159375
0 0.64296875 0.73515625 0.184375 0.1609375
0 0.58984375 0.82265625 0.171875 0.1453125
0 0.54140625 0.90390625 0.1765625 0.1515625
0 0.96328125 0.43671875 0.0734375 0.1640625
0 0.93515625 0.53828125 0.1296875 0.1609375
0 0.90234375 0.6359375 0.1828125 0.1609375
0 0.84375 0.728125 0.178125 0.15625
0 0.78515625 0.8109375 0.171875 0.146875
0 0.73359375 0.89453125 0.18125 0.15625
0 0.678125 0.9515625 0.16875 0.096875