0 0.36953125 0.53828125 0.2109375 0.3171875
0 0.428125 0.3921875 0.146875 0.15
0 0.5375 0.35 0.153125 0.1671875
0 0.58046875 0.46484375 0.1421875 0.1390625
0 0.47578125 0.51875 0.15 0.159375
0 0.62734375 0.58046875 0.1296875 0.1390625
0 0.52734375 0.63515625 0.15 0.15625
0 0.67109375 0.69453125 0.13125 0.134375
0 0.57421875 0.74609375 0.134375 0.13125
0 0.715625 0.7953125 0.1359375 0.1375
0 0.61640625 0.83984375 0.146875 0.15625
0 0.48828125 0.80390625 0.184375 0.2734375
0 0.62734375 0.309375 0.1 0.13125
0 0.66953125 0.4234375 0.1078125 0.1375
0 0.77578125 0.59765625 0.1140625 0.1375
0 0.80234375 0.43515625 0.1234375 0.15
0 0.86328125 0.57421875 0.1296875 0.1484375
0 0.9078125 0.7015625 0.115625 0.146875
0 0.8234375 0.72109375 0.1109375 0.134375
0 0.21015625 0.61171875 0.1625 0.165625
0 0.271875 0.72890625 0.153125 0.15625
0 0.31953125 0.83671875 0.159375 0.159375
0 0.36796875 0.93984375 0.1359375 0.1203125
0 0.268833315625 0.871284725 0.1827123265625 0.6826088218749999 0.11677163593749999 0.719671165625 0.20939717343750003 0.89115118125 0.268833315625 0.871284725
0 0.32735125 1 0.2644935296875 0.8610608296875 0.2083359828125 0.8953941109375 0.260839328125 1 0.32735125 1