0 0.34609375 0.15859375 0.11484375 0.19375
0 0.5578125 0.3359375 0.0921875 0.19375
0 0.54921875 0.5140625 0.09453125 0.1765625
0 0.74140625 0.65234375 0.0796875 0.16640625
0 0.3578125 0.69296875 0.09765625 0.1546875
0 0.35546875 0.5265625 0.10625 0.1578125
0 0.56015625 0.13828125 0.0921875 0.20234375
0 0.82578125 0.64765625 0.0796875 0.15625
0 0.84296875 0.4703125 0.08828125 0.1828125
0 0.65 0.671875 0.090625 0.14609375
0 0.54609375 0.68203125 0.08984375 0.159375
0 0.74921875 0.47421875 0.0859375 0.17890625
0 0.9171875 0.646875 0.0890625 0.14140625
0 0.7609375 0.2796875 0.08359375 0.2015625
0 0.8484375 0.27421875 0.0828125 0.1921875
0 0.08515625 0.67890625 0.16484375 0.171875
0 0.6609375 0.5609375 0.075 0.046875
0 0.48125 0.55625 0.02734375 0.13828125
0 0.7671875 0.14921875 0.078125 0.0421875
0 0.3515625 0.35 0.109375 0.1765625
0 0.92890625 0.29375 0.0671875 0.12578125
0 0.44609375 0.55390625 0.0234375 0.13515625
0 0.47734375 0.6859375 0.0296875 0.1359375
0 0.7671875 0.0984375 0.07578125 0.04375
0 0.16484375 0.39140625 0.0734375 0.296875
0 0.846875 0.14921875 0.078125 0.046875
0 0.06796875 0.41015625 0.12578125 0.33515625
0 0.446875 0.6859375 0.0234375 0.1296875
0 0.03671875 0.17578125 0.0734375 0.0234375
0 0.35 0.03125 0.09453125 0.05546875
0 0.20078125 0.6484375 0.0734375 0.26328125
0 0.0375 0.2140625 0.07421875 0.03984375
0 0.04921875 0.103125 0.0984375 0.10390625