0 0.88671875 0.259375 0.09921875 0.11953125
0 0.8890625 0.38125 0.10078125 0.11328125
0 0.8890625 0.503125 0.09765625 0.11171875
0 0.88515625 0.6234375 0.09453125 0.11328125
0 0.88203125 0.7390625 0.0953125 0.10859375
0 0.88515625 0.85390625 0.0890625 0.11171875
0 0.7890625 0.865625 0.10078125 0.11328125
0 0.78515625 0.74453125 0.10078125 0.115625
0 0.78828125 0.621875 0.103125 0.1140625
0 0.7859375 0.50078125 0.10234375 0.1109375
0 0.78515625 0.38203125 0.09921875 0.11953125
0 0.6265625 0.49609375 0.1 0.115625
0 0.62890625 0.61953125 0.10546875 0.121875
0 0.625 0.74609375 0.1015625 0.12109375
0 0.621875 0.86875 0.0984375 0.115625
0 0.525 0.378125 0.10078125 0.128125
0 0.5234375 0.5015625 0.09921875 0.121875
0 0.521875 0.6265625 0.10390625 0.11875
0 0.521875 0.74765625 0.10546875 0.115625
0 0.52265625 0.865625 0.1046875 0.11640625
0 0.3484375 0.4359375 0.12265625 0.196875
0 0.34921875 0.63828125 0.11796875 0.19140625
0 0.35625 0.83125 0.1359375 0.178125
0 0.20703125 0.7890625 0.1546875 0.26640625
0 0.2109375 0.55546875 0.11953125 0.1859375
0 0.209375 0.35390625 0.11953125 0.196875