0 0.67265625 0.32578125 0.2296875 0.2359375
0 0.58828125 0.5046875 0.2234375 0.23125
0 0.49921875 0.67578125 0.225 0.2296875
0 0.4046875 0.84921875 0.2296875 0.2375
0 0.5546875 0.90390625 0.228125 0.1921875
0 0.646875 0.753125 0.23125 0.24375
0 0.74140625 0.57734375 0.23125 0.240625
0 0.83671875 0.40703125 0.221875 0.234375
0 0.934375 0.4921875 0.13125 0.240625
0 0.8828125 0.66171875 0.225 0.234375
0 0.7921875 0.83671875 0.225 0.234375
0 0.696875 0.94296875 0.225 0.1140625
0 0.353125 0.2890625 0.409375 0.44375
0 0.1859375 0.62421875 0.371875 0.4453125
0 0.44921875 0.0734375 0.2046875 0.146875