0 0.3640625 0.16328125 0.1609375 0.1390625
0 0.22890625 0.45390625 0.378125 0.5484375
0 0.4578125 0.22890625 0.0953125 0.1234375
0 0.496875 0.24765625 0.0921875 0.1171875
0 0.425 0.33984375 0.14375 0.146875
0 0.37265625 0.44296875 0.140625 0.1421875
0 0.31953125 0.54296875 0.14375 0.14375
0 0.27578125 0.6375 0.134375 0.1328125
0 0.23203125 0.7296875 0.134375 0.1328125
0 0.49296875 0.3796875 0.05625 0.0640625
0 0.53125 0.4 0.0578125 0.059375
0 0.4671875 0.42734375 0.059375 0.0671875
0 0.50546875 0.44921875 0.059375 0.059375
0 0.4375 0.47578125 0.0609375 0.065625
0 0.4796875 0.49453125 0.0578125 0.0625
0 0.415625 0.52265625 0.053125 0.05625
0 0.45234375 0.5375 0.0546875 0.05625
0 0.39609375 0.559375 0.0625 0.071875
0 0.43359375 0.584375 0.0625 0.0640625
0 0.371875 0.609375 0.0546875 0.0609375
0 0.41171875 0.63359375 0.0671875 0.0703125
0 0.35234375 0.6578125 0.0609375 0.0671875
0 0.3859375 0.67890625 0.053125 0.053125
0 0.3265625 0.7015625 0.0484375 0.046875
0 0.36484375 0.72421875 0.0546875 0.053125
0 0.30703125 0.74296875 0.059375 0.0625
0 0.34453125 0.759375 0.0515625 0.053125
0 0.284375 0.78359375 0.0546875 0.05625
0 0.32265625 0.80546875 0.053125 0.053125
0 0.45234375 0.7078125 0.2328125 0.3203125
0 0.73984375 0.37109375 0.1234375 0.128125
0 0.68359375 0.4875 0.1328125 0.13125
0 0.634375 0.58203125 0.1328125 0.1296875
0 0.5875 0.675 0.1359375 0.134375
0 0.53515625 0.778125 0.13125 0.134375
0 0.4828125 0.87109375 0.1296875 0.134375
0 0.83515625 0.4171875 0.140625 0.14375
0 0.7765625 0.5265625 0.13125 0.134375
0 0.7296875 0.62578125 0.140625 0.14375
0 0.67421875 0.72265625 0.134375 0.1375
0 0.625 0.81796875 0.134375 0.1359375
0 0.57265625 0.909375 0.128125 0.1328125
0 0.92734375 0.45859375 0.1390625 0.1421875
0 0.86875 0.565625 0.14375 0.1484375
0 0.81484375 0.67109375 0.1359375 0.1375
0 0.76328125 0.77109375 0.1234375 0.1296875
0 0.7125 0.859375 0.128125 0.1359375
0 0.6546875 0.9453125 0.121875 0.109375
0 0.92265625 0.6703125 0.1140625 0.1609375
0 0.840625 0.8203125 0.1234375 0.16875
0 0.76015625 0.94609375 0.1109375 0.1078125