0 0.92734375 0.6296875 0.1234375 0.13125
0 0.87109375 0.53515625 0.1203125 0.125
0 0.81796875 0.4421875 0.1140625 0.1203125
0 0.7609375 0.35625 0.1125 0.121875
0 0.7140625 0.2671875 0.1109375 0.115625
0 0.66171875 0.18359375 0.1125 0.115625
0 0.61640625 0.1046875 0.103125 0.109375
0 0.4921875 0.05390625 0.1 0.103125
0 0.53828125 0.13828125 0.10625 0.109375
0 0.58671875 0.21875 0.1046875 0.109375
0 0.63203125 0.3015625 0.1078125 0.109375
0 0.68203125 0.39140625 0.1140625 0.11875
0 0.73515625 0.4828125 0.1171875 0.1203125
0 0.7875 0.575 0.1203125 0.128125
0 0.8421875 0.67265625 0.125 0.1328125
0 0.75703125 0.71328125 0.134375 0.140625
0 0.70390625 0.61484375 0.1203125 0.128125
0 0.65078125 0.52109375 0.11875 0.128125
0 0.60234375 0.42734375 0.115625 0.1203125
0 0.553125 0.3390625 0.1078125 0.1125
0 0.5078125 0.2546875 0.10625 0.1125
0 0.46171875 0.1734375 0.1046875 0.109375