0 0.579977190625 0.6862247625 0.5624615671875 0.7452252140625 0.5538679656250001 0.7772969703125 0.5545629046875 0.780010709375 0.6968107484375 0.8191369156249999 0.6999698953125 0.8179613828125 0.7223259234375 0.733466096875 0.7217069171875 0.7262231515625001 0.5856509937500001 0.6852175234375 0.579977190625 0.6862247625
0 0.74959635 0.6325949140625 0.7483706828125001 0.6297389671875 0.6134266625 0.5930753203125 0.6077906921875 0.59712573125 0.603456059375 0.6101184374999999 0.5903888359375 0.65464015 0.5836149500000001 0.6841664609375 0.5845752531249999 0.6869513031250001 0.7247001828124999 0.7255086765625001 0.7266588859375 0.72350598125 0.7481050546875 0.6402834171875 0.74959635 0.6325949140625
0 0.54267681875 0.22026379375 0.5405160703125 0.21665178749999997 0.5160773390625 0.208081425 0.41920677968750003 0.181114025 0.4157948796875 0.18323284374999999 0.41398777343750004 0.1867926796875 0.3994169078125 0.22737295156249998 0.3924409796875 0.25128456093749996 0.3945005734375 0.2573969921875 0.5175158140625 0.29187534375 0.5206623515625 0.2896854203125 0.5271958296875 0.272732340625 0.54267681875 0.22026379375
0 0.5024360671875 0.36922119531250003 0.5215063062499999 0.296988640625 0.519332946875 0.29236224375000003 0.398187865625 0.25939601093750003 0.3951550953125 0.2600999 0.3922991453125 0.2643897109375 0.38012943125 0.29600875625 0.3703101640625 0.325224565625 0.3685408921875 0.33182757343749997 0.369766559375 0.3346835203125 0.49599139531249997 0.37204390468750004 0.5000856234375 0.3716244328125 0.5024360671875 0.36922119531250003
0 0.3262621796875 0 0.3254723 0.0008076203125 0.31967185625 0.012902057812500001 0.30199228749999996 0.058715425 0.299591134375 0.0676766515625 0.3025353625 0.0704875796875 0.419434615625 0.1023161453125 0.4249442078125 0.0987373765625 0.4307698734375 0.088671721875 0.44628869531250004 0.0392463484375 0.4456949109375 0.034032184375 0.44034979218750003 0.029566928125000003 0.3353062953125 0 0.3262621796875 0
0 0.40372552968750003 0.1729217890625 0.42527232656249997 0.10842990937500001 0.42522187968749997 0.10437234375 0.4234907078125 0.103402971875 0.3011704046875 0.0716383578125 0.2984282203125 0.07444213281249999 0.2844387921875 0.10860662343750001 0.27253444375 0.1402967734375 0.27191517187500003 0.14366938125 0.273128228125 0.1455109359375 0.3990372546875 0.1787426515625 0.4012739328125 0.17782545 0.40372552968750003 0.1729217890625
0 1 0.3767592984375 0.93051566875 0.3570427859375 0.927470021875 0.3673478390625 0.9169802468749999 0.42772535468750006 0.9174224328125 0.4313823796875 1 0.4579748859375 1 0.3767592984375
0 0.8391955687499999 0.2243953671875 0.8348359765625 0.22474373593750002 0.8317272734375001 0.22997683281249998 0.826154096875 0.249714753125 0.8172189375000001 0.2968601671875 0.8177874984375 0.30004554843750003 0.938654603125 0.3319262859375 0.9403479421875 0.3298524859375 0.9557535265625001 0.26068203749999996 0.9552861187499999 0.2549962296875 0.8391955687499999 0.2243953671875
0 0.9239056640625 0.41138280156249996 0.9382245671874999 0.339899153125 0.9382878874999999 0.3343555546875 0.819139346875 0.30242979999999997 0.8036328718749999 0.36348511875 0.8022553406249999 0.3696875890625 0.802849125 0.3749017515625 0.9239056640625 0.41138280156249996
0 0.8052204125 0.3765481484375 0.7892336546875 0.441518825 0.7874515093750001 0.45772299531250005 0.8987907234374999 0.48907276718750003 0.91176835 0.4905280875 0.9274771296875001 0.42447191562500003 0.9287663828125 0.41116870937499994 0.830935521875 0.3814164671875 0.8075834687500001 0.375159303125 0.8052204125 0.3765481484375
0 0.8541524562499999 0.7794045359374999 0.8559346031249999 0.7632003640625 0.786257571875 0.7430139421875 0.72206465 0.7278355234375 0.701262709375 0.820329815625 0.797741528125 0.8476977546875 0.838317034375 0.8565479046875 0.8541524562499999 0.7794045359374999
0 0.6769733015625 0.9179557125000001 0.8163147484375 0.9573141640625 0.8198782484375 0.956752484375 0.8305193609374999 0.9085476609375001 0.840452921875 0.8566147078125 0.8398717484375 0.8524149359375001 0.7007071234375 0.8166424046874999 0.686717165625 0.8720380015625 0.6769733015625 0.9179557125000001
0 0.553251428125 0.7811758171875 0.52825410625 0.87659000625 0.529075421875 0.8788321015625 0.6763525734375 0.9182948953125001 0.698253803125 0.8291281937500001 0.6995556671875 0.816839378125 0.67272865625 0.807629078125 0.5619453921875001 0.7784502984375 0.5569160828124999 0.7781137109375 0.553251428125 0.7811758171875
0 0.6769242015625 0.3366107171875 0.6553264328124999 0.418276140625 0.7792893656250001 0.4545249453125 0.78233475 0.45483544687500005 0.785468675 0.45163113125 0.793657925 0.418945525 0.8035407765624999 0.3735705609375 0.8034903312499999 0.369512996875 0.6795526203125 0.335292975 0.6769242015625 0.3366107171875
0 0.3789080171875 0.25422999062499996 0.38368483750000004 0.2448943109375 0.4023756828125 0.184692240625 0.4020472609375 0.17954918125 0.39897665625 0.177209896875 0.28048521718749997 0.14495470625 0.27692171718749997 0.1455163875 0.27419214375 0.149334553125 0.2612515625 0.18276906875 0.24992838750000002 0.2186589921875 0.25208913437499997 0.22227099843749998 0.302950525 0.2394378078125 0.375104375 0.25674935 0.3789080171875 0.25422999062499996
0 0.24806714218749998 0.31521741406250003 0.344545959375 0.342585353125 0.35284818281249997 0.3402603734375 0.360354575 0.32710652812499996 0.376176859375 0.2701798765625 0.37650554375 0.26470738125 0.3723230359375 0.258026115625 0.2911341890625 0.2372826421875 0.2513673890625 0.2296601953125 0.2462243140625 0.23080964375000002 0.2401711171875 0.24384736562499998 0.22490505 0.2923294546875 0.2242476796875 0.30327444375 0.227204521875 0.3070997625 0.24806714218749998 0.31521741406250003
0 0.17587121249999998 0.43893075625 0.16505354375 0.47293410468749997 0.1667973296875 0.47491786874999997 0.301273678125 0.5165112625 0.3032323796875 0.514508565625 0.3278376984375 0.43011047031249994 0.3271301484375 0.42638234218750004 0.1943342640625 0.392316309375 0.190442078125 0.398350484375 0.17587121249999998 0.43893075625
0 0.2657019328125 0.6030259734375 0.27215921718749997 0.60121765625 0.2801963390625 0.5882060171875 0.288777065625 0.565735425 0.298128925 0.5308338078125 0.3000878921875 0.51821555625 0.298975990625 0.5138735765625 0.16590213125 0.4787220484375 0.1628819703125 0.480440328125 0.1592677609375 0.48756000000000005 0.14249805 0.5321006453125 0.13487762812499998 0.55735608125 0.13439734375 0.5612714375000001 0.1358757640625 0.5631840968749999 0.2657019328125 0.6030259734375
0 0.269895846875 0.6122378234375 0.267330746875 0.608011965625 0.1311484484375 0.5674779812499999 0.1272184296875 0.5704689828125 0.10545697968750001 0.6283317703125 0.0972172859375 0.6569598140624999 0.0987335375 0.6619156453125 0.23873209062499998 0.7009446625 0.24136051093750002 0.699626921875 0.24406486093750002 0.6937799734375 0.255805 0.6595182937499999 0.269895846875 0.6122378234375
0 0.6112251171875 0.5919799125 0.747344359375 0.627441940625 0.7663389296875 0.5491230390624999 0.7669963 0.53817805 0.6417443796875 0.5046169 0.6343267921875 0.503640375 0.632115334375 0.5065863578124999 0.6248614296875 0.529412471875 0.6112251171875 0.5919799125
0 0.6555828625 0.42188339218750004 0.644436509375 0.46135923593749995 0.6345284343750001 0.5047054171875 0.767071565625 0.5397147359375001 0.786887715625 0.45302237500000003 0.65793330625 0.41948015625 0.6555828625 0.42188339218750004
0 0.8196072390625 0.2889065109375 0.718364475 0.2612730875 0.698866509375 0.2565541296875 0.6945195281250001 0.2579168890625 0.6764474265625 0.335977459375 0.8016867359375001 0.36852421875 0.8160179875000001 0.3086705171875 0.8196072390625 0.2889065109375
0 0.2819295296875 0.6073741453125 0.26015520468750003 0.67483809375 0.2556056515625 0.6918172593749999 0.25617421406249996 0.6950026406250001 0.3928494078125 0.7326356609375 0.3975881296875 0.7308723609375 0.4247335890625 0.6380557875 0.288475359375 0.6020510109375 0.28478548125 0.603084334375 0.2819295296875 0.6073741453125
0 0.9117867359374999 0.4960935796875 0.8609127328125 0.477912378125 0.78757105 0.4607880625 0.7775620859375 0.4960191140625 0.7694989484375 0.5388486328125001 0.769941134375 0.5425056578125 0.8327060812499999 0.55982898125 0.8956985609375 0.5741802359375 0.9073251984375 0.5307890359375 0.912506896875 0.5008361 0.9117867359374999 0.4960935796875
0 0.76978761875 0.5485305953124999 0.749870578125 0.627107828125 0.7515258203124999 0.6326064078125 0.8622079296875 0.6642856125 0.877851809375 0.667466365625 0.8806066046875 0.6656769812500001 0.8963408734374999 0.5910340390625 0.89712461875 0.5796174062499999 0.7984091234374999 0.55316666875 0.76978761875 0.5485305953124999
0 0.8626249296875 0.7584214546875 0.88212526875 0.667600425 0.761523528125 0.6357907921875 0.7496073609375 0.6346198875 0.7291467171875 0.722656075 0.7299680328125 0.7248981703124999 0.8585433124999999 0.7598553171875 0.8626249296875 0.7584214546875
0 0.45836809531249995 0.4529538421875 0.3425429109375 0.42242408437499995 0.3384739046875 0.4248723390625 0.3365404234375 0.42890381718750004 0.3199979796875 0.48108794843749997 0.3130346609375 0.5060139484375 0.31384336562500004 0.5072416515625 0.44800390468750007 0.544706378125 0.45034173749999995 0.5412887515625 0.473569525 0.463093125 0.47244501093749997 0.457736753125 0.45836809531249995 0.4529538421875
0 0.49847723750000006 0.372709984375 0.49632909999999997 0.37011236875 0.37120355625 0.33607957499999996 0.3654159890625 0.3385728484375 0.3555841078125 0.36677426562500004 0.341531096875 0.41709790937499996 0.342365021875 0.4203543953125 0.4722797328125 0.45668145468750004 0.473985684375 0.45562204531250006 0.4794829296875 0.44041333125 0.4975040578125 0.37952630468750004 0.49847723750000006 0.372709984375
0 0.5408915921874999 0.7687649015625 0.48396465781250003 0.7530058703125 0.40253567031250004 0.734220075 0.3988584046875 0.736267790625 0.38868522968749997 0.7689273125 0.376022359375 0.8140628765625 0.3732672984375 0.8264678156249999 0.374492965625 0.8293237609374999 0.5121410734375 0.8707560140625 0.5167534203125 0.869464359375 0.5345346703125 0.7999194562499999 0.5408915921874999 0.7687649015625
0 0.39115041562499997 0.733191428125 0.2575458265625 0.6978976921875 0.255170159375 0.698272146875 0.253097690625 0.701760878125 0.241382775 0.7380513390625 0.2278100453125 0.7844596265625 0.227228609375 0.7908754078125 0.368402384375 0.8287028078124999 0.370752828125 0.826299571875 0.395990028125 0.7395432578125 0.39593958281249997 0.7354856937500001 0.39115041562499997 0.733191428125
0 0.42393184218749996 0.6363244421875 0.4484486171875 0.5554411640625 0.44852454843749995 0.55091195625 0.37367922187499997 0.5298461984375 0.31505894843750004 0.5161609671875 0.3117734234375 0.5178081437500001 0.306415165625 0.5335596046875 0.2872314265625 0.596662640625 0.2862204140625 0.6004357875 0.28704172968749997 0.6026778828125 0.411762921875 0.636096825 0.4209116828125 0.6380427234375 0.42393184218749996 0.6363244421875
0 0.343800815625 0.34036366875 0.2239699453125 0.306738565625 0.221341525 0.30805630625 0.2178536921875 0.314704334375 0.20148833281249998 0.3598588328125 0.1928316765625 0.3868586328125 0.19446169375 0.39032843125 0.3210782703125 0.427288275 0.32978484531249996 0.4255771484375 0.3507126328125 0.35384232187500003 0.350864496875 0.34478390625 0.343800815625 0.34036366875
0 0.2404228953125 0.7034197359375 0.23588648124999997 0.700182184375 0.2204953546875 0.69605814375 0.098882603125 0.668021659375 0.09269068124999999 0.6699010796875 0.08620791093749999 0.6802961703125 0.06421892968750001 0.7411310249999999 0.0613248828125 0.752993215625 0.0645470859375 0.7568896390625001 0.20904422031249997 0.796113034375 0.21178640468749999 0.793309259375 0.2153753921875 0.78416080625 0.2404228953125 0.7034197359375
0 0.45479821718749996 0.544504884375 0.4500594953125 0.546268184375 0.4451055890625 0.562633496875 0.426010128125 0.6328372703125 0.42710941875 0.636164859375 0.5625841687500001 0.672970715625 0.564681859375 0.671510765625 0.5836383328125 0.6007642453125001 0.5868736765625 0.5844439515625 0.5861535140624999 0.57970143125 0.45479821718749996 0.544504884375
0 0.42579520937500004 0.6368237296875 0.4238491171875 0.6398408171875001 0.407887846875 0.696224721875 0.39864975 0.729640303125 0.40055774531250005 0.734195596875 0.5380164203125 0.7710275375 0.539975125 0.7690248421875 0.54807583125 0.73985405 0.563405484375 0.675212809375 0.5620408296875 0.6718141156249999 0.42579520937500004 0.6368237296875
0 0.438849346875 0.1019577421875 0.43162092812499997 0.1161970828125 0.42120761093750003 0.1508142828125 0.41410530625 0.1751975359375 0.415356196875 0.1800822640625 0.5386494125 0.2156461109375 0.5417707265625 0.21142740624999998 0.5599056203125 0.1490543453125 0.5608661875000001 0.1412236328125 0.5587054390625 0.13761162656249998 0.438849346875 0.1019577421875
0 0.0578532625 0.35625184062500004 0.055250065625 0.3595983640625 0.0318204984375 0.421563734375 0.026070500000000003 0.43771573437500005 0.027030803125000002 0.44050057656249997 0.159194803125 0.47692482500000005 0.162341340625 0.4747349015625 0.16478032812500001 0.46881684999999995 0.17754408906250002 0.43179641249999995 0.1890947953125 0.392934421875 0.0578532625 0.35625184062500004
0 0 0.532867671875 0.124770746875 0.5693076234375 0.1306720796875 0.565328315625 0.1367126640625 0.5512762 0.1450406359375 0.52974889375 0.1590303296875 0.48496885 0.1573877 0.4804846609375 0.151006346875 0.477763771875 0.024831956250000002 0.44446095156250004 0.022342525 0.4463214390625 0.019385420312500002 0.453111675 0.0020216609375 0.5030537125000001 0 0.5105986546875 0 0.532867671875
0 0 0.6359655796875 0.0944409171875 0.661270946875 0.1021874515625 0.6461594234375 0.12339321562500001 0.5755100921875 0.11937491874999999 0.5714003562500001 0 0.54218233125 0 0.6359655796875
0 0 0.74488845625 0.0452447390625 0.75677265 0.0615331125 0.7586095765625 0.09401107812500001 0.6692438671875001 0.09198931875000001 0.666174609375 0 0.6415261453125 0 0.74488845625