0 0.484375 0.89140625 0.1734375 0.1640625
0 0.546875 0.77734375 0.178125 0.1734375
0 0.6171875 0.66171875 0.1953125 0.184375
0 0.6359375 0.31953125 0.1421875 0.140625
0 0.7359375 0.3734375 0.1515625 0.1484375
0 0.58359375 0.4140625 0.14375 0.1421875
0 0.6796875 0.4765625 0.1546875 0.1515625
0 0.7640625 0.7390625 0.2015625 0.1984375
0 0.84140625 0.61015625 0.215625 0.2046875
0 0.68359375 0.853125 0.184375 0.1703125
0 0.6203125 0.9375 0.1875 0.125
0 0.35859375 0.83046875 0.1671875 0.1578125
0 0.425 0.71796875 0.1875 0.1890625
0 0.221875 0.71875 0.2296875 0.2546875
0 0.33046875 0.50546875 0.2515625 0.2953125
0 0.478125 0.271875 0.2234375 0.259375
0 0.275 0.17734375 0.3421875 0.3375
0 0.899079434375 0.54412095 0.969585503125 0.42926103437499996 0.8428033390625 0.36696985625 0.775240071875 0.4768767203125 0.899079434375 0.54412095
0 0 0.6861505375 0.1130403453125 0.7523433578125001 0.21858632656250002 0.558276028125 0.01925965 0.44670135625 0 0.49037713906249997 0 0.6861505375
0 0.1158562390625 0.2325008328125 0.022223653125 0.444084221875 0.2214161640625 0.5499967578125 0.32843203593750003 0.3413362640625 0.1158562390625 0.2325008328125