0 0.659375 0.41796875 0.2453125 0.23125
0 0.67578125 0.55390625 0.10625 0.0890625
0 0.76796875 0.51484375 0.1015625 0.0953125
0 0.61015625 0.64609375 0.1078125 0.0953125
0 0.6375 0.703125 0.1078125 0.0875
0 0.66015625 0.75625 0.1046875 0.0890625
0 0.6765625 0.80546875 0.1015625 0.08125
0 0.7046875 0.6078125 0.1046875 0.0875
0 0.7875 0.5703125 0.0921875 0.0828125
0 0.8109375 0.62109375 0.0921875 0.078125
0 0.82578125 0.67421875 0.0953125 0.0828125
0 0.840625 0.72421875 0.0953125 0.084375
0 0.72890625 0.66484375 0.1015625 0.0859375
0 0.74765625 0.71875 0.10625 0.09375
0 0.76875 0.76875 0.1125 0.0953125
0 0.8430052031249999 0.14401054062500002 0.7939643453125 0.013245537499999998 0.6618666875 0.0575171140625 0.7121774828125 0.193133209375 0.8430052031249999 0.14401054062500002
0 0.8947036953125 0.28457055468750003 0.84677235 0.1541370609375 0.7188739953125001 0.21561992812500003 0.770713540625 0.3432369671875 0.8947036953125 0.28457055468750003
0 0.9343326921875 0.41972438125 0.8959067375 0.303532028125 0.7734675875 0.35574285156249996 0.8130206140625 0.47799070937500004 0.9343326921875 0.41972438125
0 0.9787447468750001 0.5467061156249999 0.9376305625000001 0.436011378125 0.8114128390625 0.490892078125 0.8626446015625 0.6110301625 0.9787447468750001 0.5467061156249999
0 1 0.6152346984375 0.979823784375 0.562330196875 0.8618501828125 0.6164935296875 0.9041977421875 0.730857015625 1 0.68549753125 1 0.6152346984375
0 0.60472208125 0.769497478125 0.5432966234375 0.6275315406249999 0.474153875 0.6587726390624999 0.5413158265625 0.8024595187499999 0.60472208125 0.769497478125
0 0.43515625 0.48828125 0.14375 0.1890625
0 0.35234375 0.68671875 0.09375 0.084375
0 0.4203125 0.65703125 0.0875 0.0796875
0 0.375 0.73984375 0.09375 0.0828125
0 0.44609375 0.71171875 0.090625 0.0828125
0 0.47109375 0.7625 0.0859375 0.0765625
0 0.4 0.79375 0.09375 0.084375
0 0.3234375 0.4859375 0.103125 0.0640625
0 0.33046875 0.50234375 0.1015625 0.05625
0 0.3390625 0.5171875 0.1 0.05625
0 0.34375 0.53125 0.1046875 0.0640625
0 0.35546875 0.55 0.1015625 0.059375
0 0.3609375 0.56328125 0.0984375 0.05625
0 0.36953125 0.578125 0.1 0.0578125
0 0.3765625 0.59140625 0.1 0.0546875
0 0.3828125 0.60703125 0.1015625 0.05625
0 0.39140625 0.61953125 0.0984375 0.05625
0 0.309375 0.846875 0.115625 0.1140625
0 0.275 0.77109375 0.1109375 0.1125
0 0.2359375 0.69140625 0.1171875 0.121875
0 0.19453125 0.603125 0.1125 0.1125
0 0.15546875 0.51640625 0.1125 0.1125
0 0.1109375 0.425 0.121875 0.125
0 0.05 0.4875 0.1 0.1375
0 0.07890625 0.584375 0.1328125 0.1328125