0 0.275 0.15703125 0.17734375 0.17734375
0 0.45234375 0.16640625 0.171875 0.18515625
0 0.6359375 0.16640625 0.1671875 0.19765625
0 0.634375 0.35546875 0.16953125 0.16796875
0 0.625 0.528125 0.1625 0.1609375
0 0.62109375 0.68671875 0.15078125 0.1390625
0 0.6140625 0.82421875 0.15703125 0.15546875
0 0.77578125 0.8359375 0.1578125 0.15390625
0 0.27890625 0.3375 0.1609375 0.16328125
0 0.446875 0.33984375 0.1671875 0.16171875
0 0.278125 0.50390625 0.15859375 0.15625
0 0.44453125 0.51484375 0.1625 0.16484375
0 0.28359375 0.6625 0.15 0.1390625
0 0.4453125 0.66328125 0.153125 0.146875
0 0.28984375 0.81171875 0.1578125 0.14140625
0 0.44609375 0.809375 0.14375 0.14921875
0 0.92734375 0.84140625 0.1453125 0.1515625