0 0.3890625 0.49609375 0.09375 0.0703125
0 0.5078125 0.77890625 0.096875 0.0765625
0 0.36640625 0.59609375 0.0953125 0.071875
0 0.35390625 0.64609375 0.09375 0.0703125
0 0.378125 0.54609375 0.0921875 0.06875
0 0.59140625 0.81171875 0.0984375 0.0734375
0 0.51875 0.7265625 0.0953125 0.0703125
0 0.60546875 0.75234375 0.096875 0.075
0 0.6125 0.6984375 0.0953125 0.071875
0 0.340625 0.69921875 0.09375 0.0734375
0 0.621875 0.65 0.096875 0.071875
0 0.3125 0.80859375 0.090625 0.0734375
0 0.55234375 0.56953125 0.0953125 0.06875
0 0.5296875 0.67421875 0.0921875 0.065625
0 0.640625 0.546875 0.0921875 0.0671875
0 0.0625 0.51328125 0.0953125 0.071875
0 0.13515625 0.59140625 0.1015625 0.0734375
0 0.2015625 0.37890625 0.0984375 0.0703125
0 0.659375 0.4015625 0.090625 0.0625
0 0.63203125 0.59921875 0.0921875 0.06875
0 0.40078125 0.4484375 0.0890625 0.06875
0 0.58125 0.86953125 0.0953125 0.075
0 0.3296875 0.74921875 0.0921875 0.06875
0 0.04453125 0.5671875 0.0890625 0.071875
0 0.496875 0.83984375 0.09375 0.071875
0 0.646875 0.49453125 0.0953125 0.06875
0 0.66796875 0.353125 0.0859375 0.065625
0 0.65390625 0.4453125 0.0921875 0.059375
0 0.53984375 0.621875 0.096875 0.0703125
0 0.28125 0.4125 0.0953125 0.0734375
0 0.8765625 0.40390625 0.0796875 0.0640625
0 0.753125 0.69609375 0.0890625 0.065625
0 0.09609375 0.4078125 0.090625 0.0671875
0 0.47578125 0.5078125 0.0890625 0.0640625
0 0.16640625 0.4859375 0.1 0.071875
0 0.746875 0.7453125 0.1015625 0.0734375
0 0.75703125 0.64609375 0.0890625 0.0671875
0 0.5609375 0.51640625 0.090625 0.0640625
0 0.15234375 0.53984375 0.103125 0.0765625
0 0.0390625 0.6203125 0.078125 0.075
0 0.490625 0.4109375 0.090625 0.06875
0 0.50234375 0.32109375 0.090625 0.065625
0 0.08203125 0.46015625 0.090625 0.065625
0 0.765625 0.5984375 0.084375 0.065625
0 0.5765625 0.384375 0.0828125 0.059375
0 0.2671875 0.46328125 0.09375 0.06875
0 0.83359375 0.8515625 0.1 0.075
0 0.46484375 0.55703125 0.0875 0.0625
0 0.41484375 0.765625 0.1015625 0.0734375
0 0.81953125 0.91015625 0.103125 0.0765625
0 0.91328125 0.8125 0.065625 0.0640625
0 0.18671875 0.42890625 0.096875 0.0734375
0 0.4125 0.4046875 0.0796875 0.0578125
0 0.453125 0.60546875 0.090625 0.0671875
0 0.84140625 0.79921875 0.103125 0.075
0 0.73046875 0.90234375 0.0859375 0.053125
0 0.42890625 0.709375 0.0953125 0.071875
0 0.48125 0.4578125 0.0875 0.0640625
0 0.49609375 0.3625 0.0875 0.0625
0 0.4421875 0.65625 0.0921875 0.0640625
0 0.2515625 0.51796875 0.09375 0.071875
0 0.56796875 0.4671875 0.090625 0.0671875
0 0.84453125 0.7421875 0.096875 0.071875
0 0.90078125 0.86796875 0.0640625 0.06875
0 0.02265625 0.73203125 0.0453125 0.0765625
0 0.1171875 0.64765625 0.1015625 0.078125
0 0.5734375 0.4265625 0.0859375 0.0546875
0 0.0859375 0.75546875 0.10625 0.0828125
0 0.20625 0.671875 0.0953125 0.075
0 0.86484375 0.44921875 0.0765625 0.05625
0 0.84609375 0.63203125 0.0953125 0.0734375
0 0.78359375 0.46953125 0.0890625 0.0703125
0 0.1890625 0.728125 0.096875 0.0734375
0 0.85859375 0.490625 0.078125 0.059375
0 0.0296875 0.68125 0.059375 0.0625
0 0.74453125 0.83046875 0.078125 0.0484375
0 0.22109375 0.621875 0.0921875 0.065625
0 0.85546875 0.58046875 0.0953125 0.071875
0 0.84765625 0.68828125 0.1 0.071875
0 0.1015625 0.6984375 0.0984375 0.0671875
0 0.921875 0.75703125 0.071875 0.0625
0 0.2359375 0.56953125 0.0953125 0.06875
0 0.17109375 0.78671875 0.0953125 0.078125
0 0.934375 0.65078125 0.09375 0.0734375
0 0.77265625 0.553125 0.0828125 0.0609375
0 0.75234375 0.79375 0.078125 0.053125
0 0.9265625 0.70546875 0.0859375 0.0671875
0 0.7390625 0.86484375 0.0765625 0.0515625
0 0.7796875 0.515625 0.08125 0.0546875
0 0.890625 0.92421875 0.059375 0.065625
0 0.94375 0.5953125 0.0953125 0.071875
0 0.4046875 0.82421875 0.115625 0.0734375
0 0.859375 0.5359375 0.0875 0.0640625
0 0.9203125 0.503125 0.0734375 0.05
0 0.29296875 0.5734375 0.0671875 0.1609375
0 0.25234375 0.72734375 0.075 0.159375
0 0.9171875 0.53828125 0.0734375 0.0546875