0 0.45859375 0.28359375 0.1328125 0.10625
0 0.57265625 0.228125 0.1296875 0.1046875
0 0.48984375 0.35234375 0.1359375 0.1140625
0 0.52421875 0.4265625 0.1421875 0.11875
0 0.56171875 0.50625 0.1421875 0.115625
0 0.59609375 0.57890625 0.14375 0.1171875
0 0.63984375 0.665625 0.1484375 0.125
0 0.6046875 0.3046875 0.134375 0.1171875
0 0.646875 0.38125 0.1375 0.115625
0 0.68203125 0.45078125 0.1359375 0.103125
0 0.72109375 0.51953125 0.14375 0.121875
0 0.775 0.59921875 0.1484375 0.1234375
0 0.7609375 0.71875 0.2921875 0.2078125
0 0.28046875 0.23984375 0.14375 0.1171875
0 0.3171875 0.31640625 0.1453125 0.1171875
0 0.346875 0.390625 0.1484375 0.125
0 0.37890625 0.47109375 0.1515625 0.1203125
0 0.415625 0.5546875 0.1515625 0.121875
0 0.45390625 0.63828125 0.159375 0.13125
0 0.4859375 0.7328125 0.165625 0.134375
0 0.52421875 0.82734375 0.165625 0.1359375
0 0.1875 0.36171875 0.1484375 0.1203125
0 0.2171875 0.44296875 0.146875 0.1171875
0 0.24921875 0.52578125 0.1484375 0.121875
0 0.27890625 0.61015625 0.1515625 0.121875
0 0.31328125 0.70078125 0.1546875 0.1296875
0 0.3484375 0.79609375 0.171875 0.1421875
0 0.384375 0.89296875 0.1734375 0.146875