0 0.6921875 0.58359375 0.1515625 0.1234375
0 0.79921875 0.71328125 0.153125 0.1265625
0 0.61484375 0.8546875 0.1609375 0.1328125
0 0.64296875 0.76015625 0.159375 0.13125
0 0.62578125 0.3046875 0.1453125 0.115625
0 0.55234375 0.5484375 0.1546875 0.125
0 0.7140625 0.5 0.1515625 0.1203125
0 0.75625 0.3390625 0.15 0.1140625
0 0.60234375 0.3796875 0.1484375 0.11875
0 0.64453125 0.2265625 0.1515625 0.1171875
0 0.753125 0.89765625 0.159375 0.134375
0 0.7765625 0.2671875 0.1390625 0.109375
0 0.6671875 0.15078125 0.1453125 0.1125
0 0.46484375 0.81796875 0.165625 0.1328125
0 0.35703125 0.678125 0.1578125 0.1296875
0 0.52265625 0.634375 0.1625 0.13125
0 0.32578125 0.76953125 0.1625 0.134375
0 0.57578125 0.46171875 0.15625 0.1234375
0 0.665625 0.67265625 0.1546875 0.125
0 0.49375 0.72109375 0.1578125 0.128125
0 0.3890625 0.58984375 0.1625 0.1296875
0 0.690625 0.08203125 0.1375 0.10625
0 0.7765625 0.803125 0.1671875 0.1359375
0 0.42265625 0.5 0.1515625 0.125
0 0.978125 0.425 0.04375 0.1
0 0.96953125 0.5015625 0.0609375 0.096875
0 0.15390625 0.67890625 0.1078125 0.084375
0 0.215625 0.2671875 0.0828125 0.0640625
0 0.04375 0.70546875 0.0875 0.0828125
0 0.2359375 0.22109375 0.084375 0.0671875
0 0.0625 0.653125 0.10625 0.08125
0 0.08515625 0.59765625 0.1125 0.0875
0 0.21328125 0.51875 0.103125 0.078125
0 0.11875 0.4921875 0.1015625 0.0796875
0 0.1296875 0.73203125 0.1171875 0.0859375
0 0.046875 0.4421875 0.0875 0.071875
0 0.2015625 0.56953125 0.1046875 0.078125
0 0.13671875 0.43828125 0.096875 0.0765625
0 0.18515625 0.625 0.1078125 0.0828125
0 0.7375 0.41953125 0.1546875 0.121875
0 0.1546875 0.38671875 0.0921875 0.0734375
0 0.10390625 0.54375 0.1046875 0.08125
0 0.0375 0.48828125 0.075 0.0703125
0 0.19921875 0.30703125 0.0890625 0.06875
0 0.22734375 0.465625 0.1 0.0828125
0 0.96015625 0.584375 0.0796875 0.090625
0 0.0296875 0.53828125 0.059375 0.0796875
0 0.940625 0.66640625 0.08125 0.1
0 0.0671875 0.3984375 0.0875 0.06875
0 0.18046875 0.3515625 0.0921875 0.0703125
0 0.246875 0.4125 0.1015625 0.0796875
0 0.11875 0.27578125 0.090625 0.06875
0 0.08203125 0.3625 0.084375 0.0625
0 0.26640625 0.36640625 0.0953125 0.0734375
0 0.01796875 0.5875 0.0359375 0.0625
0 0.1015625 0.31796875 0.084375 0.0609375
0 0.91484375 0.759375 0.075 0.0984375
0 0.88828125 0.84921875 0.0703125 0.0984375
0 0.009375 0.62265625 0.01875 0.0546875
0 0.2828125 0.32421875 0.084375 0.0546875
0 0.86171875 0.940625 0.065625 0.096875
0 0.10298897656249999 0.2338562515625 0.0972113625 0.24672816718749999 0.163798175 0.2666617078125 0.1694177390625 0.2474984015625 0.10298897656249999 0.2338562515625