0 0.5015625 0.61171875 0.1125 0.1203125
0 0.2734375 0.4078125 0.1140625 0.11875
0 0.3875 0.36875 0.1078125 0.1109375
0 0.53828125 0.51796875 0.1125 0.115625
0 0.50234375 0.309375 0.1046875 0.10625
0 0.53515625 0.22734375 0.103125 0.103125
0 0.46796875 0.39609375 0.103125 0.109375
0 0.309375 0.3234375 0.1109375 0.1125
0 0.57265625 0.428125 0.1109375 0.1109375
0 0.4234375 0.28203125 0.1046875 0.1078125
0 0.14375 0.69453125 0.121875 0.1296875
0 0.678125 0.678125 0.1125 0.1171875
0 0.23125 0.73671875 0.1234375 0.125
0 0.43359375 0.809375 0.1171875 0.121875
0 0.346875 0.23984375 0.1078125 0.109375
0 0.6046875 0.34296875 0.109375 0.109375
0 0.46796875 0.71015625 0.115625 0.1203125
0 0.3828125 0.16015625 0.1046875 0.1046875
0 0.7359375 0.490625 0.1078125 0.1109375
0 0.275 0.63984375 0.1171875 0.121875
0 0.19140625 0.5953125 0.121875 0.128125
0 0.36015625 0.6703125 0.1140625 0.121875
0 0.35078125 0.45703125 0.1125 0.1171875
0 0.5640625 0.15234375 0.1015625 0.096875
0 0.521875 0.84765625 0.121875 0.128125
0 0.3125 0.54921875 0.1140625 0.11875
0 0.4578125 0.20390625 0.1015625 0.1046875
0 0.55390625 0.74375 0.1203125 0.1234375
0 0.5890625 0.64375 0.115625 0.11875
0 0.76484375 0.4015625 0.1046875 0.10625
0 0.64140625 0.77578125 0.1125 0.1171875
0 0.321875 0.77265625 0.1203125 0.125
0 0.68671875 0.371875 0.103125 0.1046875
0 0.41796875 0.07890625 0.103125 0.103125
0 0.63125 0.2578125 0.1 0.1015625
0 0.70625 0.58203125 0.1046875 0.1109375
0 0.60859375 0.878125 0.1203125 0.1265625
0 0.39765625 0.575 0.1125 0.1140625
0 0.625 0.546875 0.1125 0.1140625
0 0.4359375 0.47890625 0.1078125 0.1125
0 0.65078125 0.4578125 0.1046875 0.1078125
0 0.23359375 0.50078125 0.1125 0.1171875
0 0.4890625 0.12578125 0.096875 0.096875
0 0.875 0.7765625 0.146875 0.1796875
0 0.9265625 0.62265625 0.146875 0.1765625
0 0.696875 0.18203125 0.103125 0.103125
0 0.7921875 0.31484375 0.1 0.103125
0 0.7109375 0.28671875 0.0984375 0.103125
0 0.0671875 0.42265625 0.115625 0.121875
0 0.1546875 0.2328125 0.109375 0.1140625
0 0.1125 0.32578125 0.10625 0.115625
0 0.81953125 0.91875 0.1390625 0.1625
0 0.19765625 0.14140625 0.10625 0.1078125
0 0.0375 0.5203125 0.075 0.128125
0 0.0953125 0.20859375 0.0609375 0.0953125