0 0.07779947968749999 0.1898148140625 0.107978328125 0.7601851859375001 0.265763371875 0.75555555625 0.255869259375 0.1925925921875 0.07779947968749999 0.1898148140625
0 0 0.717525171875 0.1053746140625 0.715740740625 0.0767578125 0.271296296875 0.0756922796875 0.272222221875 0 0.270462909375 0 0.717525171875
0 0.36640625 0.25625 0.13359375 0.090625
0 0.3859375 0.57890625 0.12265625 0.534375
0 0.47421875 0.27265625 0.03984375 0.103125
0 0.5203125 0.2734375 0.04296875 0.10390625
0 0.50078125 0.3890625 0.1015625 0.11328125
0 0.49921875 0.5015625 0.0984375 0.0984375
0 0.4984375 0.6109375 0.09765625 0.09609375
0 0.50703125 0.7140625 0.09765625 0.096875
0 0.50703125 0.815625 0.0953125 0.08828125
0 0.68828125 0.696875 0.09375 0.3046875
0 0.575 0.390625 0.0390625 0.04921875
0 0.62109375 0.390625 0.0421875 0.0484375
0 0.62109375 0.44375 0.03984375 0.04453125
0 0.575 0.44375 0.04453125 0.04609375
0 0.57265625 0.49453125 0.03828125 0.04296875
0 0.6171875 0.49453125 0.0375 0.04609375
0 0.615625 0.54609375 0.040625 0.040625
0 0.57109375 0.54609375 0.0390625 0.04375
0 0.571875 0.596875 0.03671875 0.0453125
0 0.61640625 0.59453125 0.03984375 0.04296875
0 0.61875 0.64765625 0.03984375 0.0453125
0 0.575 0.646875 0.040625 0.04375
0 0.57734375 0.69296875 0.0390625 0.03984375
0 0.61875 0.696875 0.03671875 0.03671875
0 0.61875 0.74375 0.03828125 0.03671875
0 0.57734375 0.74296875 0.03671875 0.03984375
0 0.57578125 0.78984375 0.03671875 0.0390625
0 0.61796875 0.7875 0.0375 0.04140625
0 0.61796875 0.83359375 0.0390625 0.03515625
0 0.57578125 0.8359375 0.03671875 0.04453125
0 0.79140625 0.82578125 0.0890625 0.08828125
0 0.88671875 0.81953125 0.08203125 0.08671875
0 0.9703125 0.82109375 0.05859375 0.09296875
0 0.89453125 0.71796875 0.09296875 0.10390625
0 0.796875 0.71953125 0.09375 0.0984375
0 0.9734375 0.71640625 0.0515625 0.096875
0 0.975 0.61015625 0.04765625 0.0984375
0 0.975 0.4984375 0.0484375 0.1015625
0 0.975 0.38203125 0.0484375 0.10390625
0 0.9765625 0.26015625 0.0453125 0.11328125
0 0.94429113125 0.54351851875 0.9455078125 0.44351851875000003 0.847953728125 0.45277777812500003 0.8484744718749999 0.553703703125 0.94429113125 0.54351851875
0 0.9455078125 0.43240740781250003 0.9479363296875001 0.32592592656249997 0.844829271875 0.3333333328125 0.8463915 0.44444444375 0.9455078125 0.43240740781250003
0 0.9496744796875 0.3138888890625 0.949498559375 0.2009259265625 0.847953728125 0.21296296250000002 0.8474329859375 0.325 0.9496744796875 0.3138888890625
0 0.8463915 0.3203703703125 0.8444661453125001 0.2 0.7422429578124999 0.21296296250000002 0.7448466703125 0.328703703125 0.8463915 0.3203703703125
0 0.84691224375 0.4361111109375 0.8434244796874999 0.328703703125 0.7438051859375 0.33703703749999997 0.74588815625 0.45185185156249996 0.84691224375 0.4361111109375
0 0.8460286453125001 0.5509259265625001 0.845350015625 0.44351851875000003 0.7469296421875 0.45555555625000005 0.7479711265625 0.559259259375 0.8460286453125001 0.5509259265625001
0 0.7516163265625 0.6675925921875 0.845350015625 0.659259259375 0.8444661453125001 0.559259259375 0.844829271875 0.55648148125 0.747450384375 0.5638888890625 0.7516163265625 0.6675925921875