0 0.75859375 0.39140625 0.0953125 0.21171875
0 0.75234375 0.60390625 0.08984375 0.19453125
0 0.74609375 0.79921875 0.08828125 0.1859375
0 0.646875 0.80859375 0.10234375 0.16015625
0 0.6546875 0.69375 0.08125 0.0546875
0 0.86328125 0.3890625 0.090625 0.20390625
0 0.853125 0.60390625 0.0953125 0.19921875
0 0.887790546875 0.890740740625 0.8970703125 0.70648148125 0.8026491124999999 0.70648148125 0.7943172296875 0.8925925921875001 0.887790546875 0.890740740625
0 1 0.727819446875 0.9090494796874999 0.7296296296875 0.8979450296874999 0.89351851875 0.9984483734375 0.8925925921875001 1 0.8224370375 1 0.727819446875
0 0.5390625 0.24140625 0.1015625 0.2046875
0 0.534375 0.4484375 0.1046875 0.18203125
0 0.5296875 0.6359375 0.0953125 0.175
0 0.52734375 0.81328125 0.09921875 0.1609375
0 0.459375 0.665625 0.02734375 0.14609375
0 0.45703125 0.80859375 0.02890625 0.13359375
0 0.42265625 0.6640625 0.02890625 0.1453125
0 0.4265625 0.8078125 0.02890625 0.13828125
0 0.33359375 0.80390625 0.0984375 0.1640625
0 0.3296875 0.6328125 0.10078125 0.165625
0 0.32734375 0.453125 0.1078125 0.18359375
0 0.3265625 0.26171875 0.109375 0.18359375
0 0.33046875 0.13203125 0.08984375 0.059375
0 0.187131221875 0.6148148140624999 0.161614828125 0.334259259375 0.11321614531249999 0.3379629625 0.1116235265625 0.3379629625 0.136098434375 0.621296296875 0.187131221875 0.6148148140624999
0 0.189734934375 0.61851851875 0.1340494796875 0.6296296296875 0.1590111140625 0.8916666671875 0.2126476140625 0.8824074078124999 0.189734934375 0.61851851875
0 0 0.8445120296875 0.1517578125 0.85648148125 0.1376606625 0.6805555562500001 0 0.6741382953125 0 0.8445120296875
0 0 0.6694848343750001 0.1366536453125 0.6759259265625001 0.10954055625 0.33703703749999997 0 0.33703703749999997 0 0.6694848343750001
0 0 0.28362143125 0.0756922796875 0.28796296250000003 0.0731119796875 0.2629629625 0 0.2638293671875 0 0.28362143125
0 0 0.3083333328125 0.0783203125 0.3083333328125 0.07777524999999999 0.2898148140625 0 0.2870853828125 0 0.3083333328125
0 0 0.3342288390625 0.08248697968749999 0.3324074078125 0.08142045 0.3111111109375 0 0.3129436765625 0 0.3342288390625