0 0.5140625 0.6484375 0.13046875 0.18671875
0 0.51328125 0.846875 0.140625 0.17734375
0 0.20859375 0.42578125 0.29140625 0.13125
0 0.209375 0.575 0.2921875 0.1421875
0 0.65078125 0.26328125 0.13359375 0.18515625
0 0.65234375 0.45390625 0.13125 0.16796875
0 0.6578125 0.65078125 0.1328125 0.18203125
0 0.6578125 0.83984375 0.1296875 0.16171875
0 0.7921875 0.25703125 0.13046875 0.18203125
0 0.79375 0.45078125 0.125 0.1765625
0 0.7953125 0.6421875 0.13125 0.17421875
0 0.796875 0.83671875 0.125 0.17421875