0 0.92890625 0.34140625 0.1421875 0.1796875
0 0.890625 0.5140625 0.146875 0.1890625
0 0.85859375 0.6875 0.1484375 0.1796875
0 0.8265625 0.85625 0.1453125 0.184375
0 0.66171875 0.8609375 0.109375 0.125
0 0.5578125 0.84765625 0.1078125 0.1203125
0 0.5828125 0.7390625 0.1125 0.121875
0 0.6015625 0.62265625 0.1046875 0.121875
0 0.625 0.51171875 0.109375 0.1140625
0 0.65078125 0.3984375 0.109375 0.121875
0 0.675 0.2828125 0.1140625 0.1203125
0 0.59609375 0.1421875 0.1140625 0.121875
0 0.575 0.2640625 0.1125 0.1265625
0 0.55078125 0.37890625 0.1125 0.125
0 0.53125 0.4921875 0.1125 0.121875
0 0.509375 0.60703125 0.1125 0.121875
0 0.4859375 0.721875 0.1140625 0.1296875
0 0.46484375 0.8359375 0.109375 0.1203125
0 0.365625 0.82421875 0.1125 0.1234375
0 0.3890625 0.70546875 0.115625 0.1265625
0 0.409375 0.5890625 0.1140625 0.125
0 0.43203125 0.4734375 0.115625 0.1234375
0 0.45 0.36015625 0.115625 0.125
0 0.4734375 0.2375 0.11875 0.121875
0 0.49765625 0.11015625 0.1140625 0.121875
0 0.3921875 0.08828125 0.1234375 0.13125
0 0.36953125 0.2125 0.1265625 0.1359375
0 0.34921875 0.3375 0.11875 0.125
0 0.33046875 0.45390625 0.1203125 0.1296875
0 0.309375 0.57421875 0.11875 0.13125
0 0.2875 0.68984375 0.115625 0.1203125
0 0.265625 0.80703125 0.115625 0.1328125
0 0.16328125 0.7921875 0.11875 0.1234375
0 0.18671875 0.67421875 0.1171875 0.1234375
0 0.2046875 0.55546875 0.121875 0.128125
0 0.2265625 0.43828125 0.1234375 0.13125
0 0.2453125 0.315625 0.125 0.1375
0 0.26640625 0.19375 0.121875 0.13125
0 0.2890625 0.065625 0.125 0.13125