0 0.12890625 0.4671875 0.2203125 0.18515625
0 0.1296875 0.67421875 0.21640625 0.19296875
0 0.128125 0.87109375 0.2140625 0.17890625
0 0.31328125 0.675 0.14140625 0.18203125
0 0.31796875 0.865625 0.134375 0.16796875
0 0.459375 0.2875 0.13046875 0.18828125
0 0.4625 0.47578125 0.12734375 0.1703125
0 0.4640625 0.6703125 0.128125 0.1703125
0 0.5265625 0.1453125 0.1921875 0.06953125
0 0.46015625 0.85234375 0.1296875 0.16953125
0 0.59921875 0.28671875 0.13203125 0.17734375
0 0.60078125 0.47890625 0.12734375 0.16953125
0 0.59765625 0.66328125 0.1296875 0.17109375
0 0.59921875 0.85390625 0.121875 0.16328125
0 0.7375 0.29140625 0.13046875 0.17734375
0 0.7390625 0.47890625 0.128125 0.1765625
0 0.73984375 0.665625 0.12734375 0.17578125
0 0.73984375 0.85234375 0.1265625 0.16953125
0 0.87734375 0.2875 0.12265625 0.1640625
0 0.875 0.48203125 0.12421875 0.1734375
0 0.8734375 0.66875 0.12578125 0.16328125
0 0.875 0.8484375 0.11953125 0.16171875