0 0.80703125 0.39375 0.2328125 0.2453125
0 0.70390625 0.5625 0.2421875 0.2515625
0 0.6140625 0.73671875 0.2390625 0.2484375
0 0.5171875 0.8921875 0.23125 0.215625
0 0.378125 0.8203125 0.2390625 0.2453125
0 0.46640625 0.6546875 0.2359375 0.246875
0 0.55859375 0.4796875 0.2234375 0.225
0 0.65390625 0.31796875 0.2328125 0.246875
0 0.50078125 0.23046875 0.246875 0.2546875
0 0.40703125 0.4046875 0.2390625 0.2453125
0 0.31875 0.57265625 0.2359375 0.246875
0 0.234375 0.74296875 0.2328125 0.2390625
0 0.0984375 0.66328125 0.196875 0.2359375
0 0.17265625 0.49140625 0.2484375 0.259375
0 0.25859375 0.31953125 0.25625 0.2671875
0 0.3546875 0.14453125 0.2484375 0.259375
0 0.2328125 0.090625 0.196875 0.18125
0 0.13515625 0.2484375 0.20625 0.2421875
0 0.06953125 0.41640625 0.1390625 0.2328125
0 0.0234375 0.58984375 0.046875 0.2203125