0 0.37109375 0.43359375 0.1421875 0.15
0 0.42578125 0.54296875 0.140625 0.1453125
0 0.475 0.65 0.134375 0.1359375
0 0.52578125 0.7546875 0.1375 0.1421875
0 0.5734375 0.85234375 0.1296875 0.1265625
0 0.471875 0.3890625 0.146875 0.153125
0 0.525 0.50078125 0.1390625 0.14375
0 0.575 0.61015625 0.1390625 0.140625
0 0.62421875 0.71171875 0.134375 0.1328125
0 0.66953125 0.8140625 0.1328125 0.1328125
0 0.56875 0.34921875 0.1296875 0.134375
0 0.62265625 0.45546875 0.1453125 0.1546875
0 0.67421875 0.57109375 0.1390625 0.1421875
0 0.71953125 0.67109375 0.1359375 0.1375
0 0.76171875 0.76953125 0.13125 0.1328125
0 0.63984375 0.1703125 0.1421875 0.15
0 0.6875 0.28359375 0.14375 0.153125
0 0.7375 0.3984375 0.134375 0.13125
0 0.784375 0.503125 0.1390625 0.14375
0 0.83203125 0.61015625 0.1328125 0.134375
0 0.87578125 0.7140625 0.1328125 0.134375
0 0.7390625 0.128125 0.1375 0.1375
0 0.7890625 0.24375 0.15 0.1625
0 0.840625 0.3578125 0.134375 0.1359375
0 0.88359375 0.4625 0.1375 0.1390625
0 0.9296875 0.57109375 0.1359375 0.1453125
0 0.95234375 0.67578125 0.0953125 0.1296875
0 0.875 0.20234375 0.1125 0.1328125
0 0.9265625 0.31484375 0.1078125 0.125
0 0.95703125 0.42734375 0.0859375 0.1296875
0 0.97890625 0.53203125 0.0421875 0.1296875
0 0.296875 0.25625 0.096875 0.0640625
0 0.3125 0.28984375 0.0984375 0.06875
0 0.3265625 0.32265625 0.0953125 0.0640625
0 0.340625 0.35625 0.1 0.071875
0 0.41171875 0.2828125 0.096875 0.065625
0 0.4265625 0.3171875 0.096875 0.06875
0 0.04765625 0.47578125 0.0953125 0.1609375
0 0.08203125 0.59375 0.1578125 0.1578125
0 0.1453125 0.70546875 0.1453125 0.1515625
0 0.2 0.815625 0.1484375 0.15
0 0.25703125 0.921875 0.134375 0.1421875
0 0.3078125 0.978125 0.140625 0.04375
0 0.17734375 0.94765625 0.0828125 0.1046875
0 0.125 0.84609375 0.0765625 0.1171875
0 0.07265625 0.734375 0.0734375 0.11875
0 0.0234375 0.61875 0.046875 0.121875