0 0.5691634359375 0.6684920046875 0.55896871875 0.72918729375 0.5543477359375 0.7620672890625 0.5553682171875 0.7646761078125001 0.70132405 0.786175021875 0.7043163906250001 0.7846232484375 0.71620839375 0.6980332640625 0.71471130625 0.69091974375 0.5746721953125 0.6668008109375 0.5691634359375 0.6684920046875
0 0.730982809375 0.59853521875 0.7294182265625 0.5958499328125 0.5910118828125001 0.5759051093750001 0.58591154375 0.58061218125 0.5831926328125 0.5940363 0.5756486421875 0.6398186484374999 0.5725236015624999 0.6699504046875 0.5738161328125 0.6725974578125 0.717595553125 0.6937904968749999 0.719295590625 0.6915640234375 0.7304396234375 0.6063481578125 0.730982809375 0.59853521875
0 0.47671494062499997 0.21271349375 0.47413010624999996 0.20939173906250003 0.448829071875 0.2038635921875 0.3493940734375 0.1889027546875 0.3462658234375 0.1914215859375 0.3449060234375 0.1951751171875 0.3353892578125 0.2372286515625 0.33137941875 0.26181217968750004 0.334168578125 0.2676280484375 0.46046873593750004 0.28685761875 0.463324934375 0.2843005515625 0.467743653125 0.26667760625 0.47671494062499997 0.21271349375
0 0.454247559375 0.36635530781250003 0.46437271718749995 0.29233708593749996 0.46165174374999995 0.2880100390625 0.33739208593750003 0.27005340312500004 0.33446770312499996 0.271121646875 0.3321558359375 0.27572753437499997 0.32393022656250003 0.3085940109375 0.3177446625 0.33878871875 0.3167932828125 0.3455581296875 0.3183578671875 0.348243415625 0.448194925 0.369942384375 0.45220751718749996 0.369027078125 0.454247559375 0.36635530781250003
0 0.361568571875 0.042196728125 0.36034376562500003 0.03709379375 0.3544943109375 0.0333132265625 0.23934827187500002 0.0156512671875 0.2369682203125 0.01876833125 0.2326849546875 0.031479514062500005 0.2207204109375 0.0791059953125 0.2194292546875 0.0882930515625 0.222694103125 0.09072421562500001 0.34260093281250004 0.1080691015625 0.347633315625 0.1038455578125 0.3521888625 0.0931449609375 0.361568571875 0.042196728125
0 0.3335734828125 0.1787900375 0.3471000859375 0.11215297500000002 0.346555525 0.108131803125 0.34471911875 0.10738063281250002 0.21943944062499998 0.0907598828125 0.21705938906250002 0.093876946875 0.207337840625 0.1294916625 0.1993842828125 0.16239637499999998 0.1991806453125 0.1658193140625 0.2006090875 0.1674993078125 0.32962953437500003 0.1851388703125 0.33173776250000003 0.183955921875 0.3335734828125 0.1787900375
0 0.89916591875 0.539827475 0.8744774015625 0.5378369703125 0.8659081171875 0.5395911156250001 0.8610857890625001 0.595617565625 0.8604764812499999 0.619692846875 0.8657818328125 0.6233969453125 0.9644006765625001 0.6382430796875 0.985688203125 0.636797128125 0.9902389375 0.5846771453125 0.9902357296875 0.5570642218749999 0.89916591875 0.539827475
0 0.8719441734375 0.453164290625 0.8652186296875 0.518784859375 0.8661045734374999 0.534194846875 0.9715926640625 0.5495133109375 0.9865552781250001 0.54964385 0.9900864484375 0.50280445625 0.9893345828125 0.470648596875 0.8991491093749999 0.45501537656249996 0.8749365109375 0.4516125171875 0.8719441734375 0.453164290625
0 0.9910264296875001 0.3993897890625 0.9634126125 0.390578121875 0.8781924859375 0.37909429375000003 0.8709901078125 0.438237809375 0.8708551124999999 0.447094275 0.8729644875 0.4557730859375 0.9374409609375001 0.4668069828125 0.9823294859375 0.473115653125 0.9894026015625 0.4721373953125 0.9926596578125 0.40750860156249996 0.9910264296875001 0.3993897890625
0 0.9959861453125001 0.352258084375 0.9965954531250001 0.328182803125 0.9957108859374999 0.3246069265625 0.9808157703125 0.3200481546875 0.8822648828125 0.3047184921875 0.8804978078125 0.315317903125 0.8774443875 0.37652375625 0.8783289562500001 0.38009963281250003 0.974771846875 0.39858459687500003 0.9887821640625001 0.3975951390625 0.9920463234374999 0.394109246875 0.9959861453125001 0.352258084375
0 0.7713910875 0.181644784375 0.767106446875 0.18252185625 0.7646586671875 0.188094803125 0.7615324796875 0.20836480000000002 0.758409503125 0.256247721875 0.7593620265625 0.25934006875 0.883213490625 0.2762531765625 0.8846414749999999 0.27398846875 0.8915024718750001 0.2034561375 0.890345621875 0.1978696734375 0.7713910875 0.181644784375
0 0.87730533125 0.3518502203125 0.8828058406249999 0.279154365625 0.88219309375 0.2736443703125 0.7600418953125 0.25647713906249997 0.7520917765624999 0.3189671265625 0.7514804046875 0.3252912421875 0.752705209375 0.330394175 0.87730533125 0.3518502203125
0 0.7548517328125001 0.3346404890625 0.7469020703125 0.401075178125 0.7471080015625 0.41737575624999995 0.8614378859375 0.4349230125 0.8744961359375001 0.4347859109375 0.8820376062499999 0.36730769375 0.8816959953125 0.35394652656250003 0.7809684625 0.3363386359375 0.7570279171875 0.33297401249999997 0.7548517328125001 0.3346404890625
0 0.8553708421874999 0.7279459484374999 0.8551649125 0.7116453703125 0.7835471390625 0.7001009093749999 0.717982915625 0.692858778125 0.7086082499999999 0.7871987500000001 0.8077032421875 0.80260488125 0.8490548671875 0.8064441546875001 0.8553708421874999 0.7279459484374999
0 0.6946295578125 0.887794784375 0.8377289625 0.9098784140625 0.8411974499999999 0.9088866390625 0.8458845546875 0.8597443015625 0.8494150375 0.806987853125 0.848326371875 0.8028902125 0.705839484375 0.784344225 0.6987048312499999 0.841031859375 0.6946295578125 0.887794784375
0 0.553800771875 0.7688935359375 0.540617840625 0.8666429296875 0.5417062765625 0.86876821875 0.692694953125 0.8899882937499999 0.703566246875 0.7988171390625001 0.7033607749999999 0.7864612640625 0.6756112765625 0.7805890078125 0.562097775 0.7651288046875 0.557064934375 0.7654076453124999 0.553800771875 0.7688935359375
0 0.6245485203125 0.30893136875 0.613064253125 0.39262017656250003 0.7405208015625 0.41349150625000003 0.743581325 0.41342855468749995 0.7463013828125 0.4098661953125 0.7504462171874999 0.37642620312499997 0.7547255890625 0.330185040625 0.7541810265625 0.32616386875000003 0.6269967578125 0.30730312656250003 0.6245485203125 0.30893136875
0 0.317626365625 0.26727551250000003 0.3212298484375 0.25742727187500003 0.3324445859375 0.19539609687499998 0.3314918328125 0.190331396875 0.32815902812500003 0.1883837625 0.2066198890625 0.1708094703125 0.2031514015625 0.17180124531250002 0.200907490625 0.175923603125 0.19213800781249998 0.2106859640625 0.18527311562499998 0.247688315625 0.18785795156250001 0.2510100703125 0.24043233593750002 0.2618504765625 0.31415810781250003 0.27023963906250004 0.317626365625 0.26727551250000003
0 0.1938330515625 0.3415903515625 0.29292804375000003 0.356996484375 0.3008850390625 0.3536770484375 0.3067324328125 0.33970645 0.3154991640625 0.2812758703125 0.31515846875000003 0.275804109375 0.31019289687499996 0.269682365625 0.22708122656250002 0.2589879421875 0.186681896875 0.256268665625 0.181717240625 0.258036328125 0.17729806406249998 0.27171456875 0.168054265625 0.32169574375 0.16873565625 0.3326392640625 0.1721366453125 0.336075721875 0.1938330515625 0.3415903515625
0 0.137252125 0.473180025 0.13065905625000002 0.508248259375 0.1326316015625 0.510004721875 0.27117454375 0.5348995421875 0.2728745796875 0.5326730671875 0.2870109515625 0.445905428125 0.28585433125000004 0.442291315625 0.1498966828125 0.4246629546875 0.146768890625 0.43112649062499997 0.137252125 0.473180025
0 0.245051596875 0.6268856953124999 0.251240371875 0.6243039125000001 0.25763186718750003 0.61040978125 0.26341015625 0.5870609546875001 0.26843887187500004 0.5512797828125 0.268845459375 0.5385168484375 0.26721269062499997 0.5343427390625 0.13084685000000001 0.51567085 0.12805860625 0.5177443875 0.12533900625 0.5252514500000001 0.114122434375 0.5715038109374999 0.10963667656250001 0.5974996921875 0.109637134375 0.6014443953125 0.111337628125 0.6031626234374999 0.245051596875 0.6268856953124999
0 0.250472803125 0.6345507140625 0.24741182187500002 0.6306689624999999 0.1073047546875 0.607033559375 0.103768540625 0.610481215625 0.089220996875 0.67056475625 0.0845316015625 0.6999835765625 0.086640515625 0.7047176828125 0.23035198124999998 0.7263942515624999 0.23280021718750002 0.724766009375 0.2347718484375 0.718633065625 0.242249028125 0.6831960046875001 0.250472803125 0.6345507140625
0 0.5897809046875 0.5712943875 0.72920726875 0.589903325 0.738515584375 0.5098533453125 0.7378341953125 0.498909825 0.6094258078125 0.480863203125 0.6019445015625 0.48079793437499996 0.600108553125 0.4839914671875 0.595690521875 0.5075314671875 0.5897809046875 0.5712943875
0 0.6121267203125 0.3998846140625 0.6058743453125001 0.44042460937500005 0.6013226953124999 0.48465518437500005 0.7371444328125001 0.5032506046874999 0.7462477328125 0.41478945312500004 0.6141667640625 0.39721284375 0.6121267203125 0.3998846140625
0 0.7611705343749999 0.24628108124999998 0.657314753125 0.2311920234375 0.6373870265625 0.22888444375 0.633238525 0.230766809375 0.6248143203125001 0.3104479640625 0.7530865671875 0.3274892921875 0.7600166640625 0.266335190625 0.7611705343749999 0.24628108124999998
0 0.2630479859375 0.627442603125 0.2496577484375 0.697057309375 0.247211346875 0.714464365625 0.24816387187500002 0.7175567125 0.3884066203125 0.7382527062500001 0.3928951296875 0.7359250453125 0.40852675468750005 0.6404921125 0.26889629375 0.6213614109375001 0.2653598515625 0.6228367171875 0.2630479859375 0.627442603125
0 0.3602350578125 0.10906817656250001 0.3569708984375 0.11255406718750001 0.3528235421875 0.1242981921875 0.34262905312499997 0.1869658328125 0.343989540625 0.18912935625 0.454442746875 0.20662486093750002 0.47314612812499995 0.20777421093749998 0.484020859375 0.14618833125 0.48497155156250005 0.133501865625 0.48327082656250003 0.1298112859375 0.3602350578125 0.10906817656250001
0 0.8739687203125 0.441121825 0.82125819375 0.429276125 0.7463762593750001 0.4212175546875 0.7407354859375 0.45740578593750003 0.7379520546875 0.500898709375 0.738836625 0.5044745859375 0.8032449125 0.5140196609375 0.867516834375 0.5205870906250001 0.87376875 0.4761023921875 0.8752614812499999 0.44574122968749996 0.8739687203125 0.441121825
0 0.7364266421875 0.5120251640625 0.726234215625 0.5924439703125 0.728547228125 0.597699840625 0.8422650546874999 0.615654159375 0.8581799625000001 0.61690469375 0.8606961546875 0.614792921875 0.8672164562500001 0.53878883125 0.8666030203125 0.52736178125 0.7653998015625 0.5131385953125001 0.7364266421875 0.5120251640625
0 0.8582311031250001 0.7076385765625 0.8665177906249999 0.6151180187499999 0.7429383781250001 0.5982431453125 0.7309683328125 0.598533184375 0.7213891125 0.6884066890625 0.7224775484375 0.690531978125 0.8543546515625 0.7095591765625 0.8582311031250001 0.7076385765625
0 0.42193679843750004 0.4579649 0.303254315625 0.4417782453125 0.2995140078125 0.44470413906250006 0.2980862515625 0.44894119843749997 0.28802675624999996 0.502752375 0.2841530578125 0.5283411953125 0.28510535312499996 0.529461190625 0.42283168125000004 0.550296603125 0.42473558437500003 0.546619540625 0.43826058593750006 0.46617601718749996 0.436491678125 0.46099661562499994 0.42193679843750004 0.4579649
0 0.4508796890625 0.37327818281249997 0.44843099375 0.370961721875 0.3200905625 0.3524315703125 0.31464998906249997 0.35561158593750003 0.3083282828125 0.384801 0.30051292812499997 0.43646217031249995 0.3017375046875 0.4395927515625 0.4351110078125 0.45981641562500003 0.43667513125 0.4585569984375 0.440277925 0.442791703125 0.45074446406249996 0.3801622953125 0.4508796890625 0.37327818281249997
0 0.972300946875 0.73205240625 0.9848727359374999 0.6425994796875 0.87292381875 0.6298245640625 0.8686398656250001 0.6366186921875 0.8612356828125 0.7149639609375 0.972300946875 0.73205240625
0 0.848730703125 0.7940715984375 0.8493441374999999 0.8054986484375 0.850704625 0.8076621718749999 0.959049603125 0.8263406249999999 0.972029125 0.7339865234375 0.8750423625 0.7173974421875 0.8576310546875 0.71495044375 0.855386915625 0.71710045 0.85402734375 0.7228263328125 0.848730703125 0.7940715984375
0 0.425192209375 0.544711396875 0.42247237968749995 0.5502461078125 0.41723888125 0.579588459375 0.409016021875 0.63612315625 0.41010445781250005 0.6382484453124999 0.5500751562499999 0.6589062046875 0.5517751921875 0.6566797296875 0.5646192609375 0.5692373890625 0.563938559375 0.5642109234375 0.561421909375 0.5623779921875001 0.425192209375 0.544711396875
0 0.5488510375 0.659720325 0.5245022984375 0.6553121734375 0.4111249375 0.6408572640625 0.4096969546875 0.6431219734375 0.39732696875 0.713373146875 0.39413282656250004 0.7341266734375 0.3953574015625 0.7372572546875 0.5381165718750001 0.757813828125 0.5402245703124999 0.754658528125 0.5440985 0.7310420609375 0.5504156203125 0.6624056125 0.5488510375 0.659720325
0 0.5379804312500001 0.756808534375 0.479557278125 0.748104615625 0.3964458375 0.73938254375 0.39304553593749997 0.7418631421875 0.386928384375 0.7755190234375 0.3798605421875 0.8218613703125 0.3786378 0.8345096015625 0.38020238281249996 0.8371948890625 0.5218738046875 0.861543228125 0.5262943578125 0.8596990968749999 0.5354676781250001 0.78850558125 0.5379804312500001 0.756808534375
0 0.386108103125 0.7399019906250001 0.24919815937499998 0.7211536328125 0.246885834375 0.7218148156249999 0.24525398437499998 0.7255301125 0.2380490828125 0.762977759375 0.23023327187499998 0.8106942265624999 0.2304380546875 0.8171330453125 0.3751695421875 0.8374737296875001 0.3772095859375 0.8348019593749999 0.3916857359375 0.7456166734375 0.391141175 0.7415955015625 0.386108103125 0.7399019906250001
0 0.40711188906249995 0.6378278671875 0.421588728125 0.5545596374999999 0.42111212187499997 0.5500549359375 0.3442574109375 0.53826755 0.2844062734375 0.531828340625 0.281345978125 0.53386364375 0.27794728125 0.5501507046875 0.266596859375 0.6151212890625 0.2660532140625 0.6189895234375 0.26714165 0.6211148125 0.395005934375 0.6390849656250001 0.404323646875 0.6399014046875 0.40711188906249995 0.6378278671875
0 0.2921898859375 0.35689274375 0.169154346875 0.3381219859375 0.1667061109375 0.339750228125 0.1640544671875 0.34677376249999997 0.153314040625 0.393586121875 0.14801235625 0.42143965000000005 0.15005308906249998 0.4246849359375 0.2802301546875 0.445938609375 0.28866329999999996 0.4431791703125 0.30069281875 0.3694285890625 0.29973960625 0.3604191859375 0.2921898859375 0.35689274375
0 0.23029205937500002 0.7313166296875 0.2253948984375 0.728656059375 0.2096159015625 0.726438465625 0.08549284375 0.7134318265624999 0.079576121875 0.7160518437500001 0.0744085171875 0.7271595015625001 0.05999734062499999 0.7902206859375001 0.0585705015625 0.8023471531249999 0.06224354375 0.8058218453125001 0.210443746875 0.8271431046875 0.21282379843750002 0.824026040625 0.2152711171875 0.8145083906249999 0.23029205937500002 0.7313166296875