0 0.41484375 0.3734375 0.11484375 0.1203125
0 0.415625 0.50625 0.10703125 0.12421875
0 0.41875 0.62734375 0.10390625 0.11015625
0 0.41875 0.74375 0.10078125 0.1109375
0 0.41796875 0.859375 0.10234375 0.11015625
0 0.52421875 0.85390625 0.09765625 0.1015625
0 0.52578125 0.7390625 0.10859375 0.109375
0 0.52890625 0.62421875 0.103125 0.1109375
0 0.53046875 0.49921875 0.11015625 0.11328125
0 0.53359375 0.36953125 0.1109375 0.121875
0 0.13671875 0.6234375 0.11640625 0.11171875
0 0.1328125 0.4984375 0.1109375 0.11484375
0 0.14296875 0.7453125 0.1109375 0.1109375
0 0.1484375 0.86171875 0.103125 0.10390625
0 0.053125 0.828125 0.07265625 0.17109375
0 0.0453125 0.64375 0.06640625 0.1765625
0 0.3078125 0.47578125 0.1 0.29921875
0 0.315625 0.76640625 0.0875 0.26328125
0 0.6625 0.69140625 0.06640625 0.13046875
0 0.6609375 0.828125 0.07109375 0.11875
0 0.73984375 0.84140625 0.065625 0.12109375
0 0.75 0.70625 0.06328125 0.1296875
0 0.75 0.5625 0.071875 0.134375
0 0.6421875 0.375 0.0625 0.11484375
0 0.63828125 0.49765625 0.05859375 0.10625