0 0.58046875 0.75078125 0.1125 0.225
0 0.5765625 0.53125 0.1171875 0.2171875
0 0.671875 0.8015625 0.059375 0.10625
0 0.746875 0.803125 0.0671875 0.1171875
0 0.75 0.67578125 0.075 0.121875
0 0.67734375 0.678125 0.06875 0.1234375
0 0.67734375 0.53828125 0.0765625 0.134375
0 0.75234375 0.5390625 0.071875 0.140625
0 0.75625 0.3953125 0.06875 0.134375
0 0.67578125 0.3984375 0.071875 0.1375
0 0.7203125 0.25546875 0.071875 0.13125
0 0.83203125 0.39375 0.0671875 0.128125
0 0.82734375 0.25390625 0.0734375 0.128125
0 0.90546875 0.24765625 0.0765625 0.134375
0 0.90390625 0.3875 0.06875 0.1265625
0 0.9078125 0.528125 0.075 0.121875
0 0.9046875 0.66015625 0.071875 0.11875
0 0.8328125 0.665625 0.065625 0.121875
0 0.83125 0.5359375 0.071875 0.1296875
0 0.90234375 0.7875 0.0703125 0.121875
0 0.8265625 0.79296875 0.065625 0.1203125
0 0.39921875 0.81015625 0.08125 0.11875
0 0.39296875 0.67578125 0.071875 0.1234375
0 0.32265625 0.80859375 0.06875 0.115625
0 0.3875 0.5375 0.0796875 0.121875
0 0.31484375 0.67734375 0.0796875 0.1125
0 0.30625 0.54453125 0.0828125 0.1203125
0 0.3015625 0.40234375 0.090625 0.1265625
0 0.25 0.81171875 0.06875 0.121875
0 0.24140625 0.684375 0.06875 0.1234375
0 0.23125 0.5484375 0.0765625 0.121875
0 0.22109375 0.409375 0.08125 0.128125
0 0.2109375 0.2640625 0.0796875 0.134375
0 0.0666944625 0.773927853125 0.07245967656249999 0.8936339343749999 0.1498961 0.8842951749999999 0.1392567140625 0.76612640625 0.0666944625 0.773927853125
0 0.060906715624999996 0.6295347640625 0.069210409375 0.754279225 0.1453585859375 0.7413324421875 0.1396313796875 0.62380396875 0.060906715624999996 0.6295347640625
0 0.0451777015625 0.5005632624999999 0.0567604265625 0.62597663125 0.13455448750000001 0.6137272125 0.1249752171875 0.4861005453125 0.0451777015625 0.5005632624999999
0 0.0309960140625 0.343246871875 0.0445160390625 0.486052784375 0.11994900312500001 0.478927265625 0.10928708437500001 0.3360714359375 0.0309960140625 0.343246871875