0 0.44375 0.7578125 0.2015625 0.20625
0 0.5921875 0.2078125 0.10546875 0.1
0 0.6140625 0.79609375 0.1234375 0.125
0 0.6078125 0.42734375 0.11484375 0.10625
0 0.61328125 0.66875 0.1203125 0.11953125
0 0.6015625 0.31484375 0.1125 0.1046875
0 0.61171875 0.546875 0.115625 0.109375
0 0.4484375 0.3609375 0.1828125 0.1734375
0 0.48046875 0.2203125 0.09765625 0.09609375
0 0.95546875 0.76171875 0.08828125 0.18125
0 0.4484375 0.553125 0.1984375 0.1875
0 0.946875 0.58203125 0.103125 0.17421875
0 0.13203125 0.31171875 0.17265625 0.03828125
0 0.02578125 0.303125 0.04765625 0.03203125