0 0.9295397031249999 0.8138715078125 0.9434844578125 0.6613138640625 0.872845428125 0.653907028125 0.8558508328125001 0.8094984203125 0.9295397031249999 0.8138715078125
0 0.7559425203125001 0.65186650625 0.759121428125 0.594042809375 0.6874216078125001 0.5943347046875 0.68435516875 0.6513886906249999 0.7559425203125001 0.65186650625
0 0.7480324703125001 0.707292453125 0.7493684703125 0.65561034375 0.6779493765625 0.652048553125 0.67655285 0.7006426921875 0.7480324703125001 0.707292453125
0 0.7428001640625 0.708744546875 0.742352903125 0.7095084843749999 0.6743356296874999 0.709864659375 0.6716119109375 0.7599791265625 0.7392009671875 0.7657892328125 0.7428001640625 0.708744546875
0 0.8270153171875 0.656965675 0.8301403609375001 0.6022279515625 0.7628905390625 0.5979671875 0.7594127953124999 0.65192708125 0.8270153171875 0.656965675
0 0.8220609109374999 0.7170735500000001 0.824358765625 0.66000621875 0.7539884531250001 0.6603213218749999 0.751842234375 0.7127610359375 0.8220609109374999 0.7170735500000001
0 0.8124964828125 0.7678402859375 0.8171815609375 0.7231622078125 0.747851734375 0.71346305625 0.7427116015624999 0.7635353421875 0.8124964828125 0.7678402859375
0 0.689809046875 0.33893625156249996 0.695275175 0.24951184375 0.6172807984375 0.24815044687499999 0.6122430375000001 0.332951996875 0.689809046875 0.33893625156249996
0 0.6846016500000001 0.43839755468749997 0.69048810625 0.3497522125 0.61169858125 0.3441324578125 0.6074693953125 0.4324208703125 0.6846016500000001 0.43839755468749997
0 0.6795558484375 0.528601009375 0.6845208515625 0.4430264796875 0.6067471046875 0.44128306093749997 0.60333154375 0.5203250078125 0.6795558484375 0.528601009375
0 0.6684370875 0.6186984609375 0.6772522546874999 0.5362780125 0.60446 0.5350074203124999 0.596496740625 0.6135841125 0.6684370875 0.6186984609375
0 0.666074771875 0.70431845625 0.669237303125 0.6225710515625 0.5958654640625001 0.6170458453125 0.5906103234375 0.7022294734375001 0.666074771875 0.70431845625
0 0.6598218515625 0.7890987609375 0.66428576875 0.707374071875 0.5897535031250001 0.7060731062500001 0.5865263374999999 0.787047634375 0.6598218515625 0.7890987609375
0 0.608673325 0.36105756875 0.6124986203125 0.26620245625 0.5284496234375 0.2639636484375 0.5241533390625001 0.35572364218749997 0.608673325 0.36105756875
0 0.52402789375 0.3680690015625 0.52031461875 0.45135021249999996 0.60392665625 0.458983459375 0.6090397890625 0.3649225546875 0.52279813125 0.358786865625 0.523611853125 0.3618879828125 0.52402789375 0.3680690015625
0 0.358799928125 0.5582442046875 0.3562507875 0.24025005 0.200262859375 0.2318679421875 0.207880009375 0.553551946875 0.358799928125 0.5582442046875
0 0.3488391375 0.6980093796875 0.3475953265625 0.5703961890625 0.21443456093750002 0.5639559734375 0.21474593749999998 0.6905238953125 0.3488391375 0.6980093796875
0 0.34650496875000003 0.8317338031249999 0.34748489843749997 0.70930430625 0.216269434375 0.7075283828125001 0.21691311406249997 0.831529759375 0.34650496875000003 0.8317338031249999
0 0.2136899875 0.8335313937500001 0.21072900625000002 0.70485928125 0.07563891874999999 0.7066171125 0.0794351890625 0.8353038515625 0.2136899875 0.8335313937500001