0 0.58515625 0.27734375 0.121875 0.128125
0 0.5984375 0.39453125 0.115625 0.1171875
0 0.61484375 0.5078125 0.115625 0.11875
0 0.628125 0.62265625 0.1109375 0.115625
0 0.63984375 0.7296875 0.1125 0.1046875
0 0.653125 0.83203125 0.109375 0.1109375
0 0.55390625 0.8421875 0.10625 0.109375
0 0.53828125 0.73828125 0.1078125 0.1109375
0 0.5234375 0.63125 0.1140625 0.121875
0 0.51015625 0.5171875 0.1140625 0.121875
0 0.4921875 0.40546875 0.1171875 0.121875
0 0.4765625 0.28671875 0.1171875 0.1359375
0 0.37265625 0.30078125 0.11875 0.13125
0 0.390625 0.4203125 0.1125 0.1234375
0 0.40703125 0.53203125 0.1125 0.1125
0 0.421875 0.6453125 0.1140625 0.1171875
0 0.43828125 0.7515625 0.1109375 0.1078125
0 0.45625 0.85078125 0.1046875 0.1015625
0 0.30078125 0.4859375 0.0875 0.1765625
0 0.3200304515625 0.746921434375 0.3821192859375 0.735566365625 0.35445883125 0.5701114578124999 0.298407390625 0.5788594687499999 0.296683221875 0.5781382921875 0.3200304515625 0.746921434375
0 0.323291809375 0.752118265625 0.3491286484375 0.911266928125 0.40845484218749994 0.9030497093750001 0.38343235625 0.745666815625 0.323291809375 0.752118265625
0 0.1275771609375 0.3759437109375 0.22625029843750002 0.3591637765625 0.205152821875 0.23861413125 0.10534927812499999 0.2629958984375 0.1275771609375 0.3759437109375
0 0.25206501875 0.4754026984375 0.2298028328125 0.3624590984375 0.1319558703125 0.3856677484375 0.153617565625 0.49402068281249994 0.25206501875 0.4754026984375
0 0.1789809171875 0.6065835093749999 0.27581229375 0.591895471875 0.25492235625 0.48158201875 0.15725561875 0.5019699015625 0.1789809171875 0.6065835093749999
0 0.199983696875 0.7178159875000001 0.2933753796875 0.700751653125 0.27534278125 0.59661751875 0.183025059375 0.6135499859375 0.199983696875 0.7178159875000001
0 0.1994013421875 0.7216190078125 0.2177251171875 0.8238516328125 0.3127730484375 0.811248334375 0.2949733109375 0.7052198484375001 0.1994013421875 0.7216190078125
0 0.23317340937500003 0.9283030796875 0.326612440625 0.9158973312500001 0.3271878875 0.9158266749999999 0.312132378125 0.8150585156249999 0.2166259015625 0.8277181171875 0.23317340937500003 0.9283030796875
0 0.027870303125000002 0.392850571875 0.1259792296875 0.371475515625 0.103152834375 0.25393679375 0.0034443250000000003 0.27923977187500004 0.027870303125000002 0.392850571875
0 0.055686973437499995 0.512575203125 0.150694734375 0.49158092187499997 0.1262522625 0.377972146875 0.0321187203125 0.4016577265625 0.055686973437499995 0.512575203125
0 0.1747986796875 0.6024326265625 0.1499995375 0.49446492031249994 0.059061175 0.518691059375 0.0797660015625 0.61876556875 0.1747986796875 0.6024326265625
0 0.10115036875000001 0.7290183140625001 0.1953974390625 0.714647590625 0.19572894375 0.712741128125 0.173990640625 0.6043976 0.0807591484375 0.627039540625 0.10115036875000001 0.7290183140625001
0 0.101310559375 0.734595921875 0.1204423734375 0.8348635718749999 0.2149564453125 0.8223258250000001 0.1959616484375 0.7192427125 0.101310559375 0.734595921875
0 0.12204030625 0.8393317671875 0.1391228203125 0.9314551249999999 0.231326246875 0.9257312437499999 0.2143327734375 0.8261339187500001 0.12204030625 0.8393317671875
0 0 0.3891676890625 0.0246923703125 0.383911978125 0.0000062828125 0.26846735625 0 0.2684694078125 0 0.3891676890625
0 0 0.5162590484375 0.05113886250000001 0.5010062093750001 0.0252386484375 0.3885093 0 0.396730690625 0 0.5162590484375
0 0 0.52938120625 0.00359456875 0.55985671875 0.012183765624999999 0.6298101203125 0.076278509375 0.61173074375 0.052829635937499994 0.506395884375 0 0.52113136875 0 0.52938120625
0 0.0769335828125 0.6172475859375 0.0124056015625 0.6316168328125 0.02538848125 0.737353896875 0.0975504859375 0.721064409375 0.0769335828125 0.6172475859375
0 0.0257226703125 0.740075653125 0.036408012499999996 0.8271007796875001 0.03889115 0.8458096828125001 0.11920764531250001 0.83314941875 0.098058275 0.7252000187500001 0.0257226703125 0.740075653125
0 0.039455359375 0.8504048046875001 0.0524503328125 0.9476944453125 0.13793651875 0.9343994234374999 0.119230315625 0.8378110328125 0.039455359375 0.8504048046875001
0 0.8175315375000001 0.18394682812500002 0.9049465703124999 0.16948209375 0.902482190625 0.1408654171875 0.81655056875 0.1532822515625 0.8175315375000001 0.18394682812500002
0 0.9052780109375 0.20209217812500002 0.9033304937500001 0.17341204062499999 0.81413919375 0.1862291140625 0.81664798125 0.21390745781249998 0.9052780109375 0.20209217812500002
0 0.8180886640624999 0.2183949609375 0.8202618656249999 0.24891314687500002 0.9094002015625 0.23423681875 0.9063590828124999 0.20662383593750003 0.8180886640624999 0.2183949609375
0 0.8213429359375001 0.25344480625 0.82409849375 0.28015997187499997 0.9100222812500001 0.26494545937499997 0.9083539484375001 0.23996255937500002 0.8213429359375001 0.25344480625
0 0.8221155515625 0.40074489687500003 0.92204809375 0.3856760859375 0.9121846015624999 0.27400875468749997 0.8105291156250001 0.2892891171875 0.8221155515625 0.40074489687500003
0 0.82256691875 0.40442099374999996 0.8325080734375 0.5067499953125 0.9314542421875001 0.49646669218749995 0.92300971875 0.39208816875 0.82256691875 0.40442099374999996
0 0.8345100249999999 0.5102357046875 0.8418668734375 0.6128820171875 0.9412644109375 0.6062748109375 0.9340788421875 0.5036074671875 0.8345100249999999 0.5102357046875
0 0.845757934375 0.6189344125 0.8525505734375001 0.716985603125 0.951817125 0.7178575171875 0.9464731375 0.613098296875 0.9454466484375 0.6104256953125 0.845757934375 0.6189344125
0 0.85495654375 0.7194888265625 0.8612978140625 0.8138639234375 0.9578103859375 0.8122753421875 0.9522211421875 0.7168750296875 0.85495654375 0.7194888265625
0 0.910261203125 0.2341311015625 0.9703193999999999 0.22768959687499998 0.9664828125 0.19644309843750002 0.9073401125 0.20463762343749997 0.910261203125 0.2341311015625
0 0.9890502671875 0.38024027656250003 0.9816246984375001 0.3197638625 0.973988234375 0.2617558265625 0.9138482968750001 0.27473735781249997 0.9248580828125 0.38719682031249997 0.9890502671875 0.38024027656250003
0 0.9704021265625 0.228363353125 0.9703194390625001 0.22768991718749998 0.909108934375 0.236138340625 0.91144803125 0.269434796875 0.9738753921875001 0.2608368015625 0.9704021265625 0.228363353125
0 1 0.47360465312500005 0.989221903125 0.3858240953125 0.925018275 0.3927744296875 0.9350654859375 0.498821925 1 0.4899436 1 0.47360465312500005
0 1 0.4937843328125 0.93683039375 0.5060682578125 0.944649340625 0.606792075 1 0.6029012093749999 1 0.4937843328125
0 1 0.6070175859375 0.9477397765625 0.6120098921875 0.9544116203125 0.7119416765625 1 0.7091861078125 1 0.6070175859375
0 1 0.7123491734375 0.9546926078125001 0.7156386921875 0.9618804125 0.8155071234375001 1 0.812618978125 1 0.7123491734375