0 0.65546875 0.9203125 0.1203125 0.1296875
0 0.6984375 0.81796875 0.121875 0.1296875
0 0.7390625 0.71875 0.1171875 0.1203125
0 0.7796875 0.86015625 0.1234375 0.128125
0 0.853125 0.44375 0.109375 0.1125
0 0.890625 0.5703125 0.10625 0.109375
0 0.95625 0.61015625 0.0875 0.1109375
0 0.81328125 0.53046875 0.1125 0.115625
0 0.9296875 0.484375 0.10625 0.1109375
0 0.775 0.621875 0.115625 0.125
0 0.953125 0.396875 0.09375 0.1125
0 0.73671875 0.94921875 0.1203125 0.1015625
0 0.9734375 0.309375 0.053125 0.1125
0 0.81875 0.76171875 0.1140625 0.11875
0 0.97421875 0.521875 0.0515625 0.1125
0 0.85546875 0.66328125 0.1203125 0.1234375
0 0.88984375 0.35625 0.1046875 0.1078125
0 0.8390625 0.89140625 0.08125 0.10625
0 0.92265625 0.70234375 0.090625 0.10625
0 0.27578125 0.49375 0.5515625 0.634375
0 0.88203125 0.79609375 0.0859375 0.1046875
0 0.7921875 0.9671875 0.078125 0.065625