0 0.50390625 0.64921875 0.14140625 0.1640625
0 0.503125 0.81328125 0.14140625 0.1625
0 0.3578125 0.63515625 0.1390625 0.1609375
0 0.3609375 0.8046875 0.1265625 0.1484375
0 0.503125 0.8125 0.140625 0.15859375
0 0.51953125 0.42421875 0.121875 0.14375
0 0.5234375 0.26875 0.128125 0.13671875
0 0.396875 0.4234375 0.1203125 0.13359375
0 0.39609375 0.26484375 0.12265625 0.15390625
0 0.67578125 0.73203125 0.1296875 0.1390625
0 0.81953125 0.73046875 0.12890625 0.13046875
0 0.8234375 0.5859375 0.14296875 0.12890625
0 0.69375 0.4109375 0.11015625 0.12109375
0 0.66796875 0.24609375 0.08125 0.19765625
0 0.74609375 0.2390625 0.07109375 0.20234375
0 0.82265625 0.234375 0.075 0.1796875
0 0.80546875 0.40703125 0.10859375 0.10390625