0 0.67890625 0.49296875 0.19375 0.16484375
0 0.63671875 0.6234375 0.0921875 0.05546875
0 0.73671875 0.6265625 0.08046875 0.0671875
0 0.53828125 0.67890625 0.08984375 0.0640625
0 0.5390625 0.7421875 0.09453125 0.05234375
0 0.53671875 0.8 0.08984375 0.05625
0 0.53125 0.8515625 0.08828125 0.04921875
0 0.63984375 0.684375 0.090625 0.0546875
0 0.73125 0.68515625 0.0765625 0.05546875
0 0.73046875 0.74140625 0.078125 0.05
0 0.721875 0.7953125 0.08046875 0.053125
0 0.7140625 0.846875 0.07890625 0.05625
0 0.6375 0.74609375 0.08671875 0.0546875
0 0.63203125 0.803125 0.08828125 0.0625
0 0.63046875 0.85703125 0.09609375 0.06015625
0 0.8337023875 0.1673821328125 0.8219856140624999 0.31155431718750004 0.9613159328125 0.32232424375 0.9721335 0.18308534062499998 0.8337023875 0.1673821328125
0 0.81855141875 0.3347642734375 0.8116007109375 0.472332928125 0.9487674500000001 0.47156360625 0.960450475 0.333094053125 0.81855141875 0.3347642734375
0 0.808811509375 0.4848310203125 0.7929945484375 0.6123410359375 0.9275650437499999 0.610802509375 0.9418443125 0.4892569640625 0.808811509375 0.4848310203125
0 0.7860850546875 0.623354171875 0.7817442515625 0.7538877312500001 0.914151234375 0.7446563890625 0.923670746875 0.6269572812499999 0.7860850546875 0.623354171875
0 0.7787153453125 0.7585034890625 0.7687631703125 0.8800488578125 0.8998720984374999 0.879279653125 0.908526153125 0.7592726359374999 0.7787153453125 0.7585034890625
0 0.40947523906249994 0.632973834375 0.40961993906250005 0.7915822390625 0.4810158828125 0.7885051265625 0.485342909375 0.633880771875 0.40947523906249994 0.632973834375
0 0.44609375 0.46171875 0.07890625 0.17265625
0 0.2875 0.60703125 0.07578125 0.05859375
0 0.36171875 0.60859375 0.06953125 0.05625
0 0.28515625 0.66484375 0.0765625 0.05625
0 0.36171875 0.66953125 0.0734375 0.0578125
0 0.3625 0.72578125 0.07109375 0.05078125
0 0.28515625 0.72421875 0.0765625 0.05703125
0 0.34609375 0.4125 0.10390625 0.021875
0 0.3453125 0.43046875 0.10703125 0.0125
0 0.346875 0.44765625 0.1046875 0.0125
0 0.3453125 0.4625 0.10625 0.02109375
0 0.34765625 0.484375 0.1046875 0.01640625
0 0.34765625 0.4984375 0.103125 0.01328125
0 0.3484375 0.515625 0.103125 0.01484375
0 0.34921875 0.53046875 0.10390625 0.0125
0 0.3484375 0.54765625 0.10546875 0.0125
0 0.35078125 0.5625 0.103125 0.01328125
0 0.18046875 0.73359375 0.0890625 0.08359375
0 0.18125 0.65078125 0.08203125 0.0859375
0 0.1796875 0.56171875 0.08515625 0.09453125
0 0.1796875 0.4640625 0.08515625 0.08359375
0 0.18046875 0.36953125 0.08359375 0.0859375
0 0.17890625 0.2671875 0.08984375 0.096875
0 0.08125 0.290625 0.10078125 0.10546875
0 0.0828125 0.3984375 0.09921875 0.10078125