0 0.44375 0.48984375 0.15 0.140625
0 0.6046875 0.496875 0.1484375 0.15390625
0 0.59921875 0.65234375 0.14609375 0.13828125
0 0.59609375 0.7890625 0.146875 0.13984375
0 0.4453125 0.64453125 0.15 0.15234375
0 0.44296875 0.78828125 0.1484375 0.12578125
0 0.29140625 0.77890625 0.15078125 0.1375
0 0.13984375 0.7859375 0.14609375 0.1390625
0 0.13359375 0.64140625 0.16171875 0.140625
0 0.12578125 0.4859375 0.1671875 0.15078125
0 0.11875 0.3203125 0.1734375 0.159375
0 0.7859375 0.77734375 0.13359375 0.12890625
0 0.74453125 0.559375 0.1203125 0.11796875
0 0.74921875 0.42734375 0.11953125 0.12578125
0 0.862667475 0.5552249687499999 0.8571141296875 0.7045498968749999 0.9924738124999999 0.702081753125 0.9994153359375 0.5613954203125 0.862667475 0.5552249687499999
0 1 0.7143050171875001 0.8652235140625001 0.70987653125 0.8612790859375 0.847704371875 1 0.8525167375 1 0.7143050171875001
0 0.0162651796875 0.064814803125 0.0331554609375 0.23682958906249998 0.2094701890625 0.2442341609375 0.18586895 0.0739296859375 0.0162651796875 0.064814803125