0 0.30703125 0.2984375 0.1796875 0.2171875
0 0.56875 0.37890625 0.1640625 0.2125
0 0.384375 0.47109375 0.171875 0.2015625
0 0.80234375 0.659375 0.15 0.1828125
0 0.88671875 0.61171875 0.15625 0.2046875
0 0.81875 0.43203125 0.159375 0.2078125
0 0.525 0.78515625 0.153125 0.184375
0 0.45546875 0.63203125 0.159375 0.1921875
0 0.909375 0.39609375 0.1703125 0.2203125
0 0.83203125 0.1984375 0.1640625 0.2203125
0 0.94765625 0.57265625 0.1046875 0.1984375
0 0.74375 0.24375 0.1609375 0.215625
0 0.49609375 0.19453125 0.171875 0.2203125
0 0.63671875 0.5484375 0.1578125 0.1984375
0 0.703125 0.7140625 0.1484375 0.18125
0 0.76015625 0.5546875 0.0953125 0.078125
0 0.26484375 0.1828125 0.10625 0.090625
0 0.5828125 0.60703125 0.0828125 0.140625
0 0.67578125 0.07109375 0.1 0.078125
0 0.55 0.61953125 0.0796875 0.1375
0 0.696875 0.1171875 0.096875 0.0765625
0 0.60703125 0.75 0.0765625 0.1296875
0 0.7765625 0.078125 0.1 0.08125
0 0.15 0.6296875 0.2515625 0.35
0 0.24921875 0.8671875 0.24375 0.2328125
0 0.63671875 0.73828125 0.0828125 0.1390625
0 0.0515625 0.47734375 0.103125 0.0703125
0 0.2359375 0.57890625 0.178125 0.3015625
0 0.04140625 0.43984375 0.0828125 0.0640625
0 0.04921875 0.371875 0.0984375 0.128125
0 0.89609375 0.196875 0.0828125 0.1421875
0 0.44738289531250003 0.9060425671875001 0.32716855312500004 0.6808386093750001 0.28029925312500004 0.7067739265624999 0.403027628125 0.9308585640624999 0.44738289531250003 0.9060425671875001