0 0.63203125 0.56640625 0.1796875 0.178125
0 0.5296875 0.45703125 0.171875 0.1875
0 0.51796875 0.83359375 0.19375 0.190625
0 0.39140625 0.76015625 0.190625 0.2078125
0 0.46171875 0.6046875 0.18125 0.1984375
0 0.30234375 0.39765625 0.115625 0.11875
0 0.34453125 0.31015625 0.1125 0.115625
0 0.38515625 0.22109375 0.1078125 0.109375
0 0.20625 0.58671875 0.125 0.128125
0 0.2546875 0.48984375 0.11875 0.1234375
0 0.2203125 0.35703125 0.1109375 0.115625
0 0.15703125 0.68828125 0.13125 0.1375
0 0.12890625 0.32421875 0.1203125 0.121875
0 0.06796875 0.65 0.1234375 0.13125
0 0.07890625 0.4171875 0.121875 0.1265625
0 0.01875 0.60546875 0.0375 0.1265625
0 0.17109375 0.453125 0.1125 0.11875
0 0.0453125 0.51171875 0.090625 0.1234375
0 0.11875 0.5484375 0.115625 0.125
0 0.57578125 0.69921875 0.1828125 0.1796875
0 0.265625 0.27265625 0.1125 0.1140625
0 0.30703125 0.1890625 0.1109375 0.1109375
0 0.1765625 0.2375 0.115625 0.11875
0 0.41953125 0.1328125 0.1171875 0.1140625
0 0.2796875 0.075 0.1203125 0.1140625
0 0.228125 0.15078125 0.1125 0.115625
0 0.22890625 0.01015625 0.0890625 0.0203125
0 0.19140625 0.046875 0.0859375 0.09375
0 0.15078125 0.1265625 0.08125 0.0984375
0 0.10703125 0.21171875 0.071875 0.0953125
0 0.34609375 0.02421875 0.0953125 0.0484375
0 0.3421875 0.10234375 0.090625 0.0984375
0 0.8125 0.75234375 0.375 0.4953125