0 0.85078125 0.2625 0.13359375 0.17421875
0 0.85859375 0.44765625 0.12265625 0.17421875
0 0.85703125 0.63828125 0.1265625 0.17578125
0 0.85625 0.82890625 0.13125 0.17734375
0 0.71328125 0.26640625 0.12265625 0.16875
0 0.71484375 0.45703125 0.12421875 0.1703125
0 0.71328125 0.64453125 0.128125 0.175
0 0.7171875 0.82578125 0.1265625 0.17109375
0 0.57421875 0.26328125 0.1328125 0.18515625
0 0.57734375 0.4515625 0.1328125 0.178125
0 0.575 0.64375 0.13125 0.16796875
0 0.578125 0.834375 0.134375 0.17890625
0 0.43125 0.2609375 0.1359375 0.1859375
0 0.43125 0.4546875 0.13671875 0.18828125
0 0.43125 0.65390625 0.1375 0.17890625
0 0.434375 0.8484375 0.13359375 0.18046875
0 0.27890625 0.25234375 0.1453125 0.18203125
0 0.2828125 0.45703125 0.14296875 0.1796875
0 0.2828125 0.65390625 0.13984375 0.18828125
0 0.28359375 0.85625 0.13984375 0.18125
0 0.1265625 0.66015625 0.15390625 0.18359375
0 0.13046875 0.865625 0.153125 0.18125