0 0.5015625 0.78359375 0.109375 0.184375
0 0.5953125 0.79453125 0.1140625 0.1890625
0 0.61953125 0.59453125 0.11875 0.209375
0 0.5171875 0.58515625 0.115625 0.20625
0 0.540625 0.375 0.1140625 0.203125
0 0.63984375 0.38515625 0.1203125 0.209375
0 0.70078125 0.8109375 0.115625 0.159375
0 0.403125 0.77578125 0.109375 0.1609375
0 0.81796875 0.83125 0.1140625 0.16875
0 0.2875 0.76640625 0.115625 0.1796875
0 0.30390625 0.58984375 0.1125 0.175
0 0.3171875 0.40703125 0.1140625 0.196875
0 0.3375 0.20625 0.1203125 0.2078125