0 0.3796875 0.66484375 0.125 0.1265625
0 0.33359375 0.57265625 0.121875 0.1234375
0 0.73984375 0.54765625 0.1875 0.1859375
0 0.678125 0.72578125 0.1921875 0.2078125
0 0.28984375 0.48359375 0.11875 0.11875
0 0.42421875 0.76328125 0.1234375 0.1265625
0 0.6 0.57578125 0.184375 0.1984375
0 0.67265625 0.421875 0.1765625 0.1734375
0 0.25078125 0.61015625 0.1140625 0.1171875
0 0.2921875 0.70625 0.1171875 0.1234375
0 0.24921875 0.39609375 0.1078125 0.1109375
0 0.20078125 0.31328125 0.1265625 0.121875
0 0.2515625 0.8515625 0.11875 0.1234375
0 0.47265625 0.86328125 0.1296875 0.1359375
0 0.1671875 0.65625 0.1171875 0.11875
0 0.29453125 0.94296875 0.1265625 0.1140625
0 0.38671875 0.909375 0.125 0.13125
0 0.81171875 0.675 0.19375 0.1921875
0 0.12890625 0.56640625 0.115625 0.1171875
0 0.3375 0.80625 0.121875 0.128125
0 0.20859375 0.75234375 0.11875 0.1234375
0 0.52578125 0.4296875 0.1734375 0.1875
0 0.209375 0.5234375 0.1078125 0.1109375
0 0.1734375 0.434375 0.1125 0.1125
0 0.09375 0.47734375 0.115625 0.115625
0 0.05 0.61484375 0.1 0.1140625
0 0.0328125 0.53046875 0.065625 0.1078125
0 0.01640625 0.44609375 0.0328125 0.1078125
0 0.05234375 0.2875 0.0984375 0.103125
0 0.084375 0.703125 0.10625 0.1109375
0 0.16796875 0.8953125 0.0953125 0.115625
0 0.06015625 0.39296875 0.1078125 0.10625
0 0.1265625 0.7953125 0.10625 0.1171875
0 0.12734375 0.35390625 0.096875 0.1015625
0 0.21015625 0.96875 0.0859375 0.0625