0 0.2703125 0.434375 0.1328125 0.2109375
0 0.2703125 0.6375 0.12890625 0.20625
0 0.27578125 0.834375 0.14140625 0.1828125
0 0.12578125 0.79609375 0.1578125 0.28203125
0 0.13046875 0.5546875 0.13515625 0.20625
0 0.12734375 0.35546875 0.13125 0.20625
0 0.44609375 0.375 0.10546875 0.134375
0 0.4453125 0.503125 0.10234375 0.12734375
0 0.5515625 0.49296875 0.09453125 0.115625
0 0.4453125 0.62734375 0.10234375 0.1296875
0 0.55234375 0.62265625 0.1015625 0.115625
0 0.4453125 0.74765625 0.10390625 0.1109375
0 0.54765625 0.74453125 0.1 0.12265625
0 0.44375 0.86953125 0.10546875 0.12265625
0 0.54765625 0.86796875 0.09453125 0.1296875
0 0.815625 0.25703125 0.10078125 0.1296875
0 0.8140625 0.3875 0.0984375 0.11328125
0 0.71015625 0.38203125 0.1015625 0.1203125
0 0.7078125 0.496875 0.09453125 0.11796875
0 0.71484375 0.628125 0.09609375 0.12734375
0 0.70859375 0.74296875 0.09375 0.1015625
0 0.71484375 0.86484375 0.10390625 0.12265625
0 0.81171875 0.5046875 0.09296875 0.125
0 0.8125 0.62265625 0.10078125 0.1203125
0 0.809375 0.746875 0.1 0.11328125
0 0.8125 0.86015625 0.090625 0.10859375
0 0.93125 0.6921875 0.1375 0.41640625
0 0.02421875 0.7453125 0.0453125 0.3890625