0 0.43203125 0.25859375 0.1 0.1109375
0 0.4109375 0.35546875 0.0984375 0.1015625
0 0.39140625 0.44609375 0.0953125 0.103125
0 0.36875 0.5390625 0.0953125 0.09375
0 0.34765625 0.62734375 0.0953125 0.103125
0 0.32890625 0.7125 0.0953125 0.0890625
0 0.33828125 0.25546875 0.1046875 0.1171875
0 0.31640625 0.35546875 0.10625 0.1015625
0 0.5515625 0.44765625 0.1046875 0.0390625
0 0.55625 0.4296875 0.103125 0.0390625
0 0.5484375 0.4640625 0.1046875 0.0390625
0 0.5453125 0.478125 0.103125 0.03125
0 0.540625 0.4984375 0.10625 0.040625
0 0.5375 0.5125 0.103125 0.03125
0 0.53359375 0.53046875 0.103125 0.0390625
0 0.53046875 0.5453125 0.1015625 0.0296875
0 0.5265625 0.5609375 0.103125 0.0359375
0 0.52421875 0.5765625 0.0984375 0.028125
0 0.52578125 0.625 0.08125 0.0765625
0 0.51171875 0.68359375 0.0796875 0.0609375
0 0.49765625 0.73828125 0.0765625 0.06875
0 0.42265625 0.7203125 0.0828125 0.075
0 0.4390625 0.66328125 0.08125 0.0671875
0 0.4546875 0.60703125 0.08125 0.0671875
0 0.63984375 0.49296875 0.1015625 0.19375
0 0.59453125 0.7484375 0.10625 0.18125
0 0.7234375 0.74609375 0.1 0.0765625
0 0.70703125 0.80859375 0.1015625 0.078125
0 0.68984375 0.86953125 0.1 0.0765625
0 0.67265625 0.92578125 0.09375 0.06875
0 0.8328125 0.715625 0.1046875 0.0796875
0 0.81796875 0.77734375 0.10625 0.06875
0 0.80234375 0.834375 0.103125 0.0671875
0 0.7828125 0.8921875 0.10625 0.075
0 0.76640625 0.953125 0.103125 0.0765625
0 0.89296875 0.59140625 0.2140625 0.2109375
0 0.825 0.31953125 0.0828125 0.08125
0 0.72421875 0.62890625 0.0734375 0.0671875
0 0.8838554343749999 0.75671415 0.9523451656249999 0.7767504890625 0.964454890625 0.7197787078125 0.901859275 0.7037442828125 0.8838554343749999 0.75671415
0 0.8616201406249999 0.815410871875 0.9386846406249999 0.8410182 0.9517884609375 0.7793695781250001 0.8805625562499999 0.7588540593750001 0.8616201406249999 0.815410871875
0 0.8466021828124999 0.8718552421875 0.9271020515625 0.8955100015624999 0.93791650625 0.8446319890625 0.8639062765625001 0.8196832531249999 0.8466021828124999 0.8718552421875
0 0.9069540296874999 0.9452665703124999 0.9244806999999999 0.8978749484374999 0.8405039343749999 0.8771853015625 0.8258813999999999 0.924247603125 0.9069540296874999 0.9452665703124999
0 0.8245615265625 0.9296467265624999 0.8113022734375 0.9769988015625 0.89150684375 0.9987798671875 0.904587728125 0.9513898781250001 0.8245615265625 0.9296467265624999
0 0.2317706875 0.735489103125 0.24392723749999998 0.7409128921875 0.33553895625 0.44516388124999995 0.3228125546875 0.43772574375 0.2317706875 0.735489103125
0 0.3209599328125 0.44111840312500006 0.3077846578125 0.4354780765625 0.21533496093750001 0.73294219375 0.2289631921875 0.738678796875 0.3209599328125 0.44111840312500006
0 0.304660309375 0.4376538109375 0.29339814531249997 0.4305269046875 0.20215729218749998 0.7273013578125 0.2145766796875 0.7337276265625 0.304660309375 0.4376538109375
0 0.187648596875 0.725164053125 0.20184259999999998 0.7310209140625 0.2907831609375 0.43281090781250003 0.28047155468749996 0.4287258859375 0.187648596875 0.725164053125
0 0.173069575 0.7211185734375001 0.185226121875 0.7265423625 0.2755022640625 0.42956285312500003 0.26582202499999996 0.422772196875 0.173069575 0.7211185734375001
0 0.262134478125 0.4248282203125 0.24946856562500003 0.41929616249999996 0.1598261296875 0.7183035921875 0.16841713593750002 0.7229695015625001 0.262134478125 0.4248282203125
0 0.14524710624999998 0.7142581125 0.157788678125 0.7178705187500001 0.246536728125 0.42056620312500004 0.2352549125 0.41627495625 0.14524710624999998 0.7142581125
0 0.1433339953125 0.7157446921874999 0.23195770468750002 0.4165207234375 0.21973298749999998 0.4139222796875 0.13102654062500002 0.7112354375 0.1433339953125 0.7157446921874999