0 0.872041034375 0.5157564406249999 0.8427889640625 0.49517753593749997 0.8128537640625 0.47897437500000006 0.8108705953124999 0.47891366875 0.8080697078125001 0.48369807343750004 0.80551761875 0.491601571875 0.8056165484375001 0.49823340156249996 0.8218092499999999 0.5125278 0.872657940625 0.524568634375 0.874920475 0.52166169375 0.8753293359375001 0.5192391390625 0.872041034375 0.5157564406249999
0 0.7836211015625001 0.716444059375 0.787607815625 0.71250764375 0.8005283171875 0.6674485015625 0.7992180906249999 0.665040965625 0.762904146875 0.65513606875 0.723654725 0.650484940625 0.7120147015625 0.6512108875 0.7017655953124999 0.6909405359375 0.7016055359375 0.696482184375 0.7038324109375 0.7006764421875 0.71439063125 0.7047198796874999 0.7631368484375 0.7141260046875 0.7836211015625001 0.716444059375
0 0.68979440625 0.8094179421875 0.685419209375 0.8117190859375001 0.680205915625 0.822923165625 0.669593796875 0.8559452578125001 0.6703707624999999 0.8592158015625 0.7544786125 0.8838412984374999 0.7609715687499999 0.8811314953125 0.774161246875 0.8351336203124999 0.7666679953125 0.8263815015624999 0.7485859593749999 0.8196726859375 0.68979440625 0.8094179421875
0 0.697859475 0.862018475 0.6754073359375 0.8565963453125001 0.6706385609375001 0.8582766734374999 0.6575529046875 0.909891921875 0.6579311999999999 0.91355610625 0.7053315312499999 0.9276558921875001 0.742049240625 0.9361526906250001 0.746025765625 0.9342451890625 0.7614626953125 0.8883837453125001 0.75884224375 0.8835686734375001 0.697859475 0.862018475
0 0.740721253125 0.4370562203125 0.676653134375 0.42427252812500005 0.6742662 0.425619921875 0.671569334375 0.43602169843749994 0.7382731859375 0.45057709218750003 0.740721253125 0.4370562203125
0 0.7204302234375 0.5733665234374999 0.7055120875 0.5685808578125 0.650143421875 0.561339446875 0.6476218984375001 0.5631562046874999 0.64440705625 0.5713776203125 0.6360880375 0.5954060328125 0.6335308546875 0.6043239890625001 0.634447503125 0.606110709375 0.7052522812500001 0.6203181484375 0.7068469687500001 0.6187435828125001 0.7213417765625 0.5761677015625 0.7204302234375 0.5733665234374999
0 0.699204071875 0.6648080953125 0.7089148234375 0.6269559109375 0.70786868125 0.6246241 0.6891238890625 0.6182331999999999 0.6402430859375 0.6092964421875 0.6352000390625 0.6129299593749999 0.632528646875 0.6182594531250001 0.622599659375 0.646905803125 0.621114090625 0.6530832859375 0.6220307390625 0.65487000625 0.6920432671875 0.668850271875 0.6970710312499999 0.668260125 0.699204071875 0.6648080953125
0 0.631090946875 0.6605375015625 0.6276425875 0.662596453125 0.6186710015625 0.68491386875 0.6127694828125 0.7015081484375 0.6139502140624999 0.70337059375 0.66333880625 0.716516628125 0.68527296875 0.7197583953125 0.6886071171875 0.714110984375 0.7017662312499999 0.67419985 0.6786564312500001 0.6680811796875 0.631090946875 0.6605375015625
0 0.5879115078125 0.8588155437499999 0.5766417296874999 0.8911410953125 0.5771546125 0.894335915625 0.6463392328124999 0.915190203125 0.6520246578125 0.915296596875 0.654152603125 0.9128590234375 0.6634188359375 0.884530590625 0.662657153125 0.878216678125 0.5913649624999999 0.8557421359375 0.5879115078125 0.8588155437499999
0 0.8044024046875 0.6131918796875 0.7417994796875 0.5982885312499999 0.7235573843750001 0.5971213640624999 0.720776871875 0.5978479421875 0.71917709375 0.6004369640625 0.7094714343749999 0.637274690625 0.709974128125 0.6424984234375 0.785258128125 0.66002209375 0.7931234625 0.658012184375 0.7996475234375 0.6315551703125 0.80230985 0.6235055015625 0.8044024046875 0.6131918796875
0 0.7344529921875 0.508305103125 0.732754284375 0.5042622953125 0.6755676046875 0.49040407343750003 0.6657812546875 0.49064563437500003 0.66337394375 0.496050853125 0.6588030265625 0.5109948421875 0.65785071875 0.5163093187500001 0.6587673671875 0.5180960390625 0.7200498796875 0.532620765625 0.7226958015625 0.5323635531249999 0.7270811875 0.528033496875 0.7344529921875 0.508305103125
0 0.6118963703125 0.7921606265625 0.6052790156250001 0.7933108828125001 0.59967214375 0.8038941484375 0.596845784375 0.813750834375 0.636562240625 0.8307268921875 0.6652126875000001 0.8394502328125 0.667604715625 0.8370883843750001 0.673371646875 0.8209634703124999 0.672201103125 0.8170721109375 0.663905415625 0.8101217328124999 0.6118963703125 0.7921606265625
0 0.6704422078125 0.8511089484375001 0.669157453125 0.8436291296875 0.603281509375 0.8221997125 0.6002420093749999 0.821836109375 0.5965040953125 0.82889161875 0.5906076703124999 0.8444714421875 0.5877813109375001 0.8543281296874999 0.5884338765625 0.856039125 0.657483909375 0.8773627796874999 0.6634537921875 0.8734870703125001 0.6659905968750001 0.8686269421875 0.6704422078125 0.8511089484375001
0 0.8676804953125 0.7893117375 0.8762308921875 0.7455392828125 0.8760177515625 0.735318990625 0.8404960578124999 0.7256412671875 0.8225231375 0.72353536875 0.79474349375 0.7257288578125001 0.791818203125 0.7289537140625 0.7818688390624999 0.7616578890625 0.7858046109375 0.767866040625 0.8202445031250001 0.78231315 0.85987221875 0.7906284625 0.8651589703125 0.7911284953125 0.8676804953125 0.7893117375
0 0.873542571875 0.8067393812500001 0.8760008265625 0.7911895953125 0.8018924640625 0.776542828125 0.7905216171875 0.7763300421875 0.788528259375 0.77829825 0.77793651875 0.807262515625 0.7734900015624999 0.8237660531250001 0.774132378125 0.8275059625000001 0.8478216921874999 0.8466041984375 0.8598502 0.8475135234375 0.8638369125 0.8435771078125001 0.873542571875 0.8067393812500001
0 0.7965467562499999 0.8928563921875 0.8454020906249999 0.9068654328125 0.8500566515625 0.9015966437499999 0.8624540812499999 0.855371596875 0.8619411984375001 0.8521767765625 0.8249797828125001 0.8395464265625 0.7771604046875 0.8298981109374999 0.7638208546875 0.8794087203125001 0.7965467562499999 0.8928563921875
0 0.7920670765625 0.8895400296875 0.7726340609375 0.8885393296874999 0.7615120125 0.8914456390625001 0.7502473296875001 0.9227567343749999 0.74848239375 0.9319018640625 0.7495285375 0.934233675 0.8305561359375 0.9666112218749999 0.8368206656250001 0.9567244968749999 0.850150028125 0.9092428 0.8487103078124999 0.9062901734375 0.7920670765625 0.8895400296875
0 0.7914906671875 0.715144909375 0.7456544578125001 0.7055572984375 0.712877615625 0.7022541953125 0.7066436484375 0.7060541796875001 0.70156494375 0.71678889375 0.69362421875 0.744481490625 0.6930756765625 0.74838786875 0.69504865625 0.7504774875 0.7363801750000001 0.7618211515625 0.77945625 0.7680775125 0.791160359375 0.728257121875 0.7914906671875 0.715144909375
0 0.746269028125 0.452262128125 0.6781050765625001 0.438811934375 0.672414559375 0.4397199984375 0.6690702234375 0.44739632343749997 0.6613782984375 0.47820801562500004 0.661357921875 0.4822658421875 0.730837190625 0.497109115625 0.7340112796875 0.49700335312500005 0.736537896875 0.4941721375 0.7455349531250001 0.46678243906250005 0.746269028125 0.452262128125
0 0.7179235562499999 0.5670602031249999 0.7263771625000001 0.5425624234375 0.7257398796875 0.5378080578125 0.719417175 0.5329472984375 0.6597446296875 0.5138046375 0.653645253125 0.51713525625 0.6445747374999999 0.532820840625 0.6421572390625 0.5402549734375001 0.639688796875 0.5578336734375 0.640734940625 0.5601654843749999 0.7102193031249999 0.5739943000000001 0.7126011453125 0.573661365625 0.7179235562499999 0.5670602031249999
0 0.5560964375 0.35201473125 0.5921361093749999 0.3638728171875 0.6239708328125 0.370461484375 0.6331279484375 0.337530134375 0.63235098125 0.334259590625 0.57954459375 0.31708576875 0.5650098484375 0.31494983125 0.5551797890625 0.3502280109375 0.5560964375 0.35201473125
0 0.6235315906250001 0.37897083125000003 0.619181865625 0.37619969062499997 0.6018869828125 0.37073250468749996 0.553260071875 0.363900384375 0.5471250359375001 0.3743322 0.540530196875 0.39733113750000004 0.5414417515625 0.40013231562499996 0.612345459375 0.420971584375 0.616202678125 0.416490078125 0.6188791671875 0.41014612812499995 0.6252201109375 0.385042553125 0.6235315906250001 0.37897083125000003
0 0.5854535765625 0.4569449109375 0.6047520046875 0.45841497656249997 0.6135053546875 0.42689172500000006 0.5429952250000001 0.4066732703125 0.541540221875 0.40676401406249996 0.531176903125 0.4429052015625 0.53196405625 0.44414683125 0.5854535765625 0.4569449109375
0 0.5163770984375 0.519426859375 0.5105948828125 0.5385951437500001 0.510978271875 0.541244871875 0.58504588125 0.56400729375 0.5984843578125 0.5211285125 0.5961178015625 0.5184180796875 0.547920128125 0.505105578125 0.5251886234375001 0.5026510921875 0.5222735234375 0.5038470359375 0.5163770984375 0.519426859375
0 0.5156953703125 0.5497089 0.5137020125 0.5516771078125 0.50513419375 0.572586425 0.50121075 0.59025586875 0.5029043625 0.5953131328125 0.5634833671874999 0.618271428125 0.576055321875 0.6162888328125 0.59041045 0.5751967734375001 0.58923990625 0.571305415625 0.5819903625 0.5666868484375 0.5156953703125 0.5497089
0 0.49368852187499995 0.6134968390625 0.4857681734375 0.6371316109375 0.4890513796875 0.6416287656249999 0.5579362578125 0.6695085265625 0.5618975015625 0.67064439375 0.5634921875 0.669069828125 0.57641778125 0.6229962296875 0.5043486265625 0.5972511453125 0.4994452640625 0.5994008390625 0.49368852187499995 0.6134968390625
0 0.5494524765625 0.7259990515625 0.5452322453125 0.7237730015625 0.47567951875 0.6972256156250001 0.4703571078125 0.703826778125 0.46285580781249996 0.72301008125 0.4580208078125 0.7378783453125 0.4588079625 0.739119975 0.5329388390625 0.7756154234375 0.534932196875 0.7736472156249999 0.54538425625 0.7461667734375 0.549023240625 0.7324794328124999 0.5494524765625 0.7259990515625
0 0.4481768703125 0.8021061906250001 0.444215628125 0.8009703234375 0.44195309375 0.8038772625 0.4285604625 0.8376259312500001 0.4262622703125 0.84763406875 0.4848326328125 0.8756039421875 0.505296509375 0.881979821875 0.50649761875 0.8797844421875001 0.516401134375 0.8562103765625 0.5209873328125 0.8382230171874999 0.4481768703125 0.8021061906250001
0 0.4707859015625 0.35650597500000003 0.4631296359375 0.3802164703125 0.465227015625 0.38386563749999997 0.5331239359375 0.3987631375 0.535846546875 0.3832891546875 0.5432363078125 0.35899428125 0.5131155749999999 0.35340505312500003 0.4749173921875 0.35007128125000003 0.4729291296875 0.35102503125 0.4707859015625 0.35650597500000003
0 0.4625444234375 0.39122375468750004 0.46135350312499995 0.3913902234375 0.45408572031250005 0.416735990625 0.5010924734375 0.43021495937500004 0.527645540625 0.43528913593749996 0.5376050921875 0.40055604687499996 0.4625444234375 0.39122375468750004
0 0.48290975312500006 0.6271687140625 0.4887959890625 0.6136178046875 0.4977930453125 0.5862281046875 0.46187777343749997 0.5759295671875 0.4339839171875 0.5745345953125 0.41930439374999995 0.5748969374999999 0.415327865625 0.5768044390625 0.40517045625000003 0.5982738671875001 0.4021840375 0.6136722031249999 0.402836603125 0.6153832 0.47641170468749994 0.630892975 0.48064721875 0.6300756546875 0.48290975312500006 0.6271687140625
0 0.4756929125 0.642369915625 0.46711276562500004 0.6394016390624999 0.41005048750000006 0.6271029640625 0.40237680156250005 0.627950321875 0.396889234375 0.641107590625 0.392727178125 0.6536290250000001 0.3940323109375 0.6570510171875 0.4003601109375 0.6608973203125 0.4654539953125 0.68007065 0.46849858906249997 0.679419796875 0.47884662499999997 0.6463219796875 0.4756929125 0.642369915625
0 0.466064428125 0.6898969046875 0.466752653125 0.6845067031250001 0.40296390156250006 0.6687553671875001 0.38855355468749997 0.6681789765625 0.3745869109375 0.7109063078125 0.37469602812499997 0.715509225 0.4490480953125 0.73428954375 0.466064428125 0.6898969046875
0 0.45105832343749996 0.755184315625 0.45217069062500004 0.744328190625 0.4509950546875 0.7414512890625 0.4313285203125 0.734288125 0.385367909375 0.7231409656250001 0.3729356359375 0.7236397390625 0.3698553828125 0.7313917890625 0.35765367187499997 0.7649739906249999 0.36028431250000004 0.7677601484375 0.42985232343749996 0.791264165625 0.4362005 0.7910526421874999 0.44220094843749996 0.7810901921875 0.45105832343749996 0.755184315625
0 0.43695144375000006 0.7993953109375 0.4356463125 0.79597331875 0.419687128125 0.787841384375 0.37161895 0.7750739734375001 0.3650015953125 0.7762242296874999 0.3604867140625 0.7800091953125 0.3517792125 0.8024023359375001 0.346669940625 0.819223790625 0.34757640156249997 0.8230394234375 0.42044799375 0.84698276875 0.42217217500000004 0.8459532937500001 0.4307552765625 0.8220006062499999 0.43695144375000006 0.7993953109375
0 0.2714500296875 0.7626056765625 0.2641873421875 0.7869369875000001 0.263623515625 0.793886734375 0.3189055796875 0.8183739093750001 0.3380847 0.8172699703124999 0.353496159375 0.7764808109375 0.335155134375 0.7686818125 0.2873561328125 0.75497566875 0.28100285937499997 0.7562016500000001 0.2714500296875 0.7626056765625
0 0.2915881046875 0.70234554375 0.2777029671875 0.72884156875 0.2762959515625 0.745708709375 0.2853787921875 0.7539007171875001 0.333949665625 0.7718918609375 0.3482101421875 0.7759809859375 0.3521917625 0.7730590281249999 0.3703102734375 0.7198391765625 0.3054702859375 0.702770484375 0.2915881046875 0.70234554375
0 0.30019100781249997 0.6484289703125 0.2896727234375 0.68909735 0.29216368125000003 0.6933673312499999 0.339294834375 0.7084058484375 0.3597688984375 0.712752815625 0.3659977703125 0.7099672875 0.381155334375 0.6670734890625 0.32690413125 0.647961496875 0.3036393671875 0.6463700203125 0.30019100781249997 0.6484289703125
0 0.40774206875 0.560406403125 0.3513272609375 0.55083318125 0.3321532328125 0.5509226625 0.32195506875 0.5805077437499999 0.321665515625 0.5855043015625 0.339328503125 0.5966645875000001 0.3543761328125 0.6019953421875 0.393988565625 0.613354025 0.39651518281250003 0.610522809375 0.4074117609375 0.5735186156250001 0.40774206875 0.560406403125
0 0.42148185156249995 0.5105025999999999 0.4296989875 0.5067633203125 0.4319615203125 0.50385638125 0.4403111046875 0.473741228125 0.439793128125 0.471560865625 0.4051880828125 0.46366986250000003 0.3642246703125 0.45801929843750006 0.3595904828125 0.4592302609375 0.356241053125 0.4679210421875 0.34952181250000003 0.48936043125 0.35055776875 0.49372115625 0.362555709375 0.500717221875 0.410898159375 0.51153144375 0.42148185156249995 0.5105025999999999
0 0.4528781390625 0.4199454328125 0.42698782812499997 0.41455334062500004 0.3982966296875 0.413945653125 0.36773647187499997 0.41686571875 0.358180684375 0.450190709375 0.40465927187500006 0.46351822968749995 0.4351888640625 0.466684903125 0.43783478750000004 0.4664276921875 0.44115874843749997 0.46280919374999996 0.4541730828125 0.42539633906249996 0.4528781390625 0.4199454328125
0 0.39103777968750003 0.33262265156250004 0.3866269234375 0.3420249921875 0.3845928125 0.352108853125 0.3860274390625 0.3560759359375 0.4099294859375 0.3624217796875 0.46147659062499996 0.36704349999999997 0.47011572968750004 0.3319317890625 0.3996586796875 0.327475275 0.393434903125 0.329246346875 0.39103777968750003 0.33262265156250004
0 0.61579435 0.7668645015625 0.6102813125 0.785094053125 0.609438121875 0.795011446875 0.6635802078124999 0.8095205218749999 0.6793262515625 0.8074321640625 0.6863401375 0.779981759375 0.6849207953125 0.77297130625 0.6257356640625 0.762095746875 0.6216347375 0.7624437015625001 0.61579435 0.7668645015625
0 0.5316058984375001 0.4425202546875 0.5159936265625 0.49696671875 0.516371921875 0.500630903125 0.5984078625 0.5165349499999999 0.6003961265625 0.5155812 0.605060878125 0.5082834968750001 0.6122195421875001 0.4783348125 0.610660515625 0.47280818281250003 0.5541977203124999 0.4464585625 0.5316058984375001 0.4425202546875
0 0.45120994999999997 0.46873908281250004 0.4860637953125 0.47974917968749997 0.5050879515625 0.48317243281250005 0.5119693890625 0.48209790156250004 0.5174162015625 0.47705628593749994 0.5252121484375001 0.45186196875 0.5250979359375 0.44827350781249997 0.5211519765625 0.44409426874999997 0.475864309375 0.43060028125 0.45709914218750003 0.42826720781249994 0.45365078125 0.430326159375 0.45081932656249996 0.44119730312499994 0.4485996859375 0.461895096875 0.44870880468749996 0.4664980140625 0.45120994999999997 0.46873908281250004
0 0.47316813281250003 0.30944095 0.47552745781250005 0.287259334375 0.47117773124999995 0.28448819375 0.3949057640625 0.279380196875 0.388900221875 0.29035710312499996 0.38459848281250003 0.3043623609375 0.384981871875 0.3070120890625 0.38668567343750004 0.310040440625 0.3996257359375 0.31375094375 0.46584217656250004 0.320039234375 0.47021737343750003 0.31773809062499997 0.47316813281250003 0.30944095
0 0.376194815625 0.37154299062499996 0.36877206875 0.4014159515625 0.3908255359375 0.407231721875 0.4483017703125 0.41609338749999997 0.45188981406249995 0.41255061406250004 0.46502345624999997 0.3777117625 0.4642464890625 0.37444121875 0.44614917031249995 0.370775771875 0.381766028125 0.36806092343749996 0.376194815625 0.37154299062499996
0 0.41878179062500004 0.5539207765625 0.4239521921875 0.52492584375 0.4218548109375 0.5212766765625 0.36955111875 0.5093265859375 0.34997841875 0.509809709375 0.34533913906249997 0.512035128125 0.3432010046875 0.516501615625 0.3362125875 0.5388797375000001 0.33923680625 0.5422867109375 0.36406059687500003 0.54940481875 0.397091334375 0.5548125609375 0.41228883437499997 0.5566305796875 0.41878179062500004 0.5539207765625
0 0.3387909171875 0.6046377765625001 0.32464465468750003 0.6041371109375 0.3125957703125 0.6072856125 0.3035681484375 0.6407620515625 0.3042156203125 0.6434875046874999 0.3825442140625 0.660360321875 0.3859823859375 0.660330284375 0.3879808375 0.6573476203124999 0.3976814015625 0.62152435 0.39545452812500004 0.6173300937499999 0.3387909171875 0.6046377765625001
0 0.36443744218749996 0.3956013890625 0.3747752890625 0.3645324859375 0.303665675 0.35836497500000003 0.30180181093749997 0.3608782734375 0.29464824218749996 0.38981250156249997 0.3060038046875 0.39306865625 0.3582136640625 0.397372459375 0.36443744218749996 0.3956013890625
0 0.36729613906249997 0.4055643640625 0.314588678125 0.3950223703125 0.29156252656250004 0.3985789015625 0.286384890625 0.402681784375 0.2765497390625 0.4389744203125 0.277202303125 0.4406854171875 0.3595125171875 0.45463627500000003 0.36729613906249997 0.4055643640625
0 0.2779887234375 0.44192683749999995 0.265751353125 0.48261023437499995 0.2654618 0.48760679375000004 0.336401165625 0.5013448671875 0.343277509375 0.5012847921875 0.3467309640625 0.49821138437499995 0.35695969375000003 0.4625395640625 0.34803181875 0.4498203625 0.28977352343749996 0.4387026109375 0.2779887234375 0.44192683749999995
0 0.3089357296875 0.5462969859375 0.328637921875 0.5463589515625 0.3320862828125 0.5443000015624999 0.33395524062500004 0.540772246875 0.343526309375 0.5044038859375 0.343277509375 0.5012847921875 0.287929221875 0.48998555312500003 0.26915896093749997 0.4886669375 0.26491325625 0.491513171875 0.25671354375 0.5181155875 0.2546794328125 0.5281994484375 0.25559098750000003 0.5310006265625 0.27485885 0.53855743125 0.3089357296875 0.5462969859375
0 0.298032596875 0.6371429234375 0.30624759375 0.6074971375 0.3046936609375 0.60095605 0.23574765156250002 0.58524976875 0.232169796875 0.5867636296875001 0.2219512546875 0.6204065359375 0.22113353593750001 0.625251646875 0.22257325625000002 0.6282042734375 0.23154188437499998 0.6328078203125 0.274483371875 0.6395335484375 0.2928600578125 0.64023135 0.298032596875 0.6371429234375
0 0.20467611875 0.6637090484375 0.199836025 0.6795917703125001 0.20220258281249998 0.6823022046875 0.2780096515625 0.7009917796875 0.2827835203125 0.6982969953125 0.293995125 0.6512239578125001 0.233121471875 0.634276678125 0.2196379640625 0.633458096875 0.21485390624999998 0.6381817937500001 0.20467611875 0.6637090484375
0 0.2188444390625 0.6860582625 0.20206243906250002 0.6837858953125 0.1983449015625 0.686783578125 0.187986678125 0.7219103078125 0.187547253125 0.730419603125 0.259009690625 0.74532358125 0.26853705156249996 0.7439918390625 0.27770945 0.7080171203125001 0.275746659375 0.7038985875 0.2649345421875 0.6977505109375 0.2188444390625 0.6860582625
0 0.167272725 0.7652426718750001 0.16256722031249998 0.780656028125 0.16689147499999998 0.7884994515625 0.216917353125 0.8063998515625 0.235144165625 0.8106103890625 0.245872634375 0.807083265625 0.2590826890625 0.7570275640624999 0.1818460875 0.7333564484374999 0.177067125 0.7370656906249999 0.167272725 0.7652426718750001
0 0.226805759375 0.4699188890625 0.21329168437499998 0.475187046875 0.19025962031250002 0.53258550625 0.1723062609375 0.5792492515625 0.165825634375 0.60583665 0.1910430015625 0.613575571875 0.19769092187499998 0.6063385765625 0.20344257031250002 0.5932570328125 0.22182516562500001 0.5401129046875 0.24159440000000001 0.47415946406250004 0.226805759375 0.4699188890625
0 0.1891165390625 0.6282619296874999 0.1891471046875 0.6221751890625 0.1659230921875 0.612468059375 0.15353880625 0.6297432296875 0.11650444062500001 0.736970215625 0.11233219531250001 0.7515205640625 0.1137719140625 0.754473190625 0.1325319875 0.7578207203125 0.14075421562499998 0.753066984375 0.15131539375 0.730189459375 0.1864247671875 0.6376492500000001 0.1891165390625 0.6282619296874999
0 0.8786930015625 0.686306153125 0.8631172046875 0.6808239484375 0.82638930625 0.6743560625 0.8129108921875 0.6725230234375 0.7998056765625 0.6753686265625001 0.788769415625 0.71385664375 0.791245090625 0.7211699953124999 0.838790196875 0.7327715015625 0.86534835625 0.7368312203125 0.8755384718749999 0.735181559375 0.8813083578124999 0.69213568125 0.8786930015625 0.686306153125
0 0.819514146875 0.6215887718750001 0.8081331140625 0.6234048999999999 0.8050783296875 0.626084665625 0.797675959375 0.6518997984375 0.79546650625 0.6705686796875 0.86654555625 0.6828229296874999 0.8767305765625 0.6821877265625 0.878988015625 0.6802952421875 0.889168759375 0.627847025 0.8875944515624999 0.6253637640624999 0.819514146875 0.6215887718750001
0 0.83853311875 0.62602645625 0.8682704609374999 0.62896595625 0.8870509109375 0.6282556593749999 0.8918145921875 0.6275897875 0.8981096875000001 0.6116163218749999 0.8994555734375 0.6069226624999999 0.9000907187499999 0.5857705203125 0.8986866578124999 0.575716696875 0.8377569687499999 0.569928440625 0.818313765625 0.5709566546875 0.8151243921875 0.5741057875 0.8050302515625001 0.6093082421875 0.8049996859374999 0.6153949812499999 0.8081635875 0.6173181328124999 0.83853311875 0.62602645625
0 0.8021426343750001 0.552604771875 0.79932136875 0.561447003125 0.799813875 0.5686996484375 0.8125938765624999 0.5779518015625 0.8604489140625 0.5804989203125 0.8744860609374999 0.57639666875 0.8740343078125001 0.56102836875 0.8669448234375 0.5508681531249999 0.8145952828125 0.5480481734375 0.8021426343750001 0.552604771875
0 0.7524969046875001 0.5114472765625 0.7398107375 0.5098414124999999 0.736362378125 0.5119003625 0.729358678125 0.5373218546875 0.7297420671875 0.5399715828125 0.7807202515625 0.5525575078125 0.8028144749999999 0.5502576265625 0.809617359375 0.5384934375 0.8090157359375001 0.5266378734375 0.8062606953125 0.5222921671874999 0.7524969046875001 0.5114472765625
0 0.8089892640624999 0.5845375765624999 0.810500303125 0.573287809375 0.809070771875 0.56830626875 0.79112841875 0.5601136296875 0.7443857484375 0.5467103843750001 0.7371107328125001 0.5471641015625 0.728080971875 0.554734034375 0.7206735078125 0.5815636234375 0.7208611781250001 0.5968561984375 0.7953478328125 0.6151671515625 0.7987860046875 0.6151371140624999 0.8009139515625 0.6126995390625 0.8089892640624999 0.5845375765624999
0 0.504364246875 0.5246175281250001 0.5095367875 0.5215291015625 0.5159715671875 0.5040718140625 0.5162865921875001 0.494002971875 0.51208164375 0.488733553125 0.49003326875 0.48190332500000005 0.443519021875 0.475677 0.43355437500000005 0.5114245453125 0.504364246875 0.5246175281250001
0 0.191610515625 0.34553610625000003 0.17998067812500002 0.3442331390625 0.17109569687499998 0.3493047921875 0.1558646734375 0.3804944765625 0.15302812500000001 0.39238007656249996 0.1539396796875 0.3951812546875 0.2159991578125 0.4129765234375 0.230140328125 0.4144916453125 0.2351833734375 0.410858128125 0.25009723125 0.363830778125 0.191610515625 0.34553610625000003
0 0.22763604218750003 0.4391714875 0.2336772453125 0.4210933859375 0.2331643625 0.417898565625 0.2167912234375 0.41320364375 0.15655995 0.3999962734375 0.1537743421875 0.4017373078125 0.15070427656250002 0.40746044374999996 0.14199677500000002 0.429853584375 0.1391602265625 0.441739184375 0.200023690625 0.460715378125 0.21377128281250002 0.4616096859375 0.21748372656249998 0.459626459375 0.22763604218750003 0.4391714875
0 0.20786485312499997 0.479218475 0.20761605312500003 0.4760993796875 0.20235477343750002 0.4705270625 0.19774605781250001 0.466665740625 0.15812853124999998 0.456321515625 0.13421629375 0.45200458593750004 0.1322229359375 0.45397279218750003 0.12289557343749999 0.49447470468750004 0.12340336249999999 0.49868398125 0.14900411875 0.50907263125 0.19340060781249999 0.515707615625 0.196719475 0.5131035749999999 0.20786485312499997 0.479218475
0 0.175696509375 0.5654905875 0.18951837656249998 0.5252615359374999 0.11663150156249999 0.5043615609375001 0.1142394734375 0.5067234109375 0.10237316406250001 0.52617894375 0.1013546296875 0.54468135625 0.17198406718749998 0.5674738140625 0.175696509375 0.5654905875
0 0.0643332234375 0.6229584125 0.057194935937500004 0.6488492703125 0.058111584375000004 0.650635990625 0.118835365625 0.67109600625 0.1335148890625 0.6707336640625 0.13603641093750002 0.66891690625 0.13897698281249998 0.6626486796875 0.14844402968749998 0.6206629453125 0.0694170234375 0.6112092421875001 0.0643332234375 0.6229584125
0 0.1120876078125 0.7245286171875 0.11581023906250001 0.720516478125 0.13135628593749998 0.6792579515625 0.1313766625 0.675200125 0.06456369375 0.6560418140625 0.056770701562500005 0.65431516875 0.052395503125 0.6566163109375001 0.0439011421875 0.68922974375 0.043994976562499996 0.69687603125 0.045828275 0.7004494734375 0.0501729078125 0.7042350703125 0.1056150296875 0.7231805953125 0.1120876078125 0.7245286171875
0 0.1127038703125 0.7333406265625 0.05963849375 0.715076621875 0.027016615625 0.7072463250000001 0.025282248437499998 0.7103047140625 0.01704178125 0.7450227843749999 0.018875078125 0.7485962265625 0.096893740625 0.774523428125 0.1011292546875 0.7737061078125 0.1115813140625 0.746225665625 0.11361542499999999 0.7361418046875 0.1127038703125 0.7333406265625
0 0.09049233437500001 0.311461346875 0.08717856093750001 0.31305093125 0.080883465625 0.329024396875 0.07522055625 0.350766684375 0.091847590625 0.35756624531250003 0.1474548671875 0.3699556640625 0.15896030156250002 0.3696990828125 0.16654015312499998 0.3612054375 0.1723834984375 0.3298636734375 0.17002203437500002 0.3261387828125 0.09049233437500001 0.311461346875
0 0.0620403328125 0.39473543437499997 0.1429690015625 0.42048114999999997 0.145091853125 0.4190580328125 0.1484310953125 0.412396165625 0.1527837765625 0.38824634062499996 0.1512145625 0.3847486234375 0.0731908046875 0.359835878125 0.0719998859375 0.360002346875 0.0620403328125 0.39473543437499997
0 0.1215636578125 0.47021872499999995 0.13085536250000002 0.43681800937500004 0.1303526671875 0.43159427812500006 0.05217904062499999 0.4101942671875 0.048611375 0.40967921562500004 0.0367522984375 0.45402679843750005 0.1179654265625 0.4757904125 0.1215636578125 0.47021872499999995
0 0.032973446875 0.46919790937499994 0.020865571875 0.5104263984374999 0.09030408749999999 0.5333853234375 0.09730992499999999 0.5338703390624999 0.110298790625 0.50152976875 0.1094025171875 0.4956852203125 0.032973446875 0.46919790937499994
0 0.7839775296875 0.77445355625 0.7826825859375 0.76900265 0.7395126750000001 0.7551 0.7060883609374999 0.74907144375 0.7005273390625 0.7505245984375 0.6901742078125 0.784636871875 0.688264496875 0.7962802796874999 0.6886275078125 0.8029878343749999 0.7633425875000001 0.828475709375 0.772222478125 0.8244185125 0.7835330109374999 0.7839773078125 0.7839775296875 0.77445355625
0 0.7459493312500001 0.47452064062500005 0.73682278125 0.5013652484375 0.7359999671875 0.507224815625 0.8081608203125 0.5147096796875 0.8112054125 0.5140588265625 0.8134730421875 0.51013743125 0.817467590625 0.487408790625 0.8206571765625 0.47511646250000006 0.7499513296875 0.46754085468750006 0.7459493312500001 0.47452064062500005
0 0.8143010187499999 0.476341615625 0.819176771875 0.45335769687500005 0.820164740625 0.440942025 0.8130446890625 0.4368685484375 0.756904153125 0.42534213750000005 0.7533212046875 0.42787045468749996 0.7507894921875 0.43171612656249997 0.7427141796875001 0.459878090625 0.7437552281250001 0.46322435781250004 0.758807953125 0.4675406578125 0.8143010187499999 0.476341615625
0 0.8311980453125001 0.429374971875 0.833874534375 0.42303102031249995 0.836990446875 0.40817777499999996 0.8362287640625 0.40186386093750004 0.837610309375 0.390069003125 0.8331259937500001 0.3877672296875 0.7691720890625 0.3785719984375 0.7657033515625 0.3846887765625 0.7573588609375 0.41378947187500004 0.758140921875 0.416045559375 0.776362640625 0.421270553125 0.8311980453125001 0.429374971875
0 0.5969733265625 0.7538482796875 0.6027831499999999 0.75551421875 0.6841563374999999 0.771736184375 0.6854869406249999 0.7700858937499999 0.6928893109375001 0.744270759375 0.6976253812500001 0.7227706640625 0.6953985078125 0.7185764078125 0.6730911453124999 0.7106559984375 0.625680625 0.6985851265624999 0.613631740625 0.7017336281250001 0.59874845 0.7426742375 0.59658484375 0.7522130078125 0.5969733265625 0.7538482796875
0 0.4610462390625 0.752460759375 0.4570849953125 0.7513248906250001 0.45416480156250005 0.753535290625 0.44314891718749994 0.78796548125 0.4411148046875 0.7980493421875 0.5011554546875 0.8228851015625 0.520966765625 0.8275499859375 0.5234933828125 0.8247187703125001 0.5357154703125 0.7870787421875 0.5353422703125 0.7824001015625 0.4610462390625 0.752460759375
0 0.4857676390625 0.6483065484375 0.48231418593750003 0.65137995625 0.474279625 0.6714262671875 0.46957921562499993 0.6858251656250001 0.4716715015625 0.6904887890625 0.5471584515625 0.7202616625 0.5511451671875001 0.7163252484375 0.5606754828125 0.688072540625 0.5628441828125 0.6775193140625 0.5618031343750001 0.6741730453125 0.4857676390625 0.6483065484375
0 0.5083029203125 0.5318424296875001 0.4681470390625 0.5233756671875 0.42902711250000003 0.51926963125 0.4181203453125 0.5583027390625 0.4211241859375 0.5657675390625 0.4418470515625 0.5732336015625 0.458100884375 0.5753545203125 0.48533198750000006 0.5770674078125 0.5002908765625 0.5737374203125001 0.5096080515625 0.535264421875 0.5083029203125 0.5318424296875001
0 0.25164115 0.5318998640625 0.244625125 0.5334437609375 0.2419384484375 0.5418166265625 0.23131104531250002 0.5778820875 0.23209310625000001 0.580138175 0.2998329125 0.59905429375 0.3106806875 0.5981011734375 0.3165210765625 0.5936803734375 0.3270597375 0.5489541671875 0.32601359375 0.54662235625 0.25164115 0.5318998640625
0 0.14296686249999999 0.6069013828125 0.158055246875 0.6041164859375 0.1681392 0.5709429453125 0.1669839390625 0.564008215625 0.10108761875000001 0.5466366265625 0.0948740296875 0.546378784375 0.0915551640625 0.5489828250000001 0.0761589890625 0.586728615625 0.14296686249999999 0.6069013828125
0 0 0.562859940625 0.054643874999999995 0.57903538125 0.07870598281249999 0.579839575 0.081890259375 0.5777048984375 0.08551905625 0.566046471875 0.088536040625 0.5445613953125 0.0842066921875 0.537732428125 0.0759110046875 0.53078205 0.047120876562500004 0.52354253125 0.014613210937500001 0.5193006953125 0.00533974375 0.5227370765625 0.00037525000000000004 0.53706025 0 0.5382937203125 0 0.562859940625
0 0 0.622242521875 0.026998001562500002 0.6335869749999999 0.048403996875 0.63667729375 0.054627775 0.634906221875 0.05662622656250001 0.6319235578125 0.07458977343749999 0.5832308984375 0 0.5636759078125 0 0.622242521875
0 0 0.6833501265625 0.0190441328125 0.69022945 0.0326520421875 0.6926075796875 0.03544274375 0.6898520890625 0.0395997046875 0.6783451109375 0.042994984375 0.66052421875 0.043884021875 0.641476715625 0 0.6240486125 0 0.6833501265625
0 0 0.7295350234375 0.011554609375 0.7332901890625 0.0168668328125 0.728717940625 0.0190049671875 0.724251453125 0.023217965625 0.7015854515625 0.0205975140625 0.6967703796875 0 0.6906884359375 0 0.7295350234375