0 0.2515625 0.4859375 0.21328125 0.82421875
0 0.071875 0.48515625 0.14375 0.84921875
0 0.403125 0.12265625 0.0984375 0.1296875
0 0.40390625 0.24921875 0.09609375 0.11328125
0 0.4078125 0.3671875 0.10390625 0.11796875
0 0.4109375 0.83671875 0.09765625 0.10859375
0 0.41015625 0.72109375 0.1 0.11328125
0 0.41015625 0.603125 0.1 0.10859375
0 0.41015625 0.4859375 0.1 0.1203125
0 0.89453125 0.81171875 0.090625 0.10859375
0 0.79140625 0.82734375 0.0921875 0.10390625
0 0.8 0.7046875 0.09296875 0.11328125
0 0.79296875 0.59140625 0.08515625 0.10859375
0 0.79609375 0.4828125 0.08828125 0.11328125
0 0.803125 0.36796875 0.09453125 0.115625
0 0.80390625 0.25234375 0.090625 0.1296875
0 0.70546875 0.13671875 0.08984375 0.1296875
0 0.609375 0.12578125 0.08984375 0.12734375
0 0.51015625 0.11796875 0.1 0.134375
0 0.50703125 0.24765625 0.09609375 0.1296875
0 0.50546875 0.36953125 0.08828125 0.11796875
0 0.50625 0.4859375 0.0921875 0.1203125
0 0.5078125 0.60546875 0.08828125 0.10859375
0 0.50859375 0.71640625 0.0921875 0.12265625
0 0.60546875 0.25078125 0.08984375 0.12265625
0 0.6015625 0.37265625 0.0859375 0.125
0 0.60234375 0.48828125 0.0921875 0.10625
0 0.60703125 0.5984375 0.0984375 0.11328125
0 0.6015625 0.71171875 0.09375 0.11796875
0 0.60546875 0.8296875 0.0984375 0.11328125
0 0.5078125 0.8359375 0.08671875 0.115625
0 0.7015625 0.71328125 0.08984375 0.1203125
0 0.7 0.59453125 0.08984375 0.10625
0 0.70546875 0.4859375 0.09453125 0.115625
0 0.69921875 0.82734375 0.08046875 0.10859375