0 0.79140625 0.36875 0.153125 0.1375
0 0.8359375 0.4484375 0.159375 0.1390625
0 0.765625 0.10078125 0.1453125 0.1265625
0 0.72109375 0.04921875 0.1421875 0.0984375
0 0.85859375 0.2359375 0.1421875 0.128125
0 0.9390625 0.38984375 0.121875 0.1265625
0 0.88359375 0.5265625 0.1609375 0.14375
0 0.67734375 0.0171875 0.1359375 0.034375
0 0.6875 0.7046875 0.1046875 0.090625
0 0.90234375 0.3125 0.140625 0.128125
0 0.71484375 0.75859375 0.1046875 0.090625
0 0.5640625 0.68125 0.1015625 0.090625
0 0.8125 0.16640625 0.14375 0.1265625
0 0.4328125 0.91953125 0.0984375 0.0875
0 0.40546875 0.8671875 0.103125 0.0921875
0 0.9640625 0.465625 0.071875 0.128125
0 0.35390625 0.96171875 0.0984375 0.0765625
0 0.5109375 0.5953125 0.0890625 0.078125
0 0.3609375 0.59921875 0.0984375 0.084375
0 0.5359375 0.6359375 0.0921875 0.0796875
0 0.38125 0.8171875 0.0984375 0.0859375
0 0.3078125 0.6734375 0.096875 0.0859375
0 0.33828125 0.553125 0.103125 0.090625
0 0.28125 0.984375 0.103125 0.03125
0 0.79609375 0.71171875 0.1109375 0.0984375
0 0.3328125 0.721875 0.096875 0.0859375
0 0.6609375 0.659375 0.1046875 0.0921875
0 0.48671875 0.83203125 0.1046875 0.0921875
0 0.3890625 0.64140625 0.096875 0.0828125
0 0.765625 0.66015625 0.1046875 0.0921875
0 0.35703125 0.77109375 0.0953125 0.0828125
0 0.92734375 0.60703125 0.1453125 0.1421875
0 0.45390625 0.33125 0.084375 0.0765625
0 0.328125 0.915625 0.1 0.0890625
0 0.73828125 0.609375 0.1046875 0.09375
0 0.459375 0.7828125 0.1046875 0.09375
0 0.53984375 0.48125 0.1 0.0890625
0 0.5125 0.8859375 0.1046875 0.09375
0 0.640625 0.8125 0.0828125 0.0671875
0 0.4125 0.6875 0.0984375 0.0875
0 0.25859375 0.95625 0.084375 0.0765625
0 0.63046875 0.61328125 0.103125 0.090625
0 0.28203125 0.8125 0.096875 0.0828125
0 0.4359375 0.7328125 0.096875 0.0828125
0 0.284375 0.628125 0.0875 0.075
0 0.47421875 0.3734375 0.08125 0.06875
0 0.56640625 0.52421875 0.0984375 0.0875
0 0.48671875 0.553125 0.0875 0.0765625
0 0.26328125 0.58828125 0.0828125 0.0734375
0 0.60078125 0.56796875 0.1015625 0.0890625
0 0.30390625 0.8625 0.1015625 0.090625
0 0.70546875 0.5640625 0.103125 0.0921875
0 0.49453125 0.40859375 0.0828125 0.071875
0 0.19375 0.63125 0.096875 0.084375
0 0.64296875 0.4828125 0.1 0.0890625
0 0.60859375 0.7453125 0.08125 0.0671875
0 0.6734375 0.5265625 0.1 0.0859375
0 0.26640625 0.4296875 0.0921875 0.0796875
0 0.31328125 0.5078125 0.0953125 0.078125
0 0.17109375 0.5859375 0.1015625 0.0890625
0 0.26171875 0.7640625 0.090625 0.08125
0 0.24453125 0.5484375 0.0796875 0.06875
0 0.425 0.44375 0.084375 0.0734375
0 0.29140625 0.47109375 0.09375 0.078125
0 0.2171875 0.675 0.0890625 0.078125
0 0.13125 0.51875 0.1 0.0875
0 0.61328125 0.43359375 0.1015625 0.090625
0 0.515625 0.44296875 0.0859375 0.071875
0 0.2390625 0.7203125 0.0828125 0.0734375
0 0.44609375 0.48203125 0.0828125 0.06875
0 0.62421875 0.77890625 0.08125 0.0671875
0 0.17109375 0.76796875 0.09375 0.0796875
0 0.58828125 0.71640625 0.0828125 0.0671875
0 0.2359375 0.90859375 0.0890625 0.08125
0 0.2140625 0.8640625 0.0875 0.0796875
0 0.1484375 0.7234375 0.0953125 0.0828125
0 0.2234375 0.5140625 0.0828125 0.071875
0 0.1265625 0.67890625 0.084375 0.071875
0 0.5578125 0.365625 0.0796875 0.065625
0 0.1890625 0.8140625 0.09375 0.0828125
0 0.10625 0.6375 0.075 0.0671875
0 0.46640625 0.5171875 0.0828125 0.0703125
0 0.41015625 0.415625 0.065625 0.0484375
0 0.58359375 0.4 0.0875 0.0734375