0 0.77734375 0.1765625 0.1015625 0.103125
0 0.8171875 0.2984375 0.103125 0.109375
0 0.7875 0.38828125 0.103125 0.1078125
0 0.75703125 0.4796875 0.1078125 0.1140625
0 0.721875 0.5765625 0.1125 0.11875
0 0.68984375 0.675 0.1171875 0.1234375
0 0.6546875 0.77421875 0.115625 0.125
0 0.61640625 0.88046875 0.1234375 0.128125
0 0.5265625 0.840625 0.1296875 0.134375
0 0.56484375 0.73671875 0.1234375 0.128125
0 0.60625 0.634375 0.11875 0.1234375
0 0.6421875 0.53984375 0.1203125 0.1234375
0 0.675 0.44375 0.1140625 0.1171875
0 0.709375 0.353125 0.10625 0.10625
0 0.74140625 0.26328125 0.109375 0.1140625
0 0.66015625 0.22890625 0.109375 0.109375
0 0.62890625 0.31796875 0.109375 0.1140625
0 0.590625 0.40859375 0.115625 0.11875
0 0.5578125 0.50390625 0.115625 0.1203125
0 0.51796875 0.6 0.1234375 0.128125
0 0.478125 0.6984375 0.1265625 0.13125
0 0.43828125 0.8015625 0.13125 0.1375
0 0.946875 0.30703125 0.090625 0.0953125
0 0.92265625 0.38984375 0.0921875 0.0984375
0 0.89765625 0.471875 0.09375 0.1015625
0 0.87265625 0.55625 0.0984375 0.10625
0 0.846875 0.6453125 0.103125 0.1140625
0 0.81796875 0.74453125 0.10625 0.1171875
0 0.7765625 0.83125 0.1078125 0.11875
0 0.75625 0.9390625 0.10625 0.1171875
0 0.98515625 0.34921875 0.0296875 0.0921875
0 0.97421875 0.42890625 0.0515625 0.0984375
0 0.96328125 0.5140625 0.0734375 0.096875
0 0.93984375 0.603125 0.0890625 0.103125
0 0.92109375 0.68984375 0.0984375 0.1046875
0 0.88671875 0.78203125 0.096875 0.109375