0 0.84376515 0.7831891859375 0.8523497109375 0.7245509140624999 0.763084215625 0.719162328125 0.7572721359375 0.7657401671875 0.84376515 0.7831891859375
0 0.829222521875 0.8483835921875 0.8400570453125 0.788851684375 0.7549727984375 0.770375796875 0.74272950625 0.8309345734375 0.829222521875 0.8483835921875
0 0.814467415625 0.9060445453125 0.82540818125 0.8502793359374999 0.7393996234375 0.8354069234375 0.7284669109374999 0.8899234140625 0.814467415625 0.9060445453125
0 0.8008711453125 0.9563893 0.8107593812499999 0.911706996875 0.725274915625 0.8912927875 0.7157493890625 0.9391574671875 0.8008711453125 0.9563893
0 0.95099056875 0.7451738984375 0.9621244515624999 0.6881893953125 0.8691954875000001 0.6684710265625 0.8585201953125001 0.7255282234375 0.95099056875 0.7451738984375
0 0.9353567578125 0.8039456749999999 0.9480742734375 0.754711678125 0.8561294531250001 0.737649115625 0.8464206624999999 0.7886095859375 0.9353567578125 0.8039456749999999
0 0.9243290562500001 0.86469686875 0.935462940625 0.8077123640625 0.84216450625 0.7991850890625 0.833143059375 0.8502544265624999 0.9243290562500001 0.86469686875
0 0.9070246718750001 0.920704175 0.9205147609375001 0.8665927343750001 0.82730065 0.8530789499999999 0.8162249453125 0.903822921875 0.9070246718750001 0.920704175
0 0.8940270953124999 0.9761435046875 0.904002203125 0.9264752093749999 0.814364546875 0.9147778750000001 0.8036136031250001 0.9568236625000001 0.8940270953124999 0.9761435046875
0 0.6869537390625 0.8458496656250001 0.7204809390625 0.68741553125 0.6426500374999999 0.67383833125 0.6134004296875 0.8354499609375001 0.6869537390625 0.8458496656250001
0 0.5453200140625001 0.65449435 0.5540728765625 0.5960613125 0.48426832500000005 0.586790984375 0.47536577968750005 0.646093165625 0.5453200140625001 0.65449435
0 0.530904290625 0.7138161453125 0.539457146875 0.6598155328125 0.46804303281250004 0.651183128125 0.4605844890625 0.6982144359375 0.530904290625 0.7138161453125
0 0.5158470937499999 0.7676794218749999 0.5260829546875 0.7157309984375 0.45641268124999995 0.7055891234375 0.4491691890625 0.7544402 0.5158470937499999 0.7676794218749999
0 0.615991559375 0.67104458125 0.6269171625000001 0.6147412984375 0.559961703125 0.5987796375000001 0.548761859375 0.6612892546875 0.615991559375 0.67104458125
0 0.604652109375 0.729960796875 0.6144603375 0.6743733515625 0.5449992609375001 0.6647110374999999 0.5356635671875 0.715462753125 0.604652109375 0.729960796875
0 0.593636878125 0.777321634375 0.6025553078125 0.730521509375 0.5331619843750001 0.7204234984375 0.5247241796875 0.76551408125 0.593636878125 0.777321634375
0 0.7090453859375 0.5938217546875 0.7420359859375 0.42673143125 0.6759261578125 0.41358218437499994 0.642229534375 0.581453496875 0.7090453859375 0.5938217546875
0 0.65622009375 0.45833887031250004 0.6585641859375 0.44464812187499997 0.5570646890625001 0.424978553125 0.55479336875 0.43977454375 0.65622009375 0.45833887031250004
0 0.6528789546875 0.47499659687499995 0.6554427375 0.461028153125 0.55391054375 0.443228340625 0.552084725 0.4546575046875 0.6528789546875 0.47499659687499995
0 0.649489534375 0.4919591671875 0.65149084375 0.478214128125 0.5508613046875 0.45915107187500004 0.5486735828125 0.4728665875 0.649489534375 0.4919591671875
0 0.64607839375 0.51016825 0.6486904734375 0.4958949640625 0.5478844890625 0.47461654218750005 0.545868390625 0.4883592390625 0.64607839375 0.51016825
0 0.6440288187500001 0.524218128125 0.6460349515625 0.5126612734375 0.54579166875 0.49115949218750005 0.5436305078125 0.5058166796875 0.6440288187500001 0.524218128125
0 0.6407408015625 0.542759196875 0.643396325 0.5259928859375 0.542894734375 0.5094500171874999 0.5409749828125 0.5225830046875 0.6407408015625 0.542759196875
0 0.638642928125 0.5571139265625 0.6407190640625 0.544005721875 0.5413163359375 0.526074440625 0.5396641296875 0.5386248203124999 0.638642928125 0.5571139265625
0 0.6354731984375 0.5737987921875 0.6382784078125 0.55830614375 0.538636671875 0.5429931765625 0.536639246875 0.5543951625 0.6354731984375 0.5737987921875
0 0.6329576968749999 0.5874623921875 0.6351086765625 0.574991025 0.535917065625 0.558499384375 0.533689190625 0.5708023375 0.6329576968749999 0.5874623921875
0 0.6300342031249999 0.6048112421875 0.632694565625 0.5902331203125 0.5335670359375 0.5750015953125 0.531741003125 0.586430725 0.6300342031249999 0.6048112421875
0 0.511084809375 0.334964528125 0.528502634375 0.2416328015625 0.44576518125 0.2238411375 0.4303265625 0.3151426703125 0.511084809375 0.334964528125
0 0.4945240234375 0.428431996875 0.5092621640624999 0.34092564687500004 0.42818387187500007 0.3265216484375 0.41401924375 0.4125564125 0.4945240234375 0.428431996875
0 0.479061603125 0.520511009375 0.4953930765625 0.43403822812500004 0.4133370828125 0.42026058749999995 0.400029453125 0.5064310890625 0.479061603125 0.520511009375
0 0.3967422734375 0.512550834375 0.38333586249999996 0.5951901859375 0.4596762734375 0.6096249874999999 0.475699971875 0.5223222484375001 0.3958771859375 0.5104607718749999 0.3963056671875 0.5105286375 0.3967422734375 0.512550834375
0 0.44426819531249995 0.698587725 0.45693022812499995 0.6130961828125 0.3779374734375 0.60214738125 0.3645661140625 0.6859641562500001 0.44426819531249995 0.698587725
0 0.4292644890625 0.7766773015624999 0.44219208125 0.7006025703125001 0.362809775 0.6934981625 0.35244125312499996 0.76529094375 0.4292644890625 0.7766773015624999
0 0.4222996140625 0.3380892671875 0.43819051406250004 0.24607812031249998 0.3518394265625 0.23005778281249997 0.337751215625 0.320010778125 0.4222996140625 0.3380892671875
0 0.4020814421875 0.4380084703125 0.418388759375 0.340594728125 0.333053271875 0.32786012656249996 0.3183357015625 0.4231819921875 0.4020814421875 0.4380084703125
0 0.2133186953125 0.751667253125 0.2890961203125 0.4536798875 0.27573331562500003 0.44739690000000004 0.2010066921875 0.7480506015625 0.2133186953125 0.751667253125
0 0.22673796093749998 0.754209321875 0.3054219921875 0.45709895312500004 0.292730865625 0.44883909062500005 0.21501179375 0.749852165625 0.22673796093749998 0.754209321875
0 0.24212071562499998 0.7591456234375 0.32047000312499996 0.45823236562499997 0.308945953125 0.45078232968750004 0.2300308265625 0.7526475734375 0.24212071562499998 0.7591456234375
0 0.255832903125 0.7613174203125 0.3348323828125 0.4592571875 0.3242820203125 0.453836303125 0.24511423125 0.75503655 0.255832903125 0.7613174203125
0 0.27033049062500003 0.76444690625 0.3488149578125 0.4656383359375 0.3367346328125 0.45955847343749995 0.25863328750000003 0.758427715625 0.27033049062500003 0.76444690625
0 0.2842358046875 0.765399334375 0.364384390625 0.46643767968749994 0.3528964671875 0.4596183421875 0.274138365625 0.7596335203125 0.2842358046875 0.765399334375
0 0.299711896875 0.7682671703125 0.3781963875 0.4694585953125 0.3680394046875 0.4638916828125 0.287528665625 0.7638376234375001 0.299711896875 0.7682671703125
0 0.3140453203125 0.7709539890625 0.3934149578125 0.4739522375 0.382346628125 0.466782703125 0.3032622640625 0.7650796234375 0.3140453203125 0.7709539890625