0 0.58203125 0.60625 0.1 0.19375
0 0.59609375 0.4109375 0.1078125 0.1875
0 0.68046875 0.60234375 0.0984375 0.18359375
0 0.7890625 0.60078125 0.0890625 0.18046875
0 0.7734375 0.78046875 0.09375 0.159375
0 0.67734375 0.7796875 0.0921875 0.15859375
0 0.57421875 0.7828125 0.09921875 0.16640625
0 0.4328125 0.59765625 0.0796875 0.18046875
0 0.4265625 0.39765625 0.08046875 0.19140625
0 0.34609375 0.39765625 0.0765625 0.18515625
0 0.2625 0.3984375 0.0859375 0.1875
0 0.27578125 0.5890625 0.08203125 0.184375
0 0.35625 0.58828125 0.08046875 0.1921875
0 0.43046875 0.59296875 0.07578125 0.1890625
0 0.19140625 0.59609375 0.0765625 0.17578125
0 0.43046875 0.20703125 0.08125 0.171875
0 0.34921875 0.20703125 0.06875 0.16171875