0 0.58046875 0.49609375 0.1578125 0.1640625
0 0.5125 0.60703125 0.15 0.15625
0 0.45234375 0.7109375 0.1453125 0.146875
0 0.390625 0.80546875 0.1375 0.1359375
0 0.60703125 0.21640625 0.165625 0.1671875
0 0.54140625 0.33515625 0.1578125 0.159375
0 0.475 0.44609375 0.1546875 0.15625
0 0.4125 0.553125 0.15 0.153125
0 0.35625 0.65546875 0.1421875 0.1421875
0 0.296875 0.753125 0.1359375 0.1328125
0 0.503125 0.15625 0.1625 0.165625
0 0.4375 0.27578125 0.1609375 0.1640625
0 0.3734375 0.38828125 0.1578125 0.159375
0 0.3125 0.50625 0.1609375 0.165625
0 0.25625 0.60546875 0.1484375 0.146875
0 0.2015625 0.7015625 0.14375 0.14375
0 0.30625 0.2 0.1578125 0.1609375
0 0.24921875 0.32109375 0.159375 0.1625
0 0.18828125 0.4328125 0.153125 0.1546875
0 0.13515625 0.54453125 0.15 0.15
0 0.078125 0.64921875 0.146875 0.1453125
0 0.1703640078125 0.3390866890625 0.22457793750000002 0.2278314671875 0.118382653125 0.19057585 0.073427553125 0.2831204015625 0.1703640078125 0.3390866890625
0 0.111580928125 0.45304974531250003 0.16500310468749999 0.344901321875 0.0729162921875 0.29797173125 0.019112826562499997 0.40322709999999995 0.111580928125 0.45304974531250003
0 0 0.53260010625 0.0542535796875 0.56606869375 0.107702696875 0.46150232031250005 0.014523481250000001 0.407705275 0 0.4373671234375 0 0.53260010625
0 0 0.66482993125 0.0025023984375 0.6662746921875 0.051214306249999994 0.5732263 0 0.5426893609375 0 0.66482993125