0 0.76875 0.2609375 0.1203125 0.16171875
0 0.7609375 0.44296875 0.1203125 0.1609375
0 0.765625 0.61953125 0.12109375 0.16640625
0 0.76328125 0.796875 0.12265625 0.16015625
0 0.59609375 0.83359375 0.09296875 0.09921875
0 0.50078125 0.24921875 0.09140625 0.1109375
0 0.5 0.3703125 0.08828125 0.09375
0 0.4953125 0.48515625 0.09140625 0.10546875
0 0.4953125 0.6015625 0.08828125 0.103125
0 0.49609375 0.71640625 0.09296875 0.109375
0 0.49140625 0.8375 0.09921875 0.1015625
0 0.38984375 0.121875 0.0984375 0.11953125
0 0.3921875 0.25 0.0953125 0.10703125
0 0.390625 0.371875 0.09765625 0.10078125
0 0.3921875 0.4890625 0.09375 0.10390625
0 0.39453125 0.61015625 0.0921875 0.10546875
0 0.3921875 0.72890625 0.09609375 0.1078125
0 0.39296875 0.84609375 0.0921875 0.0984375
0 0.2296413578125 0.050154315625 0.22951655781250002 0.1705246859375 0.32843371875 0.184413575 0.33190452187499997 0.0609567953125 0.2296413578125 0.050154315625
0 0.230943440625 0.184413575 0.231252 0.2955246859375 0.33190452187499997 0.3078703875 0.33363988437500003 0.1875000171875 0.230943440625 0.184413575
0 0.232245525 0.307098759375 0.2329873625 0.423611128125 0.33363988437500003 0.426697571875 0.33190452187499997 0.317129646875 0.232245525 0.307098759375
0 0.2875 0.49140625 0.10234375 0.1046875
0 0.28828125 0.61015625 0.09609375 0.1109375
0 0.2875 0.73046875 0.10234375 0.10234375
0 0.28828125 0.85390625 0.1015625 0.11171875
0 0.1671875 0.1078125 0.10078125 0.125
0 0.1703125 0.24296875 0.1046875 0.1078125
0 0.17421875 0.365625 0.10546875 0.121875
0 0.17734375 0.49375 0.1015625 0.11875
0 0.175 0.61796875 0.1015625 0.10234375
0 0.18125 0.7390625 0.0953125 0.1
0 0.18046875 0.86171875 0.1 0.1140625
0 0.06015625 0.10859375 0.09765625 0.11171875
0 0.06171875 0.240625 0.09921875 0.1125
0 0.0625 0.36796875 0.103125 0.1171875
0 0.06875 0.49609375 0.10078125 0.1234375
0 0.0703125 0.621875 0.09765625 0.115625
0 0.0765625 0.740625 0.0953125 0.09765625
0 0.0765625 0.85703125 0.1 0.1140625