0 0.7078125 0.784375 0.1359375 0.203125
0 0.6734375 0.31796875 0.1 0.17578125
0 0.6703125 0.49453125 0.10546875 0.16328125
0 0.56328125 0.321875 0.1046875 0.17578125
0 0.5640625 0.4984375 0.10234375 0.16796875
0 0.56171875 0.6640625 0.09609375 0.15078125
0 0.4140625 0.784375 0.134375 0.1984375
0 0.43359375 0.5 0.09765625 0.16875
0 0.4296875 0.3234375 0.10390625 0.16875
0 0.27421875 0.575 0.13671875 0.21875
0 0.27734375 0.790625 0.13671875 0.19921875
0 0.13125 0.78515625 0.1203125 0.2
0 0.1203125 0.57109375 0.12890625 0.215625
0 0.103125 0.3359375 0.128125 0.23046875
0 1 0.5119991609375 0.9246744796874999 0.5101851859375001 0.9172125093749999 0.6768518515624999 1 0.679594771875 1 0.5119991609375
0 1 0.6897290875000001 0.9179036453125 0.6870370375 0.911484340625 0.7805555562500001 1 0.8138848968750001 1 0.6897290875000001
0 1 0.33143330312499997 0.9606119796874999 0.3296296296875 0.9479363296875001 0.48425925937500003 1 0.4833426875 1 0.33143330312499997
0 0.908359884375 0.48333333281249996 0.9406459328125001 0.48518518593750004 0.952623015625 0.32592592656249997 0.8934244796874999 0.325 0.8896131468749999 0.4129629625 0.90940136875 0.41851851875 0.908359884375 0.48333333281249996
0 0 0.8860709015625 0.0647566828125 0.8851851859375 0.05069662968750001 0.6898148140625 0 0.6889480546875 0 0.8860709015625
0 0 0.6747628921875 0.0538210859375 0.672222221875 0.0408203125 0.4703703703125 0 0.4677160359375 0 0.6747628921875
0 0 0.4621784921875 0.041844003125 0.46388888906250003 0.0236328125 0.23611111093749998 0 0.23281716718749998 0 0.4621784921875