0 0.5970002515624999 0.356739709375 0.5146267875 0.3643941578125 0.5139179703125001 0.36989261875 0.5289482640625 0.4900502734375 0.5336440171875 0.5170228046875 0.6023489546875 0.5130144328124999 0.619254959375 0.5109386359375 0.62010764375 0.508866146875 0.6035602984375 0.389878659375 0.59850750625 0.359998278125 0.5970002515624999 0.356739709375
0 0.53079369375 0.532131225 0.5462457953125 0.6669955328125 0.54908705 0.6833729078124999 0.6114608984375 0.6796499484375 0.6362745515625 0.6766032140625 0.637672590625 0.6744637640625 0.616612546875 0.5142147734375 0.5323551953125001 0.524560275 0.5306249703125 0.5262485640625 0.53079369375 0.532131225
0 0.576438996875 0.8610514328125 0.635515859375 0.8552735515625001 0.6606021921874999 0.8521933374999999 0.6639089734375 0.8498195234375 0.640781259375 0.6794934984375 0.557981453125 0.688184190625 0.55239909375 0.6923132562500001 0.573474196875 0.859447671875 0.576438996875 0.8610514328125
0 0.8494486953125 0.82802200625 0.8360454 0.7391492625 0.8227912328125001 0.665016653125 0.8198957359374999 0.6594687984375 0.6783859015625 0.6724164874999999 0.6453919234375001 0.6764676390625 0.6418124625 0.678874934375 0.6480508515625 0.7341910453125 0.664573340625 0.8507218453125001 0.691047915625 0.8499309171875 0.763639640625 0.8415097218750001 0.8438068296875001 0.831666428125 0.8494486953125 0.82802200625
0 0.6414305687499999 0.6735103953125 0.644940725 0.67504719375 0.809628146875 0.6592536546875001 0.8158402234375 0.657998959375 0.81717875625 0.6553748671874999 0.8159140609375 0.6383119671874999 0.8052232078125 0.5692760531250001 0.794165521875 0.5017610234375 0.79208805625 0.49611272656249994 0.7839423828125 0.49514509687499997 0.6310395984375 0.5099836125 0.62095053125 0.51122239375 0.6186403015625 0.5149496921875001 0.6360260015625 0.652036325 0.6387482421875 0.6674444171875 0.6414305687499999 0.6735103953125
0 0.74424303125 0.4085172078125 0.7415554421875 0.39113706718749996 0.7392301531250001 0.387978940625 0.7308464546875 0.38507274375 0.7076093593749999 0.3874339515625 0.644348175 0.3952014484375 0.6072888890625 0.40221149843750004 0.6209949781249999 0.5048216109375 0.622893925 0.5090159828124999 0.7466202140625 0.497759890625 0.75195475 0.4961209953125 0.7545723093750001 0.49038817031250004 0.74424303125 0.4085172078125
0 0.4908137234375 0.8873072359374999 0.5298759109375 0.8785754171875 0.5165359265625 0.747387359375 0.5124796890625001 0.7188604609375 0.5095939859375 0.7088838703125 0.4206664640625 0.7217705890625 0.42465866406249997 0.7655557421875 0.4389552859375 0.8887551703125001 0.4908137234375 0.8873072359374999
0 0.330623378125 0.7323345421874999 0.329607234375 0.73983853125 0.33613862031249997 0.8133207484374999 0.3400464578125 0.8541645718750001 0.347147325 0.9029794593749999 0.436892878125 0.8899922984374999 0.43774556249999996 0.887919809375 0.4322061953125 0.831533971875 0.41969476875 0.72287379375 0.41830652500000004 0.7205845078124999 0.330623378125 0.7323345421874999
0 0.32898731406250004 0.732535425 0.24336657499999997 0.7430483296875 0.2418645796875 0.751103921875 0.2463976015625 0.8105650125 0.255775503125 0.9117387671875001 0.34796535781250004 0.9028790171875001 0.33069794375 0.7397046078125 0.32898731406250004 0.732535425
0 0.2877233859375 0.7233355015625 0.292879403125 0.72024268125 0.29586379687500003 0.7129889703125001 0.2959180421875 0.70215945 0.28463139531250004 0.601220059375 0.2688507515625 0.6011898859375 0.215465465625 0.6082367234375 0.2139883265625 0.6187490046875 0.217097725 0.650835796875 0.22110951562499997 0.6857634781249999 0.22920094687499998 0.6975606265625001 0.2536582875 0.718663103125 0.26391608125 0.7233069828125 0.2877233859375 0.7233355015625
0 0.0505783109375 0.7554049453125 0.0542593734375 0.8439955828124999 0.057993953125 0.8946996437499999 0.061113146875 0.9223576984375 0.062679909375 0.9261009093749999 0.0659173890625 0.927671190625 0.23061460625 0.9074489140625 0.232652159375 0.9037550968750001 0.1975123046875 0.7550738531250001 0.1828269046875 0.739166859375 0.0505783109375 0.7554049453125