0 0.57109375 0.490625 0.0859375 0.3203125
0 0.56953125 0.78515625 0.0828125 0.2859375
0 0.68359375 0.3890625 0.1046875 0.13515625
0 0.68125 0.50625 0.11171875 0.13515625
0 0.67578125 0.6390625 0.1 0.1171875
0 0.671875 0.75625 0.0921875 0.1046875
0 0.6640625 0.8703125 0.0984375 0.1109375
0 0.80390625 0.3796875 0.11015625 0.1171875
0 0.790625 0.50234375 0.1046875 0.13515625
0 0.78828125 0.6390625 0.10234375 0.1234375
0 0.7765625 0.75 0.09609375 0.1046875
0 0.77734375 0.8625 0.0984375 0.1078125
0 0.40078125 0.50625 0.11875 0.1296875
0 0.39609375 0.6359375 0.11796875 0.12421875
0 0.39921875 0.7578125 0.10625 0.11484375
0 0.4 0.8765625 0.10078125 0.1109375
0 0.3046875 0.6484375 0.0734375 0.17890625
0 0.309375 0.83671875 0.06875 0.1671875
0 0.9125 0.70234375 0.0671875 0.10859375
0 0.90546875 0.8375 0.0640625 0.12578125