0 0.5125 0.48828125 0.2578125 0.2359375
0 0.43671875 0.7171875 0.1078125 0.0765625
0 0.4546875 0.7796875 0.1109375 0.090625
0 0.47578125 0.8421875 0.10625 0.078125
0 0.49609375 0.8953125 0.10625 0.0828125
0 0.5140625 0.62421875 0.115625 0.09375
0 0.5359375 0.68984375 0.1078125 0.0796875
0 0.5894995734374999 0.69523296875 0.49752964375 0.7399577500000001 0.5012144640625 0.746033553125 0.5173912125 0.7869791765625 0.609730021875 0.7486559515625 0.5894995734374999 0.69523296875
0 0.56953125 0.80546875 0.1109375 0.0859375
0 0.58984375 0.86640625 0.1109375 0.084375
0 0.6140625 0.59609375 0.103125 0.0875
0 0.62890625 0.65703125 0.1015625 0.08125
0 0.6484375 0.7140625 0.1015625 0.08125
0 0.6609375 0.76796875 0.0953125 0.0734375
0 0.6765625 0.82734375 0.103125 0.08125
0 0.68048085625 0.06953797187500001 0.5338311906250001 0.10915262187500001 0.5360978953125 0.113268525 0.5862735812500001 0.27389389531249997 0.7267500671875 0.2287882234375 0.68048085625 0.06953797187500001
0 0.7242272703125 0.22856882031249998 0.5838399203125 0.2703795390625 0.5878125125 0.2847889125 0.6278534921875 0.419525590625 0.769546740625 0.3761771421875 0.7242272703125 0.22856882031249998
0 0.7587307437499999 0.38207758125 0.627675365625 0.4261154453125 0.6296628078125 0.43032750625 0.669802190625 0.5715588234375 0.7999418687500001 0.5213077359375 0.7587307437499999 0.38207758125
0 0.8293872453125 0.65479638125 0.7940483828125 0.5255131671875 0.6650812671875 0.57318436875 0.7030762187499999 0.70372915625 0.8293872453125 0.65479638125
0 0.86959343125 0.7911083031249999 0.8302139093750001 0.664304521875 0.699310809375 0.7099220828125 0.738482875 0.8438699312500001 0.86959343125 0.7911083031249999
0 0.890188765625 0.33626889531250004 0.7624980890625 0.3854591203125 0.7639958140625 0.388860525 0.8021574109375 0.521959384375 0.9270751984375 0.47111251249999997 0.890188765625 0.33626889531250004
0 0.925803140625 0.478079 0.7954465 0.52165870625 0.8004091515624999 0.533006953125 0.8362709546874999 0.6551463515625 0.9608273687500001 0.6096467703124999 0.925803140625 0.478079
0 0.99318559375 0.7356039171875 0.9615244421875 0.6159352328125001 0.8379087484375001 0.661110896875 0.8696874250000001 0.7820448609375 0.99318559375 0.7356039171875
0 0.129383040625 0.7150958515625 0.1497329375 0.7635812828125 0.22667190937499998 0.7397005 0.20354780625000002 0.6810718359375 0.1278544375 0.7122591625 0.129383040625 0.7150958515625
0 0.24676869687499997 0.7980658093749999 0.22686008750000003 0.74877561875 0.14988177656249999 0.7746285046875 0.17300456250000001 0.8247705812499999 0.24676869687499997 0.7980658093749999
0 0.24469284062500002 0.802697696875 0.1693616140625 0.8312478078125001 0.17235034062500001 0.8334828875 0.19324892031250002 0.8856965671875001 0.2672674328125 0.857598459375 0.24469284062500002 0.802697696875
0 0.28179944375 0.65673900625 0.206977034375 0.6825024281250001 0.20954317968749997 0.6855359453125 0.23130694531249998 0.7446330125 0.3040127828125 0.716987015625 0.28179944375 0.65673900625
0 0.3041603453125 0.7195475765625 0.23014181250000001 0.7476456296875 0.23283554374999998 0.74998234375 0.2535202828125 0.8048810218750001 0.3247659265625 0.775126321875 0.3041603453125 0.7195475765625
0 0.3275388328125 0.7767830234375 0.2536677859375 0.8074416031249999 0.2549220984375 0.8109268234375 0.2747415640625 0.8537192843750001 0.34452699062500003 0.8218560078125 0.3275388328125 0.7767830234375
0 0.3703125 0.7828125 0.1171875 0.1703125
0 0.1703125 0.5125 0.1140625 0.0515625
0 0.1765625 0.53046875 0.1140625 0.0515625
0 0.1828125 0.54765625 0.1140625 0.053125
0 0.18828125 0.5640625 0.1140625 0.0546875
0 0.196875 0.58125 0.115625 0.053125
0 0.203125 0.59765625 0.1125 0.0515625
0 0.209375 0.61328125 0.1140625 0.0515625
0 0.215625 0.6296875 0.1109375 0.05
0 0.2234375 0.64453125 0.1109375 0.05
0 0.22890625 0.66015625 0.1109375 0.0484375
0 0.29375 0.521875 0.140625 0.209375