0 0.55859375 0.45859375 0.2265625 0.3234375
0 0.6953125 0.71875 0.2078125 0.290625
0 0.61015625 0.315625 0.15625 0.16875
0 0.66328125 0.4203125 0.1625 0.171875
0 0.7203125 0.540625 0.14375 0.15
0 0.771875 0.6453125 0.13125 0.1359375
0 0.81875 0.75 0.1390625 0.14375
0 0.71171875 0.25078125 0.1515625 0.1546875
0 0.7578125 0.365625 0.15625 0.16875
0 0.81953125 0.4875 0.1484375 0.1578125
0 0.86171875 0.590625 0.134375 0.1375
0 0.91484375 0.68984375 0.1375 0.1421875
0 0.415625 0.55234375 0.165625 0.1703125
0 0.471875 0.66875 0.1625 0.165625
0 0.53203125 0.775 0.1484375 0.1515625
0 0.58828125 0.8796875 0.140625 0.1453125
0 0.396875 0.72265625 0.1484375 0.1921875
0 0.48984375 0.88671875 0.1390625 0.1796875
0 0.9515625 0.484375 0.096875 0.128125
0 0.97890625 0.6078125 0.0421875 0.140625