0 0.4953125 0.46640625 0.14296875 0.14375
0 0.49296875 0.61171875 0.14296875 0.134375
0 0.4953125 0.75546875 0.1421875 0.128125
0 0.353125 0.74921875 0.134375 0.1265625
0 0.34765625 0.609375 0.14296875 0.13359375
0 0.346875 0.46328125 0.14375 0.14140625
0 0.67109375 0.7390625 0.134375 0.128125
0 0.20390625 0.74375 0.1375 0.1296875
0 0.713081365625 0.3453703703125 0.599038709375 0.34722222187499996 0.596434996875 0.47407407343749997 0.7104776515625 0.471296296875 0.713081365625 0.3453703703125
0 0.9172125093749999 0.29907407343750003 0.7554036453124999 0.296296296875 0.7422429578124999 0.51851851875 0.9010694859375 0.522222221875 0.9172125093749999 0.29907407343750003
0 0.7484918703125001 0.525 0.7427637 0.6601851859375001 0.8838849765625 0.66851851875 0.89429983125 0.5324074078125001 0.7484918703125001 0.525
0 0.7479711265625 0.675 0.7406807296875 0.8055555562500001 0.8838849765625 0.8129629625 0.892216859375 0.6805555562500001 0.7479711265625 0.675
0 0.709436165625 0.5879629625 0.7090494796875 0.4731481484375 0.59122756875 0.47407407343749997 0.5881031125 0.5888888890625 0.709436165625 0.5879629625
0 0.1908203125 0.475 0.19233864843749998 0.5888888890625 0.27149154062499997 0.5944444437499999 0.27305376875 0.4796296296875 0.1908203125 0.475
0 0 0.80003009375 0.1340154640625 0.8009259265625 0.12516283749999998 0.672222221875 0 0.6740097765625 0 0.80003009375
0 0 0.67411669375 0.12568358125 0.675 0.1168309546875 0.5379629625 0 0.53433439375 0 0.67411669375
0 0 0.5296595015625 0.11578946875 0.5314814812499999 0.10745758593750002 0.39444444375 0 0.383730296875 0 0.5296595015625
0 0 0.3815473265625 0.1048828125 0.3851851859375 0.0996464453125 0.22870370312500002 0 0.2251061390625 0 0.3815473265625
0 0 0.2204449765625 0.1012086734375 0.2259259265625 0.0908203125 0.0638888890625 0 0.055633446875000006 0 0.2204449765625