0 0.859375 0.153125 0.16875 0.09375
0 0.875 0.38828125 0.25 0.3609375
0 0.86328125 0.7546875 0.246875 0.3484375
0 0.5984375 0.75390625 0.24765625 0.3609375
0 0.615625 0.38671875 0.24921875 0.35703125
0 0.646875 0.1515625 0.17578125 0.1
0 0.315625 0.29140625 0.13828125 0.1484375
0 0.34609375 0.46015625 0.04609375 0.178125
0 0.29921875 0.46171875 0.04609375 0.18125
0 0.25 0.46328125 0.046875 0.17890625
0 0.203125 0.46328125 0.04765625 0.18203125
0 0.27109375 0.66171875 0.17890625 0.1984375
0 0.271875 0.87109375 0.17890625 0.19609375