0 0.66953125 0.50703125 0.0953125 0.18125
0 0.63984375 0.6796875 0.090625 0.1703125
0 0.60546875 0.8421875 0.084375 0.159375
0 0.8 0.3625 0.115625 0.13125
0 0.7734375 0.47578125 0.11875 0.125
0 0.7484375 0.5828125 0.1140625 0.1125
0 0.725 0.6890625 0.115625 0.121875
0 0.70078125 0.79140625 0.1109375 0.1078125
0 0.68046875 0.8890625 0.1125 0.1109375
0 0.89921875 0.38125 0.1140625 0.1234375
0 0.871875 0.49375 0.11875 0.125
0 0.84765625 0.6 0.109375 0.1125
0 0.821875 0.7046875 0.1140625 0.121875
0 0.79609375 0.80625 0.103125 0.10625
0 0.775 0.9046875 0.10625 0.109375
0 0.97265625 0.40234375 0.0546875 0.1234375
0 0.9578125 0.5109375 0.084375 0.121875
0 0.9421875 0.6203125 0.1 0.115625
0 0.91796875 0.72421875 0.1078125 0.1140625
0 0.890625 0.82265625 0.103125 0.1046875
0 0.865625 0.92109375 0.0984375 0.1078125
0 0.50078125 0.85859375 0.1109375 0.1125
0 0.40546875 0.83671875 0.1140625 0.121875
0 0.309375 0.825 0.1125 0.1140625
0 0.52578125 0.7546875 0.1125 0.11875
0 0.428125 0.73671875 0.1125 0.109375
0 0.328125 0.721875 0.109375 0.1140625
0 0.54609375 0.646875 0.1125 0.1234375
0 0.56875 0.540625 0.115625 0.1265625
0 0.5859375 0.42578125 0.115625 0.1296875
0 0.56451460625 0.24203545625 0.5447863390625 0.3523820953125 0.647124175 0.361828721875 0.6681103265624999 0.2536426765625 0.6664674203125001 0.2532934671875 0.56451460625 0.24203545625
0 0.4605363359375 0.222774028125 0.44449795468750003 0.3357981984375 0.5441526343749999 0.350354171875 0.5630951609375 0.23416085 0.5635760453125 0.2314232296875 0.4605363359375 0.222774028125
0 0.4422559921875 0.34384115937500004 0.4252670515625 0.4538234484375 0.5247973921875 0.46645977031249997 0.542393228125 0.35660648125 0.5438919531249999 0.3540852109375 0.4422559921875 0.34384115937500004
0 0.42334194375 0.46288037031249996 0.40820994375 0.5666310828125 0.5064047046875 0.57803690625 0.5239591796874999 0.472907884375 0.42334194375 0.46288037031249996
0 0.4072473890625 0.57115954375 0.391606025 0.6748019875 0.48808018437499995 0.6867886984375 0.505982915625 0.585520146875 0.4072473890625 0.57115954375
0 0.30676649375 0.5554813390625 0.2895970390625 0.6587989765625 0.38907120625 0.6666903 0.4056208953125 0.564187540625 0.30676649375 0.5554813390625
0 0.407780746875 0.5561271249999999 0.4238071328125 0.45067329687499996 0.3222232921875 0.44801321875 0.307287853125 0.548019265625 0.407780746875 0.5561271249999999
0 0.424384665625 0.4479562203125 0.440615559375 0.3340263578125 0.3382095546875 0.327405075 0.323253925 0.44065939375 0.424384665625 0.4479562203125
0 0.441963134375 0.3276865125 0.46080901250000006 0.21147264687499998 0.358079534375 0.20667583125000002 0.3399983234375 0.32399884375 0.441963134375 0.3276865125
0 0.159850684375 0.82338270625 0.256312846875 0.842939759375 0.30941746875 0.53048630625 0.209445934375 0.514916371875 0.159850684375 0.82338270625
0 0.11406416562499999 0.8183835390624999 0.15430386093749998 0.82693675 0.16233314375000002 0.7841526796875 0.1221358484375 0.7756084796875 0.11406416562499999 0.8183835390624999
0 0.0764994390625 0.7696946078125 0.071650678125 0.81504794375 0.11043045468749998 0.8204510046875001 0.11602242656249999 0.7743090328125 0.0764994390625 0.7696946078125
0 0.08619315 0.7215846531250001 0.0776545046875 0.7642604562499999 0.11980731250000001 0.7713270875 0.12756134531250002 0.7275378984375 0.08619315 0.7215846531250001
0 0.161506928125 0.7830304499999999 0.172151196875 0.7379623765625001 0.1311275078125 0.728295909375 0.1208260390625 0.7715436234374999 0.161506928125 0.7830304499999999
0 0.1360583859375 0.6848532515625 0.1293085109375 0.7241228234375 0.17216319375 0.7303920328125 0.179298090625 0.6893110765625 0.1360583859375 0.6848532515625
0 0.126569184375 0.7244871734375 0.13561719375 0.6819196375 0.093430375 0.6776856109375 0.08575195625000001 0.7186510390625 0.126569184375 0.7244871734375
0 0.13364790937499998 0.6786612203125 0.1410996578125 0.6385942250000001 0.1024901140625 0.627547678125 0.094936303125 0.6704328140625 0.13364790937499998 0.6786612203125
0 0.1430809390625 0.6342823015625 0.13561719375 0.6819196375 0.179298090625 0.6893110765625 0.18782916875 0.64190060625 0.1430809390625 0.6342823015625
0 0.15042034375 0.5847253109375 0.142379065625 0.635079725 0.1849168953125 0.6403349734375 0.1940247078125 0.59020725625 0.15042034375 0.5847253109375
0 0.100294428125 0.625187746875 0.141937871875 0.632146109375 0.149594128125 0.5836030796875 0.108108121875 0.578571403125 0.100294428125 0.625187746875
0 0.1479416984375 0.581358621875 0.15540544375 0.533721284375 0.11653397812499999 0.5264055109375 0.107000128125 0.573602834375 0.1479416984375 0.581358621875
0 0.15712604531250002 0.533140396875 0.1501716609375 0.580886003125 0.1942375796875 0.5864660578125 0.2033333078125 0.543908665625 0.20379495312499998 0.5440067921875 0.15712604531250002 0.533140396875
0 0.165552346875 0.48097459843749996 0.1563679984375 0.5291928234375 0.1996638734375 0.5383956453125001 0.2094607671875 0.4950406796875 0.165552346875 0.48097459843749996
0 0.154138034375 0.5296654421875 0.16249616718749998 0.48032498749999997 0.120114178125 0.4769960875 0.11058147968750001 0.52419365625 0.154138034375 0.5296654421875
0 0.160843734375 0.478080528125 0.1695748921875 0.4344990328125 0.1295589390625 0.42504676874999997 0.12021901875 0.471338703125 0.160843734375 0.478080528125
0 0.18984375 0.459375 0.0515625 0.05625
0 0.20078125 0.40703125 0.05 0.05625
0 0.15625 0.4015625 0.05 0.05625
0 0.1640625 0.35078125 0.05 0.0515625
0 0.21171875 0.35625 0.05 0.0546875
0 0.0859375 0.33125 0.128125 0.134375
0 0.06875 0.4453125 0.1171875 0.11875
0 0.05546875 0.55234375 0.1109375 0.1140625
0 0.05 0.65390625 0.1 0.1203125
0 0.0421875 0.76015625 0.084375 0.1078125
0 0.14296875 0.22265625 0.0671875 0.1109375
0 0.09609375 0.21015625 0.0703125 0.1109375