0 0.44609375 0.1828125 0.165625 0.1796875
0 0.50078125 0.32109375 0.159375 0.1640625
0 0.54765625 0.45078125 0.1546875 0.159375
0 0.59609375 0.5734375 0.153125 0.153125
0 0.6390625 0.69609375 0.1484375 0.153125
0 0.68203125 0.8140625 0.1453125 0.146875
0 0.6140625 0.27421875 0.159375 0.1734375
0 0.6609375 0.40546875 0.1515625 0.15625
0 0.70546875 0.5296875 0.14375 0.1484375
0 0.7421875 0.64609375 0.1421875 0.1421875
0 0.78203125 0.76328125 0.1375 0.140625
0 0.3125 0.27109375 0.19375 0.1546875
0 0.3578125 0.3734375 0.1921875 0.1578125
0 0.39921875 0.47890625 0.1890625 0.1515625
0 0.44296875 0.5828125 0.184375 0.1484375
0 0.47734375 0.6796875 0.1796875 0.140625
0 0.5171875 0.771875 0.178125 0.140625
0 0.55234375 0.8609375 0.1734375 0.13125
0 0.40546875 0.91796875 0.1734375 0.1375
0 0.3671875 0.83046875 0.1796875 0.1375
0 0.32421875 0.73984375 0.18125 0.15
0 0.2859375 0.64375 0.1890625 0.15
0 0.240625 0.54453125 0.19375 0.1609375
0 0.19609375 0.4375 0.19375 0.1515625
0 0.0828125 0.6171875 0.1640625 0.14375
0 0.12578125 0.71953125 0.16875 0.14375
0 0.16953125 0.81875 0.178125 0.1421875
0 0.21171875 0.91171875 0.1765625 0.140625
0 0.25703125 0.9640625 0.1828125 0.071875
0 0.80537391875 0.629736365625 0.8776798687499999 0.6059479140625 0.8171878484375 0.41493962656249994 0.741918975 0.437881834375 0.80537391875 0.629736365625
0 0.903546725 0.75470670625 0.8590284796875001 0.6111239109375 0.798850953125 0.6312484953124999 0.8456710984375 0.773947675 0.903546725 0.75470670625
0 0.754875725 0 0.71911329375 0.0122273125 0.7616189640625 0.1466646546875 0.8770383953125 0.107318290625 0.8517850906250001 0.0212174390625 0.8436404796874999 0 0.754875725 0
0 0.9185933953125 0.24608776406250002 0.8835590578125 0.109774246875 0.7673679625000001 0.15437582968750002 0.8075453906250001 0.2847478953125 0.9185933953125 0.24608776406250002
0 0.9556803734375 0.374670740625 0.9187940390625 0.25096974843750003 0.8109950421875001 0.289374503125 0.8516894703125001 0.42053991249999995 0.9556803734375 0.374670740625
0 0.990467753125 0.5001692453125 0.9516599546875 0.3801812375 0.8453694531249999 0.42296593906249996 0.8797246921875 0.5367287171874999 0.990467753125 0.5001692453125
0 1 0.532037353125 0.9927905078125001 0.506220228125 0.8846790390624999 0.5467285328125 0.9162868968750001 0.6585705265625 1 0.6272064687500001 1 0.532037353125
0 1 0.632360371875 0.9161231796875 0.6606169734375 0.949368853125 0.7738138734375 1 0.754378396875 1 0.632360371875
0 1 0.4073304765625 0.9859666015625 0.3707722234375 0.9602701250000001 0.378859703125 0.9953756171875 0.5042360968749999 1 0.5021278062500001 1 0.4073304765625
0 0.9592377921875 0.37231337343750004 0.9838901484375 0.365362878125 0.9365622312499999 0.2420694390625 0.923123125 0.2433571625 0.9592377921875 0.37231337343750004