0 0.07421875 0.334375 0.1484375 0.2125
0 0.09765625 0.53828125 0.1859375 0.2203125
0 0.13515625 0.7453125 0.1828125 0.215625
0 0.171875 0.92109375 0.171875 0.1578125
0 0.29609375 0.2875 0.175 0.21875
0 0.3359375 0.4921875 0.1734375 0.209375
0 0.37421875 0.69140625 0.171875 0.2
0 0.41015625 0.88046875 0.1703125 0.2046875
0 0.44375 0.2671875 0.1765625 0.2125
0 0.4828125 0.4640625 0.16875 0.2046875
0 0.5203125 0.65625 0.16875 0.2078125
0 0.55390625 0.85234375 0.1703125 0.1984375
0 0.59140625 0.24296875 0.165625 0.2
0 0.6265625 0.43984375 0.1609375 0.1953125
0 0.66015625 0.63046875 0.1625 0.196875
0 0.69375 0.82421875 0.1640625 0.1921875
0 0.72890625 0.21953125 0.1640625 0.20625
0 0.7640625 0.41328125 0.1625 0.2015625
0 0.8015625 0.6046875 0.165625 0.19375
0 0.8359375 0.79765625 0.159375 0.1890625
0 0.9296875 0.57421875 0.140625 0.1984375
0 0.94453125 0.7640625 0.1109375 0.2