0 0.44296875 0.4984375 0.1703125 0.1625
0 0.603125 0.48046875 0.1703125 0.175
0 0.621875 0.63515625 0.165625 0.159375
0 0.63984375 0.7703125 0.1671875 0.1609375
0 0.46875 0.6515625 0.171875 0.1734375
0 0.4890625 0.79375 0.165625 0.146875
0 0.3375 0.8078125 0.1703125 0.159375
0 0.1890625 0.8390625 0.165625 0.1609375
0 0.16015625 0.696875 0.18125 0.1640625
0 0.128125 0.54453125 0.1890625 0.175
0 0.096875 0.38125 0.19375 0.184375
0 0.82578125 0.72890625 0.1515625 0.1484375
0 0.75078125 0.5203125 0.1375 0.1359375
0 0.73515625 0.3890625 0.1375 0.1421875
0 1 0.48283664374999996 0.8668415250000001 0.49781136562499995 0.884716115625 0.646166590625 1 0.6257463609375 1 0.48283664374999996
0 1 0.6368670640625 0.8935589296875 0.6501590578124999 0.9112240890625 0.786907053125 1 0.775986059375 1 0.6368670640625
0 0 0.31283825625 0.1730365015625 0.2928319390625 0.1230843421875 0.128316240625 0 0.141087353125 0 0.31283825625