0 0.575 0.78515625 0.178125 0.246875
0 0.5078125 0.5375 0.2 0.2484375
0 0.4421875 0.75 0.1703125 0.221875
0 0.7078125 0.8296875 0.171875 0.2171875
0 0.77890625 0.6265625 0.184375 0.2328125
0 0.8421875 0.4140625 0.190625 0.253125
0 0.26875 0.715625 0.1 0.1265625
0 0.29765625 0.58671875 0.0921875 0.1359375
0 0.32421875 0.459375 0.0890625 0.13125
0 0.359375 0.31796875 0.103125 0.1546875
0 0.23671875 0.4296875 0.15625 0.2453125
0 0.19140625 0.653125 0.15625 0.2296875
0 0.09921875 0.628125 0.1390625 0.21875
0 0.28671875 0.18671875 0.15 0.2453125
0 0.1161712609375 0.28695770781249996 0.070396059375 0.5033869796875 0.1583265015625 0.5346136968749999 0.214189040625 0.301356840625 0.1161712609375 0.28695770781249996
0 0.1665156921875 0.034701529687499996 0.105443228125 0.284083140625 0.202634053125 0.3075700359375 0.2621549796875 0.0612966828125 0.1665156921875 0.034701529687499996