0 0.625 0.26484375 0.146875 0.1015625
0 0.5671875 0.715625 0.1609375 0.115625
0 0.6171875 0.34921875 0.1390625 0.096875
0 0.5546875 0.81640625 0.1640625 0.1234375
0 0.584375 0.61953125 0.153125 0.1125
0 0.4203125 0.590625 0.1625 0.11875
0 0.70546875 0.83359375 0.159375 0.121875
0 0.40625 0.68984375 0.1640625 0.121875
0 0.7171875 0.73359375 0.15625 0.1140625
0 0.76015625 0.21484375 0.134375 0.0921875
0 0.596875 0.52265625 0.1484375 0.103125
0 0.6078125 0.4375 0.1453125 0.1
0 0.75390625 0.2921875 0.13125 0.090625
0 0.27734375 0.5796875 0.15 0.1078125
0 0.74140625 0.4578125 0.140625 0.1015625
0 0.26015625 0.6734375 0.1546875 0.1140625
0 0.24296875 0.77421875 0.1609375 0.115625
0 0.728125 0.6390625 0.146875 0.10625
0 0.31796875 0.3109375 0.140625 0.0984375
0 0.39375 0.7921875 0.159375 0.115625
0 0.74921875 0.37109375 0.1359375 0.1
0 0.73515625 0.54609375 0.1421875 0.0984375
0 0.346875 0.15078125 0.134375 0.090625
0 0.30703125 0.3953125 0.1484375 0.103125
0 0.2921875 0.48203125 0.1484375 0.1015625
0 0.86796875 0.4921875 0.128125 0.0953125
0 0.86484375 0.575 0.1328125 0.0921875
0 0.21796875 0.05703125 0.140625 0.0921875
0 0.86953125 0.41171875 0.121875 0.084375
0 0.1859375 0.21484375 0.1421875 0.0984375
0 0.23125 0.0140625 0.13125 0.028125
0 0.203125 0.13671875 0.140625 0.0921875
0 0.334375 0.22734375 0.1375 0.0921875
0 0.878125 0.33671875 0.125 0.0921875
0 0.96328125 0.5125 0.0734375 0.0875
0 0.15546875 0.38515625 0.1515625 0.10625
0 0.07890625 0.76484375 0.1578125 0.1125
0 0.85859375 0.7515625 0.1515625 0.1046875
0 0.86171875 0.66328125 0.1328125 0.1
0 0.959375 0.59296875 0.0734375 0.0796875
0 0.140625 0.47734375 0.1609375 0.10625
0 0.16953125 0.30078125 0.14375 0.0984375
0 0.0953125 0.66328125 0.159375 0.1140625
0 0.96484375 0.42578125 0.0703125 0.0828125
0 0.12109375 0.5703125 0.159375 0.109375
0 0.02421875 0.553125 0.0484375 0.09375
0 0.965625 0.34765625 0.06875 0.0796875
0 0.88203125 0.85390625 0.165625 0.1171875
0 0.0125 0.65 0.025 0.096875
0 0.03515625 0.4578125 0.0703125 0.09375
0 0.95234375 0.6765625 0.06875 0.0890625
0 0.95625 0.7671875 0.0390625 0.0875