0 0.54921875 0.325 0.1703125 0.09609375
0 0.5484375 0.43828125 0.16640625 0.10546875
0 0.5484375 0.54375 0.165625 0.090625
0 0.5453125 0.64765625 0.15625 0.0890625
0 0.54453125 0.7453125 0.1578125 0.08828125
0 0.5453125 0.83984375 0.15078125 0.08515625
0 0.37265625 0.44453125 0.165625 0.10234375
0 0.37578125 0.55859375 0.165625 0.0953125
0 0.37734375 0.66328125 0.16328125 0.09296875
0 0.38046875 0.76484375 0.15859375 0.09375
0 0.38359375 0.85546875 0.1578125 0.0859375
0 0.209375 0.5484375 0.1625 0.0984375
0 0.1326714203125 0.60679011875 0.13506397812499998 0.6956790078124999 0.29471975625 0.7030864140624999 0.293331465625 0.60555556875 0.1326714203125 0.60679011875
0 0.1357964203125 0.710493821875 0.14131137656249998 0.7969136125 0.2961080453125 0.8030864140625 0.2940255796875 0.7141975265625 0.1357964203125 0.710493821875
0 0.14269969843750002 0.7993827109375 0.144129753125 0.810493821875 0.14686463125 0.8833334031250001 0.300272978125 0.8895062062499999 0.2974963984375 0.8067901187500001 0.14269969843750002 0.7993827109375
0 0.634754753125 0.1586419703125 0.6341618 0.2623456734375 0.8021474124999999 0.2623456734375 0.8070065859375 0.157407421875 0.634754753125 0.1586419703125
0 0.638326734375 0.2722222359375 0.6389214203125 0.2753086375 0.63763255625 0.3759259390625 0.8014533 0.37839509374999997 0.8077007 0.2722222359375 0.638326734375 0.2722222359375
0 0.6357964203125 0.3864197484375 0.6341618 0.4870370515625 0.796594253125 0.4870370515625 0.8007591875 0.393209909375 0.6357964203125 0.3864197484375
0 0.634754753125 0.49567900781249996 0.6313851578125 0.5981481625 0.7910409671874999 0.5993827109375001 0.7972883671875 0.5018518656250001 0.634754753125 0.49567900781249996
0 0.6295464203125001 0.6049382671875 0.6286085781249999 0.6932099093749999 0.7840994546875 0.6932099093749999 0.787570146875 0.6030864140625 0.6295464203125001 0.6049382671875
0 0.6258319343750001 0.7055556265625 0.6274630859375 0.710493821875 0.6265261109375 0.7907408109375 0.7813227484375 0.791975303125 0.7834052140625001 0.7006173171875 0.6258319343750001 0.7055556265625
0 0.6258319343750001 0.7969136125 0.625379753125 0.8012345625 0.6244436453125 0.87839509375 0.7757695890625 0.884567896875 0.7785461687499999 0.8006173171875 0.6258319343750001 0.7969136125
0 0.8226731921875 0.10432099218749999 0.8232964203125 0.1086419703125 0.81711990625 0.24382715625 0.937902965625 0.24629631093749998 0.9483152984375 0.10555556875000001 0.8226731921875 0.10432099218749999
0 0.8212130859375 0.2549382671875 0.8136490859375 0.3882716 0.9392913187499999 0.3907407546875 0.94692694375 0.25864197031249997 0.8212130859375 0.2549382671875
0 0.8139214203125 0.3956790078125 0.8080959265625 0.529012340625 0.9295730984375 0.5314814953125 0.9365146125000001 0.39814816249999996 0.8139214203125 0.3956790078125
0 0.8067075734375001 0.5314814953125 0.8076714203125 0.534567896875 0.8004601734375001 0.6537037171875 0.9136074796875 0.6586419703125 0.9240198124999999 0.5351851984375 0.8067075734375001 0.5314814953125
0 0.8014214203125001 0.666049378125 0.7990718203125 0.783333403125 0.9101367874999999 0.784567896875 0.9149958328125001 0.6709876875 0.8014214203125001 0.666049378125
0 0.7930880859375 0.79382715625 0.7893536640625001 0.9018519218750001 0.8962536343749999 0.9043210203125 0.903195146875 0.7907408109375 0.7930880859375 0.79382715625