0 0.915625 0.53203125 0.16875 0.2171875
0 0.94453125 0.7125 0.1109375 0.20625
0 0.8203125 0.77265625 0.2484375 0.2375
0 0.76171875 0.58515625 0.246875 0.2421875
0 0.6953125 0.4015625 0.25 0.234375
0 0.6703125 0.73515625 0.1390625 0.3375
0 0.546875 0.72734375 0.296875 0.465625
0 0.26328125 0.33828125 0.146875 0.1578125
0 0.30234375 0.45625 0.1390625 0.14375
0 0.34453125 0.58046875 0.1421875 0.1515625
0 0.38203125 0.69921875 0.14375 0.146875
0 0.42265625 0.8203125 0.1390625 0.146875
0 0.465625 0.93046875 0.1375 0.1390625
0 0.36015625 0.9515625 0.1421875 0.096875
0 0.3171875 0.8609375 0.1421875 0.146875
0 0.27578125 0.73828125 0.14375 0.1546875
0 0.23828125 0.615625 0.140625 0.1484375
0 0.19921875 0.49609375 0.140625 0.1546875