0 0.66875 0.1734375 0.0890625 0.090625
0 0.6921875 0.26171875 0.0875 0.1
0 0.71328125 0.35625 0.090625 0.10625
0 0.73671875 0.45234375 0.0953125 0.10625
0 0.7640625 0.55078125 0.0984375 0.103125
0 0.790625 0.65625 0.1 0.11875
0 0.8109375 0.7625 0.1078125 0.109375
0 0.9265625 0.74375 0.1015625 0.1125
0 0.88515625 0.6375 0.1078125 0.1140625
0 0.859375 0.5328125 0.096875 0.1046875
0 0.83359375 0.43515625 0.096875 0.10625
0 0.8 0.3421875 0.0890625 0.1015625
0 0.778125 0.24921875 0.09375 0.096875
0 0.74765625 0.159375 0.090625 0.09375
0 0.82578125 0.14609375 0.08125 0.0890625
0 0.85625 0.234375 0.0828125 0.1
0 0.87578125 0.325 0.0921875 0.0921875
0 0.91171875 0.4171875 0.0875 0.1046875
0 0.9453125 0.51484375 0.0828125 0.1109375
0 0.96640625 0.6203125 0.0671875 0.1125
0 0.98203125 0.7234375 0.0359375 0.115625
0 0.30703125 0.5109375 0.6140625 0.68125