0 0.78671875 0.6875 0.146875 0.1921875
0 0.7296875 0.51640625 0.1703125 0.2078125
0 0.6328125 0.5609375 0.15625 0.2046875
0 0.690625 0.725 0.1390625 0.1765625
0 0.6 0.7578125 0.15 0.1875
0 0.5359375 0.6 0.1765625 0.23125
0 0.47265625 0.41015625 0.1625 0.2046875
0 0.31484375 0.465625 0.140625 0.1890625
0 0.23203125 0.48984375 0.1484375 0.2140625
0 0.3953125 0.6453125 0.14375 0.2015625
0 0.315625 0.67578125 0.1390625 0.1875
0 0.2421875 0.7 0.15 0.2046875
0 0.1640625 0.73046875 0.146875 0.2078125
0 0.24453125 0.2765625 0.128125 0.18125
0 0.16640625 0.30546875 0.1359375 0.184375
0 0.24026343906249997 0.608599971875 0.1528435078125 0.416317321875 0.07800385 0.4478855453125 0.1616238515625 0.62938945 0.24026343906249997 0.608599971875
0 0.6621617828125 0.374253584375 0.620500784375 0.2433437421875 0.548317115625 0.26851471718750003 0.5945830765625 0.401557153125 0.6621617828125 0.374253584375