0 0.50546875 0.61171875 0.1109375 0.11875
0 0.2703125 0.415625 0.1125 0.1171875
0 0.3828125 0.37265625 0.10625 0.109375
0 0.5390625 0.51640625 0.1109375 0.1140625
0 0.4953125 0.309375 0.103125 0.1046875
0 0.52578125 0.2265625 0.1015625 0.1015625
0 0.4640625 0.396875 0.1015625 0.1078125
0 0.303125 0.33046875 0.109375 0.1109375
0 0.5703125 0.42578125 0.109375 0.109375
0 0.41640625 0.28515625 0.103125 0.10625
0 0.15078125 0.70703125 0.1203125 0.128125
0 0.684375 0.671875 0.109375 0.115625
0 0.23984375 0.74609375 0.121875 0.121875
0 0.44453125 0.81171875 0.1140625 0.1203125
0 0.33828125 0.24609375 0.10625 0.1078125
0 0.59921875 0.3390625 0.1078125 0.1078125
0 0.47578125 0.71171875 0.1125 0.11875
0 0.37109375 0.16484375 0.103125 0.103125
0 0.7359375 0.4828125 0.10625 0.109375
0 0.2796875 0.64765625 0.115625 0.1203125
0 0.19453125 0.60546875 0.11875 0.1265625
0 0.36640625 0.675 0.1125 0.1203125
0 0.34921875 0.4625 0.1109375 0.115625
0 0.5515625 0.15078125 0.1 0.0953125
0 0.534375 0.846875 0.1203125 0.1265625
0 0.3140625 0.55546875 0.1125 0.1171875
0 0.44765625 0.20546875 0.1 0.103125
0 0.5625 0.74140625 0.1171875 0.121875
0 0.59453125 0.640625 0.1140625 0.1171875
0 0.7609375 0.3921875 0.103125 0.1046875
0 0.65078125 0.77109375 0.1109375 0.115625
0 0.33125 0.77890625 0.11875 0.1234375
0 0.68203125 0.365625 0.1015625 0.103125
0 0.403125 0.08203125 0.1015625 0.1015625
0 0.62265625 0.25390625 0.0984375 0.1
0 0.70859375 0.575 0.1015625 0.109375
0 0.621875 0.87421875 0.1171875 0.125
0 0.40078125 0.57890625 0.1109375 0.1125
0 0.6265625 0.54296875 0.1109375 0.1109375
0 0.43515625 0.48125 0.10625 0.1109375
0 0.64921875 0.453125 0.103125 0.10625
0 0.23359375 0.51015625 0.1109375 0.115625
0 0.47578125 0.12578125 0.0953125 0.0953125
0 0.88515625 0.76328125 0.1421875 0.178125
0 0.9296875 0.6078125 0.140625 0.175
0 0.6859375 0.175 0.1015625 0.1015625
0 0.7859375 0.3046875 0.0984375 0.1015625
0 0.703125 0.2796875 0.096875 0.1015625
0 0.06484375 0.43828125 0.1140625 0.1203125
0 0.1453125 0.2453125 0.1078125 0.1125
0 0.10703125 0.33984375 0.103125 0.1140625
0 0.834375 0.9140625 0.134375 0.171875
0 0.01328125 0.64140625 0.0265625 0.1359375
0 0.18515625 0.15234375 0.103125 0.10625
0 0.0375 0.5375 0.075 0.128125
0 0.08515625 0.22265625 0.0578125 0.0953125