0 0.39765625 0.4265625 0.2046875 0.20625
0 0.5375 0.48828125 0.1984375 0.203125
0 0.4640625 0.628125 0.1890625 0.1875
0 0.40703125 0.75859375 0.184375 0.184375
0 0.33515625 0.55625 0.1890625 0.1859375
0 0.27734375 0.68671875 0.18125 0.178125
0 0.14609375 0.61328125 0.1796875 0.1703125
0 0.57890625 0.81640625 0.178125 0.175
0 0.8815145953125001 0.7075187781250001 0.9900781921874999 0.5157659953125 0.8494354312500001 0.43818223593749994 0.7379850015625 0.6473981703125 0.8815145953125001 0.7075187781250001
0 0.8017437546874999 0.8391678984375 0.864469809375 0.7227190859375 0.7372179875 0.6582933734374999 0.6726675484375 0.7776170265625 0.8017437546874999 0.8391678984375
0 0.722051890625 0.5895867578125 0.7783955078125 0.4769700015625 0.67126128125 0.4300189875 0.622221296875 0.5375882953125 0.722051890625 0.5895867578125
0 0.660874209375 0.6945025546875 0.7205784921875 0.5861763015625 0.61175773125 0.543602440625 0.5614739296875 0.64815144375 0.660874209375 0.6945025546875
0 0.7342489109375 0.9806263515625 0.8033409609375 0.852167721875 0.6706537515625 0.7805008953125 0.6146841953125 0.9085326406249999 0.7342489109375 0.9806263515625
0 0 0.62444231875 0.043140871875 0.64610245 0.1042697609375 0.5166537296875 0 0.46475350468750004 0 0.62444231875