0 0.253125 0.86875 0.07734375 0.0515625
0 0.51171875 0.67265625 0.0890625 0.053125
0 0.2515625 0.815625 0.078125 0.053125
0 0.5125 0.7796875 0.08671875 0.053125
0 0.425 0.725 0.084375 0.05234375
0 0.51328125 0.725 0.0890625 0.0515625
0 0.1078125 0.3375 0.1359375 0.07734375
0 0.4265625 0.6140625 0.08515625 0.05
0 0.51171875 0.6171875 0.0875 0.05078125
0 0.81875 0.77421875 0.08828125 0.05625
0 0.4234375 0.66875 0.08203125 0.0546875
0 0.815625 0.71953125 0.0859375 0.05390625
0 0.25 0.92265625 0.0796875 0.053125
0 0.08125 0.60859375 0.1453125 0.0890625
0 0.08828125 0.51171875 0.13515625 0.08359375
0 0.334375 0.75625 0.08046875 0.0515625
0 0.5140625 0.45546875 0.0796875 0.05078125
0 0.51484375 0.5625 0.08671875 0.05234375
0 0.115625 0.2515625 0.1328125 0.07578125
0 0.509375 0.84296875 0.08828125 0.0546875
0 0.7171875 0.575 0.08203125 0.05
0 0.73125 0.78203125 0.0875 0.0515625
0 0.4328125 0.5046875 0.0828125 0.0484375
0 0.515625 0.5046875 0.08515625 0.04921875
0 0.7203125 0.625 0.08359375 0.05390625
0 0.734375 0.83828125 0.08359375 0.05390625
0 0.821875 0.83125 0.08671875 0.05390625
0 0.42421875 0.7828125 0.0875 0.0546875
0 0.25 0.76171875 0.07578125 0.05
0 0.79375 0.46875 0.08359375 0.0515625
0 0.88984375 0.56015625 0.08515625 0.05078125
0 0.42109375 0.8375 0.090625 0.046875
0 0.7171875 0.5234375 0.08203125 0.053125
0 0.9078125 0.7703125 0.0875 0.05703125
0 0.7953125 0.51640625 0.07734375 0.05
0 0.60390625 0.4671875 0.08046875 0.05390625
0 0.43203125 0.559375 0.08515625 0.05078125
0 0.8125 0.665625 0.08359375 0.04921875
0 0.7296875 0.7296875 0.0859375 0.05234375
0 0.91328125 0.83046875 0.08203125 0.05625
0 0.7125 0.47265625 0.078125 0.05078125
0 0.896875 0.6640625 0.078125 0.046875
0 0.89296875 0.6125 0.0828125 0.05078125
0 0.76484375 0.334375 0.08046875 0.04921875
0 0.72265625 0.67890625 0.08203125 0.05
0 0.90390625 0.71484375 0.0828125 0.0515625
0 0.60390625 0.51875 0.084375 0.05
0 0.9375 0.328125 0.07265625 0.04765625
0 0.25546875 0.709375 0.07578125 0.05078125
0 0.6046875 0.73671875 0.08515625 0.05390625
0 0.78515625 0.41875 0.08515625 0.0515625
0 0.94140625 0.37578125 0.07890625 0.04296875
0 0.79921875 0.5671875 0.07890625 0.046875
0 0.8078125 0.61484375 0.08203125 0.05078125
0 0.60546875 0.57578125 0.08515625 0.05390625
0 0.60703125 0.7921875 0.0921875 0.05625
0 0.1015625 0.425 0.13984375 0.08046875
0 0.871875 0.46328125 0.07265625 0.0453125
0 0.60390625 0.6796875 0.08125 0.0546875
0 0.9625 0.51875 0.075 0.05
0 0.96640625 0.5703125 0.06640625 0.04921875
0 0.70625 0.43046875 0.07734375 0.0453125
0 0.60390625 0.85078125 0.0921875 0.05625
0 0.07734375 0.703125 0.14765625 0.09609375
0 0.8609375 0.37890625 0.07421875 0.04140625
0 0.60234375 0.6265625 0.08125 0.04765625
0 0.86484375 0.4203125 0.06953125 0.040625
0 0.96796875 0.61875 0.0640625 0.04921875
0 0.88125 0.5078125 0.08203125 0.04453125
0 0.96875 0.66875 0.06171875 0.04921875
0 0.95 0.41875 0.0796875 0.04140625
0 0.9578125 0.46953125 0.0796875 0.04765625
0 0.97890625 0.8296875 0.04140625 0.0546875
0 0.30625 0.871875 0.025 0.14921875
0 0.78125 0.37421875 0.08203125 0.04921875
0 0.3421875 0.86484375 0.03125 0.15546875
0 0.6625 0.61796875 0.03125 0.146875
0 0.07734375 0.803125 0.15 0.09609375
0 0.97734375 0.77578125 0.04453125 0.05078125
0 0.665625 0.790625 0.0359375 0.18984375
0 0.025 0.2359375 0.05 0.078125
0 0.97265625 0.71640625 0.0546875 0.0515625