0 0.3796875 0.4046875 0.2203125 0.253125
0 0.31875 0.57265625 0.1734375 0.171875
0 0.26875 0.703125 0.16875 0.1671875
0 0.14140625 0.6578125 0.165625 0.1671875
0 0.0265625 0.6109375 0.053125 0.15625
0 0.04921875 0.48359375 0.0984375 0.1578125
0 0.07109375 0.353125 0.1375 0.1640625
0 0.6875 0.375 0.10625 0.1171875
0 0.65 0.4640625 0.109375 0.1078125
0 0.77109375 0.3828125 0.0953125 0.10625
0 0.7359375 0.471875 0.103125 0.103125
0 0.7 0.55859375 0.096875 0.0953125
0 0.6609375 0.64296875 0.09375 0.1046875
0 0.62265625 0.72109375 0.090625 0.1
0 0.5875 0.796875 0.0921875 0.0984375
0 0.72109375 0.71640625 0.0828125 0.078125
0 0.69140625 0.76640625 0.084375 0.06875
0 0.66640625 0.8171875 0.0765625 0.071875
0 0.7875 0.74296875 0.08125 0.078125
0 0.7789739796874999 0.837185890625 0.80325870625 0.7869998687499999 0.7420379609375 0.7565568203125 0.717610403125 0.8066880140625001 0.7789739796874999 0.837185890625
0 0.7137211609375 0.8051950734375 0.6910723875 0.8540254781250001 0.7542494078125 0.8812522656249999 0.7749053921875 0.8366159078125 0.7137211609375 0.8051950734375
0 0.8973077249999999 0.86019204375 0.911738784375 0.82259785 0.8527462203124999 0.7980619375 0.78388935625 0.93626921875 0.8455615999999999 0.96886918125 0.8973077249999999 0.86019204375
0 0.8437332515625 0.7033565 0.9025580312500001 0.7259372171875 0.9787535921874999 0.5637683734375 0.9234897906249999 0.5425545875 0.8437332515625 0.7033565
0 0.892086665625 0.5890163125 0.897881975 0.575372109375 0.80651639375 0.5333575421875001 0.7997403328125 0.5505924734375001 0.892086665625 0.5890163125
0 0.7989455109375 0.5483037687500001 0.7928183796875 0.5628123984375 0.8861153093749999 0.6035847390625 0.8904507109375001 0.5903719296875 0.7989455109375 0.5483037687500001
0 0.8787057578124999 0.6166092937500001 0.885959534375 0.6035249421875 0.7908506015625 0.5650324421875 0.7860123796875 0.5780522375 0.8787057578124999 0.6166092937500001
0 0.7850552921875 0.578676646875 0.779414315625 0.59337189375 0.8710748687500001 0.635499690625 0.87852826875 0.6185247640625 0.7850552921875 0.578676646875
0 0.8631795828125 0.6483377875 0.870433359375 0.6352534375000001 0.779236825 0.5952873640624999 0.7739353515625 0.6051539296875 0.8631795828125 0.6483377875
0 0.8567206296875 0.6637108453125 0.8639744046875 0.65062649375 0.7729322046875 0.6117114640625 0.7670985156250001 0.6273245375000001 0.8567206296875 0.6637108453125
0 0.7666507390625 0.62516905 0.76103291875 0.636897784375 0.8501076015625 0.6770411546874999 0.8577160953125 0.661117565625 0.7666507390625 0.62516905
0 0.8449756765625 0.6899482078125 0.8507478296875 0.67927051875 0.7608554296875 0.638813253125 0.7535627671875 0.6538662796875 0.8449756765625 0.6899482078125
0 0.752938009375 0.6536264578125001 0.7487554984375 0.6688815578125 0.8381849890625 0.705193925 0.8426760765625 0.6930326796874999 0.752938009375 0.6536264578125001
0 0.8300899921875 0.7229143640625 0.8386710546874999 0.7063723093750001 0.7484236765625 0.6697459828125 0.7421422109375 0.6832035703125 0.8300899921875 0.7229143640625
0 0.49896385312499997 0.8110277484375 0.50800015625 0.819455465625 0.657497378125 0.5535149734375 0.647118709375 0.5445719703125 0.49896385312499997 0.8110277484375
0 0.6437306984375 0.5472386390625 0.63387641875 0.53948873125 0.4858376625 0.8059890765625 0.4963555875 0.8120101312499999 0.6437306984375 0.5472386390625
0 0.4717391609375 0.80057716875 0.481747775 0.8093781203124999 0.6299640203125 0.54096230625 0.620264071875 0.534263440625 0.4717391609375 0.80057716875
0 0.4581268140625 0.795351878125 0.46846725312500004 0.8032884046875 0.617810140625 0.53629686875 0.6061201484375001 0.5278422953125 0.4581268140625 0.795351878125
0 0.446150425 0.788770971875 0.455850371875 0.7954698359375 0.6027393296875 0.5305117265625 0.593371203125 0.522948434375 0.446150425 0.788770971875
0 0.59124909375 0.524117434375 0.5783003921875001 0.5171632921875 0.43294440156249997 0.7856852562500001 0.4418598921875 0.797042 0.59124909375 0.524117434375
0 0.41958937656249995 0.7765915390625 0.43090212499999997 0.7849013 0.5748741500000001 0.518823484375 0.5650986 0.5140792000000001 0.41958937656249995 0.7765915390625
0 0.407921653125 0.7721127203125 0.41662613281249994 0.7814048609375 0.5632295796875 0.51137815 0.5523249328125 0.5052086453125 0.407921653125 0.7721127203125
0 0.2860438828125 0.435722359375 0.3259088578125 0.326058171875 0.25756161875 0.2948631203125 0.219155109375 0.405087159375 0.2860438828125 0.435722359375
0 0.216744015625 0.4071370296875 0.178958315625 0.5156157718750001 0.2523445953125 0.5467615296874999 0.276081459375 0.4834717890625 0.2683029765625 0.480485909375 0.284384771875 0.44004449062499995 0.216744015625 0.4071370296875