0 0.40859375 0.50078125 0.19375 0.325
0 0.48203125 0.365625 0.1390625 0.153125
0 0.596875 0.3375 0.1390625 0.1484375
0 0.52109375 0.49453125 0.1328125 0.1546875
0 0.62734375 0.46328125 0.1421875 0.15
0 0.6625 0.5734375 0.1375 0.15
0 0.553125 0.61015625 0.1328125 0.1421875
0 0.58515625 0.73125 0.125 0.1328125
0 0.690625 0.6984375 0.1328125 0.134375
0 0.728125 0.80625 0.1328125 0.1296875
0 0.62109375 0.83828125 0.1234375 0.1296875
0 0.49765625 0.784375 0.1671875 0.284375
0 0.24609375 0.56171875 0.1484375 0.146875
0 0.28828125 0.68671875 0.146875 0.15
0 0.325 0.80234375 0.134375 0.1390625
0 0.365625 0.91640625 0.13125 0.1375
0 0.21015625 0.73984375 0.121875 0.2015625
0 0.26328125 0.90859375 0.11875 0.18125
0 0.8561188078124999 0.66180075625 0.826314896875 0.54057444375 0.7594701765625 0.5626795171875 0.791367375 0.680306796875 0.8561188078124999 0.66180075625
0 0.859856575 0.66452938125 0.7938930562500001 0.6885679265625 0.82629445625 0.8064191890625001 0.8981605968749999 0.7921905515625001 0.859856575 0.66452938125
0 0.8784202999999999 0.376239228125 0.8032210796875001 0.4056823265625 0.8377872515625 0.5306146015625 0.9076040734375 0.5144312921874999 0.8784202999999999 0.376239228125
0 0.9499487625 0.6434378265625 0.9171288015625001 0.5218431546875 0.841869384375 0.54716988125 0.8788481453125 0.676789790625 0.9499487625 0.6434378265625
0 0.9737643234375 0.7806903000000001 0.94227205625 0.6586896140625 0.877640325 0.6879234609375 0.9047848265624999 0.8043603640624999 0.9737643234375 0.7806903000000001