0 0.73828125 0.5859375 0.08515625 0.09453125
0 0.74453125 0.69140625 0.084375 0.1015625
0 0.721875 0.28671875 0.0796875 0.0890625
0 0.725 0.38046875 0.07578125 0.08828125
0 0.8109375 0.38203125 0.08125 0.08359375
0 0.728125 0.48203125 0.07734375 0.09453125
0 0.75546875 0.8046875 0.090625 0.10078125
0 0.9015625 0.38359375 0.08125 0.08984375
0 0.7125 0.19375 0.0796875 0.08359375
0 0.81640625 0.48359375 0.0828125 0.0921875
0 0.83125 0.58671875 0.0796875 0.08984375
0 0.91953125 0.58984375 0.07890625 0.09296875
0 0.83984375 0.6921875 0.0890625 0.1
0 0.803125 0.2890625 0.078125 0.08515625
0 0.79453125 0.09609375 0.07578125 0.084375
0 0.90703125 0.48515625 0.0765625 0.09765625
0 0.79609375 0.1953125 0.07734375 0.08671875
0 0.9296875 0.69453125 0.0828125 0.10078125
0 0.88984375 0.2890625 0.07578125 0.084375
0 0.87734375 0.19375 0.06796875 0.08046875
0 0.85078125 0.80546875 0.08515625 0.10390625
0 0.94375 0.80546875 0.0890625 0.1046875
0 0.98125 0.23671875 0.0375 0.08125
0 0.9765625 0.15234375 0.04609375 0.0796875
0 0.22578125 0.6 0.43203125 0.48046875
0 0.9875 0.321875 0.02421875 0.07890625