0 0.9703125 0.80859375 0.059375 0.0421875
0 0.96484375 0.77109375 0.0703125 0.0359375
0 0.9640625 0.73828125 0.071875 0.0359375
0 0.965625 0.703125 0.06875 0.03125
0 0.95078125 0.659375 0.0890625 0.05
0 0.9829744375 0.63408651875 0.9753793328125001 0.583633621875 0.897525865625 0.5965148734375 0.9051751593749999 0.6401196125 0.9829744375 0.63408651875
0 0.9718832828125 0.5799052312499999 0.96329319375 0.5314602859375 0.8858005734375001 0.5433447234375001 0.894543990625 0.5947153421875 0.9718832828125 0.5799052312499999
0 0.961098784375 0.5315752890625001 0.95545614375 0.48688748437499996 0.87914483125 0.49773210937499995 0.8828531249999999 0.53958758125 0.961098784375 0.5315752890625001
0 0.9520623125000001 0.48510954218749996 0.9454246859375001 0.44242968749999995 0.8731061515625 0.45599876874999995 0.8778101953125 0.49584625000000004 0.9520623125000001 0.48510954218749996
0 0.9365959421875001 0.4419144796875 0.9374615078125 0.416443646875 0.8711274437500001 0.42872119218750004 0.873366975 0.45305139062500005 0.9365959421875001 0.4419144796875
0 0.9441844609375 0.408268090625 0.9367937953125001 0.361716090625 0.8612851984375001 0.3774081609375 0.8688351390625 0.41906230000000005 0.9441844609375 0.408268090625
0 0.9226323578125 0.364414065625 0.9202199125 0.34987195625 0.8527354328125 0.36123188906250003 0.8579109140625001 0.3785629015625 0.9226323578125 0.364414065625
0 0.7968458609375 0.3260227328125 0.7921095859375 0.288132746875 0.7113181125 0.287477334375 0.7135094546875 0.3313681125 0.7968458609375 0.3260227328125
0 0.8049384578125001 0.3754716546875 0.799997746875 0.333680771875 0.7183071453125 0.33893989687500004 0.722655746875 0.37782810312500004 0.8049384578125001 0.3754716546875
0 0.8133752187500001 0.42099092968749996 0.8083833968749999 0.378224821875 0.7256978125 0.38549189687499996 0.729987703125 0.42536108281249996 0.8133752187500001 0.42099092968749996
0 0.7375795140625 0.4337643375 0.7398283250000001 0.4766742 0.82141670625 0.4694646265625 0.8187215125 0.4285339625 0.7375795140625 0.4337643375
0 0.8308109453125001 0.5227569437499999 0.8266096718749999 0.47408198749999997 0.7426224453125 0.4775056703125 0.74722840625 0.5212699015625 0.8308109453125001 0.5227569437499999
0 0.8377552296875 0.5712881421875 0.834651159375 0.5225556859375 0.7514268640624999 0.5278951890625 0.7532193984375 0.5747405750000001 0.8377552296875 0.5712881421875
0 0.84440645625 0.6247242140625 0.84120016875 0.574041309375 0.75541380625 0.5746255703125 0.7593321078125 0.6262490640625 0.84440645625 0.6247242140625
0 0.8499604796875 0.6782177875000001 0.8478002874999999 0.62650215625 0.7614653234375 0.62711516875 0.76336996875 0.6739546796875 0.8499604796875 0.6782177875000001
0 0.85935471875 0.731510103125 0.8548978984375 0.677959028125 0.7683073874999999 0.6736959203125 0.770965071875 0.7244075765625 0.85935471875 0.731510103125
0 0.8675120250000001 0.792690465625 0.86399908125 0.736156215625 0.7774085703125 0.731893109375 0.779235159375 0.785582028125 0.8675120250000001 0.792690465625
0 0.8744699078125 0.8519778828125 0.8717986234374999 0.7905100093749999 0.7825673203125 0.78834110625 0.7836303078125 0.8401142390624999 0.8744699078125 0.8519778828125
0 0.779687875 0.838365046875 0.778025175 0.785645440625 0.6905506890625001 0.7941413953125 0.6949612093749999 0.8486727999999999 0.779687875 0.838365046875
0 0.7783693406250001 0.78171579375 0.7728153171875001 0.7282222203125001 0.687330609375 0.732702284375 0.69079744375 0.790216853125 0.7783693406250001 0.78171579375
0 0.6815260390625 0.6762881328125 0.682793465625 0.7319621625 0.7706209078125 0.728337225 0.768368484375 0.672714815625 0.6815260390625 0.6762881328125
0 0.7628213671874999 0.67398343125 0.7601636828125 0.623271775 0.6759294109375 0.6306200140625 0.6783366453124999 0.6784110875 0.7628213671874999 0.67398343125
0 0.7566165234375 0.618568159375 0.7545585484374999 0.5688029765625 0.6710772234375 0.5800233671874999 0.6751814671874999 0.62870340625 0.7566165234375 0.618568159375
0 0.7518019375 0.558190515625 0.747307609375 0.5144204328125 0.6664671703125 0.5235466140625 0.66847913125 0.5742921109375 0.7518019375 0.558190515625
0 0.7412729875 0.51473669375 0.7370206046875001 0.4650865140625 0.6596761203125 0.47794109218749997 0.662134559375 0.5267073843750001 0.7412729875 0.51473669375
0 0.7303862703124999 0.46445630312499997 0.7265938703125 0.4235831421875 0.651341290625 0.43437228125000005 0.6540419625 0.47725846250000004 0.7303862703124999 0.46445630312499997
0 0.64196613125 0.3937917 0.6463071296875 0.43463610937499997 0.7244505734375 0.42467337031249996 0.7181643296875 0.3761076828125 0.64196613125 0.3937917
0 0.713819403125 0.3792691 0.7082278703125 0.33555651875 0.6344292078125 0.3531147796875 0.6373728765625 0.3901208109375 0.713819403125 0.3792691
0 0.6227856734375 0.33221113281250003 0.61580388125 0.2934609265625 0.541492071875 0.3120239828125 0.5444138859375001 0.3588101859375 0.6227856734375 0.33221113281250003
0 0.6398978484375 0.37531994218750003 0.6326094015625 0.330718390625 0.5560156140625 0.35820216562499996 0.5619724453125 0.399939796875 0.6398978484375 0.37531994218750003
0 0.6467399140625 0.42190069374999994 0.6403953421875 0.3743159671875 0.563018540625 0.3989070703125 0.5659999250000001 0.4437343453125 0.6467399140625 0.42190069374999994
0 0.6547814 0.4703743921875 0.648641265625 0.42669056093749996 0.5704092078125 0.4454590703125 0.57323793125 0.48736063906249993 0.6547814 0.4703743921875
0 0.6614326296875 0.5238104625 0.65743579375 0.47903640468750003 0.5756054640625 0.492126075 0.5800937890625 0.5446975968750001 0.6614326296875 0.5238104625
0 0.665034190625 0.57153894375 0.6616881765625 0.528686584375 0.58011339375 0.5466523750000001 0.5839372953125 0.5865459828125 0.665034190625 0.57153894375
0 0.67497703125 0.624802509375 0.6700738281249999 0.5732306328125001 0.5868021296875 0.590307453125 0.5911877578125 0.6409285515625001 0.67497703125 0.624802509375
0 0.677685825 0.676489390625 0.6727826234375 0.6249175140625 0.59000841875 0.6409903578125 0.5931947171874999 0.6897185046875001 0.677685825 0.676489390625
0 0.6833420671875 0.7319334125 0.6789874671875 0.680332784375 0.5948094015625001 0.6906117859375 0.59814874375 0.7422656203125 0.6833420671875 0.7319334125
0 0.689802459375 0.792224803125 0.6840439968750001 0.7348303328125 0.5981179078125 0.7432451390625 0.5999339359375 0.79889041875 0.689802459375 0.792224803125
0 0.693659565625 0.84482940625 0.687849996875 0.7864597109375 0.60137530625 0.79490326875 0.60502091875 0.85240846875 0.693659565625 0.84482940625
0 0.6047485218750001 0.8592680625 0.600533646875 0.7998368921875 0.5109350859374999 0.81039996875 0.5143313953125 0.8659624296875 0.6047485218750001 0.8592680625
0 0.5982881296875 0.798976671875 0.5943799125 0.7453968453125001 0.509031490625 0.763560403125 0.5108184515625 0.8094281796875 0.5982881296875 0.798976671875
0 0.591981065625 0.741610953125 0.5894256 0.6928497453125 0.5077137203125 0.706911109375 0.5075099468750001 0.756794825 0.591981065625 0.741610953125
0 0.591020296875 0.6917882671875 0.587814009375 0.6411053625 0.5048516921874999 0.6522985515624999 0.508539146875 0.7029562406250001 0.591020296875 0.6917882671875
0 0.5875584625 0.6362292421875 0.58405911875 0.5904512078125 0.5011479109375 0.602619621875 0.5038403828125 0.6552852609375 0.5875584625 0.6362292421875
0 0.5816602750000001 0.586665315625 0.5769103999999999 0.5380191125 0.49574750312500004 0.55205170625 0.49928134375 0.5997837359375 0.5816602750000001 0.586665315625
0 0.578109821875 0.5399120578125001 0.574852425 0.4882539296875 0.49394526718750004 0.507162634375 0.4967258765625 0.5510225296875 0.578109821875 0.5399120578125001
0 0.5721094156250001 0.48839768437500003 0.5672062125 0.43682580781249997 0.488783315625 0.46244963749999995 0.490483525 0.50538825 0.5721094156250001 0.48839768437500003
0 0.562612959375 0.4331549203125 0.5576347390625 0.401145028125 0.4836043359375 0.414803825 0.4845853359375 0.45582432500000003 0.562612959375 0.4331549203125
0 0.3678217109375 0.4531425234375 0.3707724515625 0.4989493078125 0.4542996953125 0.4867486078125 0.44980555781250003 0.442978515625 0.3678217109375 0.4531425234375
0 0.45546509375 0.5404721796875 0.453713584375 0.4965583515625 0.37167881875000003 0.505747125 0.37272820625 0.5467640421875 0.45546509375 0.5404721796875
0 0.4541937546875 0.600190871875 0.4541768609375 0.5473850125 0.37224431406249997 0.558524234375 0.37455134375 0.612187975 0.4541937546875 0.600190871875
0 0.456353946875 0.651906503125 0.45594177968749994 0.6020550671875 0.376701134375 0.612075309375 0.37635300625 0.6570770765625 0.456353946875 0.651906503125
0 0.4592162609375 0.7065190453125 0.457706696875 0.656725121875 0.3722271828125 0.66316071875 0.3729322140625 0.7081072921875 0.4592162609375 0.7065190453125
0 0.45768937656249997 0.7613616171875 0.45827219374999995 0.7095022296875 0.37264802812500003 0.7159454078125 0.37659867812500003 0.7675672046875001 0.45768937656249997 0.7613616171875
0 0.46030955156250003 0.821854265625 0.46029265781250006 0.76904840625 0.3740601046875 0.7716118562500001 0.3750028734375 0.8224133874999999 0.46030955156250003 0.821854265625
0 0.4611305953125 0.87950749375 0.4589704015625 0.8277918625 0.37273765625 0.830355325 0.3727920578125 0.8733801906249999 0.4611305953125 0.87950749375
0 0.3653103390625 0.4786996078125 0.3650514984375 0.4317738453125 0.2798063375 0.4421087703125 0.2796909046875 0.492965759375 0.3653103390625 0.4786996078125
0 0.36942299375 0.53618033125 0.3671605828125 0.4825142515625 0.28149003906250003 0.4958051796875 0.28008082968750003 0.5418404578125 0.36942299375 0.53618033125
0 0.37262947031250004 0.5868632265625 0.3700227046875 0.5371268046875 0.278559484375 0.5448538968750001 0.2792412234375 0.5888237890625 0.37262947031250004 0.5868632265625
0 0.3763466609375 0.6472983828125 0.3734845390625 0.5926858296875 0.2774280640625 0.596742034375 0.277049684375 0.6525023171875 0.3763466609375 0.6472983828125
0 0.3718725203125 0.6983838015625 0.369419271875 0.6515730421875 0.27850465468749996 0.659271384375 0.28093308125 0.7051055421875 0.3718725203125 0.6983838015625
0 0.37005276875000004 0.758131234375 0.37113308125 0.7052678734375 0.280869284375 0.7148879125 0.2789593359375 0.7619273375 0.37005276875000004 0.758131234375
0 0.372175453125 0.8196278593749999 0.37190301406250004 0.7619458781249999 0.2770970734375 0.768870253125 0.27768713749999996 0.8216460734375 0.372175453125 0.8196278593749999
0 0.371044034375 0.8715159953124999 0.3702877015625 0.8255942078125 0.2778158953125 0.824573034375 0.28144145468750004 0.8723002578125 0.371044034375 0.8715159953124999
0 0.4625964921875 0.697540771875 0.4940201375 0.6988276359375 0.48508941562499996 0.5389196359375 0.45528218125000003 0.5463491828125 0.4625964921875 0.697540771875
0 0.4622012171875 0.7004951953125 0.46641217968750004 0.8753190875 0.4998257953125 0.8725900515625 0.4918768390625 0.6999178640625 0.4622012171875 0.7004951953125
0 0.279745496875 0.535990615625 0.2785427828125 0.49204802656249996 0.1943121765625 0.5003739765625 0.19512105 0.5482488171875 0.279745496875 0.535990615625
0 0.2781165859375 0.588882728125 0.27650499375000004 0.5371383468750001 0.197519896875 0.552034709375 0.19767651718749998 0.597010025 0.2781165859375 0.588882728125
0 0.2789376265625 0.6465359578125 0.27557801249999997 0.59292738125 0.1910046734375 0.60616080625 0.1919654421875 0.6559834906249999 0.2789376265625 0.6465359578125
0 0.2793122875 0.7061683859375 0.275250740625 0.6496628875 0.1900265828125 0.660974615625 0.19233637812499998 0.7146382109375 0.2793122875 0.7061683859375
0 0.2800311109375 0.7618711671875 0.275472071875 0.70636964375 0.187351575 0.7148994546874999 0.19080892031250002 0.7694808125 0.2800311109375 0.7618711671875
0 0.275914734375 0.81978315625 0.27874306875 0.7687839890625 0.19052035312499999 0.7753633515625 0.1902255296875 0.821340228125 0.275914734375 0.81978315625
0 0.2743369296875 0.8736504921874999 0.275073075 0.8247167781250001 0.18504521093749998 0.827479134375 0.18590977656250002 0.8763289578125001 0.2743369296875 0.8736504921874999
0 0.1839132203125 0.7962455734375 0.18509575 0.745332659375 0.10489194375 0.757359184375 0.10686698125 0.8061508109375 0.1839132203125 0.7962455734375
0 0.1834664078125 0.9556671265625001 0.1808260453125 0.8003189765625001 0.15310288593750002 0.8066613984375 0.1566360140625 0.95805115 0.1834664078125 0.9556671265625001
0 0.1077729203125 0.970390984375 0.13180919375 0.967175490625 0.1287871578125 0.8255379796875 0.1057458703125 0.8267455234375 0.1077729203125 0.970390984375
0 0.027555039062499998 0.720340328125 0.0312077109375 0.7690440328125 0.10590621250000001 0.7563281265625 0.1049777453125 0.7065037484375 0.027555039062499998 0.720340328125
0 0.1061650515625 0.803253890625 0.104911228125 0.7583360765625 0.027163057812500002 0.76534439375 0.029634576562499997 0.8121541953125 0.1061650515625 0.803253890625
0 0.10215089375 0.8631163265625 0.10148317968750001 0.8083887703125001 0.02827715625 0.8180927515624999 0.0242662359375 0.8671980890625001 0.10215089375 0.8631163265625
0 0.10420886874999999 0.9128815093749999 0.10374559218749999 0.86205485 0.026546025 0.869034415625 0.026562918749999997 0.9218402749999999 0.10420886874999999 0.9128815093749999
0 0.1034863234375 0.9725714406250001 0.10381359375000002 0.9158359328125 0.025619042187500003 0.9248234500000001 0.025549792187499996 0.97567801875 0.1034863234375 0.9725714406250001