0 0.55703125 0.2328125 0.209375 0.225
0 0.59921875 0.42890625 0.2078125 0.221875
0 0.64765625 0.61875 0.2015625 0.2265625
0 0.69609375 0.80625 0.2046875 0.215625
0 0.53125 0.84765625 0.2015625 0.2234375
0 0.48671875 0.6640625 0.2125 0.2359375
0 0.43359375 0.475 0.2125 0.2328125
0 0.38671875 0.27421875 0.21875 0.2421875
0 0.21015625 0.315625 0.221875 0.234375
0 0.26328125 0.51640625 0.225 0.2453125
0 0.31953125 0.709375 0.2203125 0.228125
0 0.3671875 0.8921875 0.2125 0.215625
0 0.1984375 0.92109375 0.21875 0.1578125
0 0.140625 0.7515625 0.221875 0.240625
0 0.09609375 0.55625 0.1921875 0.234375
0 0.07578125 0.36015625 0.1515625 0.2515625