0 0.521875 0.30546875 0.2546875 0.296875
0 0.4734375 0.56875 0.2484375 0.2859375
0 0.42734375 0.8234375 0.2484375 0.29375
0 0.6765625 0.59453125 0.24375 0.28125
0 0.72890625 0.34609375 0.246875 0.2890625
0 0.63125 0.859375 0.25 0.28125
0 0.87734375 0.63359375 0.2453125 0.2828125
0 0.903125 0.38203125 0.19375 0.2953125
0 0.83125 0.8734375 0.24375 0.253125
0 0.06640625 0.8578125 0.1328125 0.10625
0 0.078125 0.78203125 0.15625 0.1203125
0 0.0859375 0.69921875 0.171875 0.1265625
0 0.1 0.60859375 0.1875 0.1203125
0 0.11328125 0.528125 0.18125 0.1140625
0 0.128125 0.4515625 0.1859375 0.128125
0 0.153125 0.27578125 0.184375 0.125
0 0.17265625 0.19375 0.1875 0.1328125
0 0.13828125 0.36328125 0.18125 0.1234375