0 0.7616622484375 0.9008433109375 0.9595061625 0.9114770203125 0.981747290625 0.6998668218749999 0.791227328125 0.6907457296875 0.7616622484375 0.9008433109375
0 0.9600342921875 0.41335275625 0.9758154484375 0.2781505734375 0.8404732656249999 0.262063484375 0.8239259999999999 0.3981161703125 0.9600342921875 0.41335275625
0 0.822730609375 0.40450771406249997 0.805686140625 0.5367840390625 0.9336049796875001 0.55022885 0.95247341875 0.41721320625 0.822730609375 0.40450771406249997
0 0.7854460078125001 0.599828546875 0.79771911875 0.5229123046875 0.734349953125 0.514389884375 0.7228781 0.5923213703125 0.7854460078125001 0.599828546875
0 0.7890084140625 0.6057891296875 0.7167368 0.59726205 0.7033935875 0.6880312140625 0.7375403687500001 0.6869650546875 0.75111075625 0.6176333703125 0.785388284375 0.62030505625 0.7890084140625 0.6057891296875
0 0.6946879828125 0.78580499375 0.719967809375 0.7893930359375 0.7341138109374999 0.699639275 0.7067051484375 0.6976895359374999 0.6946879828125 0.78580499375
0 0.11578869218750001 0.4549626328125 0.12458934375 0.256648015625 0.04795643125 0.248593571875 0.0374905109375 0.44766418906250005 0.11578869218750001 0.4549626328125
0 0 0.6340410890625 0.0293333984375 0.6348741312499999 0.0359708046875 0.45215959375 0.002728775 0.4478335515625 0 0.4737961109375 0 0.6340410890625
0 0 0.7804519328125 0.028251834375 0.7846556703124999 0.03006891875 0.6479858046875 0 0.6425798703125001 0 0.7804519328125
0 0.0350641515625 0.6401315875 0.11077288125 0.6471578703125 0.11863963749999999 0.46271048906249995 0.04272098125 0.452869065625 0.0350641515625 0.6401315875
0 0.0319738515625 0.78411584375 0.1047008890625 0.7796564218750001 0.1123605140625 0.65197986875 0.035573128125 0.6504263734375 0.0319738515625 0.78411584375
0 0.10978300468749999 0.7811216015625 0.18170179375 0.7793703078124999 0.188262815625 0.6571644437499999 0.1159227875 0.6532853046875 0.10978300468749999 0.7811216015625
0 0.112229765625 0.6482420203125 0.189167846875 0.6535354625 0.19910616406249998 0.4693058109375 0.12478946875000001 0.4642878875 0.112229765625 0.6482420203125
0 0.12229372812499999 0.45285326093749995 0.19884466875 0.46183011562500004 0.20806642343749998 0.264490784375 0.132096840625 0.2602301640625 0.12229372812499999 0.45285326093749995
0 0.22881088749999998 0.2564298265625 0.23904466093750001 0.0843345703125 0.1649214453125 0.07747493125 0.1573420625 0.24891815 0.22881088749999998 0.2564298265625
0 0.30646043125 0.2599359921875 0.3175703734375 0.09445000625 0.247280290625 0.08613119531249999 0.23389300156249998 0.25789500468750004 0.30646043125 0.2599359921875
0 0.212403115625 0.2630845359375 0.2011098 0.46020613906249996 0.28010501250000003 0.47083643437499995 0.293615065625 0.27255128281249996 0.212403115625 0.2630845359375
0 0.2668513515625 0.661700328125 0.28164425 0.476118859375 0.20122290937499998 0.4695282890625 0.1922123640625 0.659441609375 0.2668513515625 0.661700328125
0 0.26051276562500003 0.7718262296875 0.2652976828125 0.6615370296875 0.1907055 0.6592832328125 0.185167415625 0.7862517421875 0.26051276562500003 0.7718262296875
0 0.41328125 0.39921875 0.1265625 0.196875
0 0.3859375 0.58828125 0.115625 0.184375
0 0.36875 0.76484375 0.1140625 0.1671875
0 0.46953125 0.7765625 0.109375 0.1671875
0 0.56796875 0.78671875 0.1140625 0.1703125
0 0.590625 0.60859375 0.1078125 0.1875
0 0.48828125 0.6015625 0.11875 0.1921875
0 0.59140625 0.3828125 0.0875 0.146875
0 0.51015625 0.371875 0.0890625 0.1515625