0 0.571875 0.71875 0.08515625 0.0546875
0 0.74453125 0.66796875 0.084375 0.05390625
0 0.66484375 0.7734375 0.0875 0.0546875
0 0.48515625 0.72734375 0.08203125 0.05078125
0 0.57265625 0.66484375 0.08359375 0.05234375
0 0.7421875 0.62109375 0.084375 0.053125
0 0.57109375 0.61328125 0.08125 0.05234375
0 0.4828125 0.8453125 0.08046875 0.0578125
0 0.48359375 0.78125 0.08125 0.053125
0 0.48359375 0.678125 0.0828125 0.04921875
0 0.48515625 0.62265625 0.08359375 0.0515625
0 0.6625 0.71796875 0.08515625 0.05234375
0 0.66796875 0.834375 0.084375 0.05390625
0 0.75390625 0.78515625 0.08671875 0.05546875
0 0.2609375 0.6734375 0.09140625 0.05390625
0 0.57265625 0.775 0.09453125 0.05546875
0 0.65625 0.6625 0.08359375 0.05078125
0 0.2640625 0.61796875 0.09140625 0.05390625
0 0.653125 0.55625 0.08515625 0.05234375
0 0.75625 0.8421875 0.0859375 0.05625
0 0.65546875 0.61171875 0.08203125 0.05234375
0 0.56875 0.56328125 0.07890625 0.0421875
0 0.73828125 0.5703125 0.08203125 0.05234375
0 0.571875 0.8375 0.0953125 0.0546875
0 0.26640625 0.56328125 0.090625 0.05625
0 0.27109375 0.4515625 0.08359375 0.05234375
0 0.16953125 0.671875 0.0859375 0.05234375
0 0.73671875 0.5171875 0.08203125 0.05078125
0 0.56484375 0.4625 0.08203125 0.0484375
0 0.17421875 0.615625 0.0859375 0.0546875
0 0.565625 0.5140625 0.07734375 0.053125
0 0.64453125 0.4609375 0.0765625 0.04609375
0 0.6484375 0.50703125 0.0796875 0.046875
0 0.35859375 0.51953125 0.0875 0.053125
0 0.26796875 0.503125 0.08671875 0.0546875
0 0.63828125 0.41640625 0.071875 0.04140625
0 0.74765625 0.72421875 0.084375 0.053125
0 0.484375 0.571875 0.0828125 0.04921875
0 0.7140625 0.32265625 0.07734375 0.05078125
0 0.359375 0.465625 0.0859375 0.0546875
0 0.1859375 0.50390625 0.08203125 0.0515625
0 0.2578125 0.728125 0.090625 0.05390625
0 0.165625 0.7265625 0.0890625 0.05625
0 0.7171875 0.37109375 0.08046875 0.04375
0 0.728125 0.46484375 0.0875 0.05078125
0 0.4828125 0.521875 0.0828125 0.05
0 0.72265625 0.415625 0.08515625 0.04375
0 0.90703125 0.840625 0.07890625 0.03671875
0 0.55703125 0.41484375 0.084375 0.05
0 0.1828125 0.559375 0.08046875 0.04921875
0 0.253125 0.7859375 0.09765625 0.05234375
0 0.8859375 0.63671875 0.08359375 0.04921875
0 0.63203125 0.37421875 0.0703125 0.04140625
0 0.88984375 0.68671875 0.09140625 0.05078125
0 0.078125 0.76015625 0.08046875 0.05078125
0 0.1546875 0.84375 0.08984375 0.05
0 0.97265625 0.77265625 0.05390625 0.053125
0 0.8671875 0.5390625 0.078125 0.05546875
0 0.48125 0.4734375 0.08046875 0.04765625
0 0.346875 0.7921875 0.08359375 0.0546875
0 0.47890625 0.428125 0.0734375 0.04375
0 0.87265625 0.5875 0.08203125 0.0515625
0 0.25078125 0.84765625 0.10078125 0.0578125
0 0.971875 0.7171875 0.05625 0.05625
0 0.9046875 0.76640625 0.07265625 0.03359375
0 0.35703125 0.67890625 0.1046875 0.0546875
0 0.3609375 0.57734375 0.096875 0.05546875
0 0.34296875 0.8515625 0.0875 0.05703125
0 0.55546875 0.36953125 0.0796875 0.0453125
0 0.35 0.7359375 0.08359375 0.05703125
0 0.9625 0.6078125 0.07421875 0.05546875
0 0.54765625 0.32890625 0.0796875 0.0453125
0 0.1625 0.78359375 0.08203125 0.04921875
0 0.90703125 0.80078125 0.06796875 0.03515625
0 0.36171875 0.628125 0.10546875 0.04765625
0 0.85390625 0.4109375 0.075 0.046875
0 0.96875 0.66171875 0.06171875 0.05078125
0 0.015625 0.8171875 0.02890625 0.05390625
0 0.97421875 0.8265625 0.0515625 0.05546875
0 0.86328125 0.49140625 0.0734375 0.0453125
0 0.9546875 0.553125 0.0875 0.05234375
0 0.01796875 0.7640625 0.0328125 0.04609375
0 0.92734375 0.41484375 0.06953125 0.04453125
0 0.9203125 0.371875 0.07109375 0.0390625
0 0.90390625 0.73046875 0.071875 0.0359375
0 0.9234375 0.328125 0.06875 0.0515625
0 0.01328125 0.87109375 0.02578125 0.04921875
0 0.9484375 0.50234375 0.08359375 0.0515625
0 0.98046875 0.4125 0.0390625 0.03046875
0 0.85859375 0.45703125 0.0671875 0.03671875
0 0.40625 0.7828125 0.0390625 0.1734375
0 0.9390625 0.45703125 0.07109375 0.04140625
0 0.03984375 0.878125 0.0234375 0.15234375
0 0.0125 0.92578125 0.025 0.053125
0 0.0890625 0.86796875 0.028125 0.153125
0 0.021875 0.7125 0.04296875 0.05234375
0 0.984375 0.459375 0.03046875 0.05078125