0 0.15546875 0.28203125 0.1328125 0.1625
0 0.240625 0.31484375 0.121875 0.153125
0 0.06640625 0.6546875 0.1328125 0.18125
0 0.246875 0.71953125 0.153125 0.1984375
0 0.340625 0.74921875 0.1515625 0.203125
0 0.5015625 0.36640625 0.125 0.1703125
0 0.36171875 0.4890625 0.1265625 0.1703125
0 0.8234375 0.2953125 0.084375 0.0671875
0 0.80234375 0.3359375 0.0828125 0.065625
0 0.78359375 0.38046875 0.0859375 0.0671875
0 0.9640625 0.40234375 0.071875 0.0640625
0 0.9515625 0.44140625 0.0828125 0.0640625
0 0.90625 0.55390625 0.1359375 0.196875
0 0.8265625 0.72421875 0.1296875 0.1921875
0 0.7421875 0.884375 0.1265625 0.1765625
0 0.66015625 0.85546875 0.1296875 0.1796875
0 0.73984375 0.696875 0.1421875 0.1890625
0 0.81640625 0.52734375 0.146875 0.2
0 0.73828125 0.48828125 0.15 0.2015625
0 0.6578125 0.66171875 0.1375 0.19375
0 0.575 0.81796875 0.1375 0.184375