0 0.10703125 0.28359375 0.10546875 0.11875
0 0.115625 0.409375 0.10625 0.1109375
0 0.121875 0.5234375 0.09609375 0.11015625
0 0.125 0.640625 0.09609375 0.1140625
0 0.1359375 0.75390625 0.09609375 0.10546875
0 0.1421875 0.8578125 0.090625 0.09921875
0 0.215625 0.278125 0.10546875 0.12109375
0 0.221875 0.403125 0.103125 0.115625
0 0.23203125 0.52109375 0.10234375 0.11015625
0 0.23046875 0.6390625 0.11015625 0.1046875
0 0.23828125 0.75078125 0.1046875 0.1046875
0 0.24296875 0.85625 0.10703125 0.09453125
0 0.3515625 0.85703125 0.10546875 0.10078125
0 0.34609375 0.7484375 0.10078125 0.10546875
0 0.34296875 0.63671875 0.10703125 0.10703125
0 0.33984375 0.5203125 0.10546875 0.11328125
0 0.33203125 0.4046875 0.10390625 0.11328125
0 0.3296875 0.2765625 0.10859375 0.12578125
0 0.62265625 0.3765625 0.10078125 0.115625
0 0.62421875 0.49375 0.09921875 0.10546875
0 0.62421875 0.60390625 0.09921875 0.103125
0 0.62578125 0.71015625 0.09921875 0.09296875
0 0.6234375 0.81171875 0.0921875 0.09453125
0 0.728125 0.37421875 0.1 0.11015625
0 0.72734375 0.49375 0.1 0.10703125
0 0.7265625 0.60390625 0.09296875 0.09921875
0 0.7265625 0.71171875 0.096875 0.096875
0 0.72421875 0.8140625 0.09453125 0.090625
0 0.82578125 0.37890625 0.08984375 0.10078125
0 0.82890625 0.490625 0.0984375 0.103125
0 0.82578125 0.6015625 0.10234375 0.10390625
0 0.82265625 0.71171875 0.0921875 0.0984375
0 0.8203125 0.81328125 0.09375 0.08984375
0 0.71953125 0.2640625 0.084375 0.02890625
0 0.71953125 0.29921875 0.0828125 0.025
0 0.63359375 0.19921875 0.08984375 0.0296875
0 0.6328125 0.23515625 0.0875 0.02578125
0 0.6328125 0.265625 0.0875 0.0296875
0 0.63125 0.29921875 0.0890625 0.0296875
0 0.9515625 0.25 0.096875 0.109375
0 0.94609375 0.37109375 0.1 0.0984375
0 0.94453125 0.48046875 0.0984375 0.10625
0 0.9421875 0.59453125 0.0921875 0.09609375
0 0.93984375 0.703125 0.09765625 0.10078125
0 0.934375 0.809375 0.0859375 0.09140625
0 0.0897523328125 0.9064814812499999 0.0798828125 0.74351851875 0.016327609375 0.746296296875 0.0283046921875 0.9120370375 0.0897523328125 0.9064814812499999
0 0 0.5802913875 0.0126824109375 0.7398148140624999 0.0788411453125 0.7351851859375 0.0647566828125 0.5583333328125 0 0.5628665234375 0 0.5802913875
0 0 0.5573381765625001 0.0564453125 0.5527777781250001 0.0470514296875 0.36759259218749996 0 0.3690603390625 0 0.5573381765625001