0 0.3765625 0.1171875 0.103125 0.1
0 0.32109375 0.23515625 0.1015625 0.1015625
0 0.34765625 0.3234375 0.1046875 0.109375
0 0.3734375 0.415625 0.1078125 0.109375
0 0.4015625 0.51015625 0.1125 0.1140625
0 0.43125 0.61328125 0.1140625 0.1171875
0 0.46015625 0.71640625 0.11875 0.1296875
0 0.4890625 0.821875 0.1203125 0.1328125
0 0.58203125 0.796875 0.1203125 0.125
0 0.55078125 0.6890625 0.115625 0.1234375
0 0.52109375 0.58671875 0.1140625 0.1140625
0 0.4890625 0.4859375 0.109375 0.1125
0 0.46171875 0.39140625 0.103125 0.1046875
0 0.43203125 0.2984375 0.1015625 0.1046875
0 0.403125 0.2078125 0.103125 0.10625
0 0.4859375 0.1875 0.1 0.096875
0 0.51640625 0.27734375 0.1015625 0.10625
0 0.546875 0.3671875 0.1078125 0.1140625
0 0.578125 0.46484375 0.10625 0.1171875
0 0.61015625 0.5625 0.1078125 0.1171875
0 0.6421875 0.66484375 0.115625 0.121875
0 0.67578125 0.76953125 0.11875 0.1296875
0 0.6 0.109375 0.0890625 0.09375
0 0.63203125 0.18828125 0.0875 0.0953125
0 0.6625 0.26953125 0.090625 0.0984375
0 0.69375 0.35234375 0.0921875 0.1015625
0 0.72578125 0.43828125 0.0953125 0.10625
0 0.759375 0.53046875 0.0984375 0.103125
0 0.79296875 0.6234375 0.1015625 0.115625
0 0.828125 0.72421875 0.103125 0.1171875
0 0.9171875 0.70546875 0.10625 0.109375
0 0.8796875 0.60625 0.0984375 0.1046875
0 0.8453125 0.51953125 0.096875 0.1125
0 0.809375 0.428125 0.09375 0.10625
0 0.7734375 0.34296875 0.0859375 0.1015625
0 0.74453125 0.25859375 0.090625 0.0953125
0 0.71328125 0.175 0.0890625 0.09375
0 0.6796875 0.10390625 0.0859375 0.090625
0 0.75 0.08046875 0.0828125 0.0890625
0 0.78359375 0.153125 0.0828125 0.090625
0 0.81484375 0.234375 0.084375 0.09375
0 0.84921875 0.31796875 0.0859375 0.1
0 0.884375 0.4 0.0859375 0.1
0 0.92109375 0.4890625 0.0875 0.1078125
0 0.95703125 0.5828125 0.0859375 0.109375
0 0.97421875 0.67734375 0.0515625 0.1109375