0 0.50390625 0.07890625 0.09375 0.0953125
0 0.60859375 0.1578125 0.09375 0.1015625
0 0.6375 0.246875 0.09375 0.1
0 0.665625 0.33828125 0.096875 0.10625
0 0.69296875 0.43984375 0.1015625 0.1109375
0 0.7234375 0.53671875 0.1046875 0.1140625
0 0.75234375 0.640625 0.1046875 0.115625
0 0.7828125 0.746875 0.1109375 0.11875
0 0.68984375 0.7671875 0.1171875 0.1234375
0 0.66171875 0.66171875 0.1125 0.11875
0 0.6328125 0.55703125 0.1078125 0.1140625
0 0.603125 0.4578125 0.1078125 0.1140625
0 0.578125 0.35859375 0.1046875 0.1078125
0 0.553125 0.26484375 0.096875 0.0984375
0 0.5265625 0.17734375 0.0984375 0.10625
0 0.44296875 0.19609375 0.1 0.1
0 0.4671875 0.284375 0.0984375 0.1046875
0 0.4890625 0.3796875 0.1046875 0.109375
0 0.515625 0.4765625 0.1046875 0.1109375
0 0.540625 0.578125 0.1109375 0.11875
0 0.56796875 0.68125 0.1140625 0.121875
0 0.5953125 0.79140625 0.11875 0.1265625
0 0.7203125 0.08671875 0.08125 0.0875
0 0.7484375 0.16953125 0.0828125 0.090625
0 0.775 0.25078125 0.084375 0.09375
0 0.80546875 0.334375 0.0890625 0.1
0 0.83671875 0.42421875 0.0921875 0.10625
0 0.86875 0.51484375 0.09375 0.109375
0 0.89921875 0.609375 0.0953125 0.1109375
0 0.9328125 0.71328125 0.0953125 0.109375
0 0.796875 0.0859375 0.075 0.0859375
0 0.828125 0.1609375 0.0796875 0.0921875
0 0.85703125 0.24296875 0.078125 0.090625
0 0.88671875 0.3296875 0.078125 0.0984375
0 0.92109375 0.41328125 0.0890625 0.096875
0 0.9546875 0.5078125 0.0859375 0.103125
0 0.96875 0.59921875 0.0625 0.1078125
0 0.86796875 0.065625 0.08125 0.0890625
0 0.8984375 0.14140625 0.0796875 0.0984375
0 0.98359375 0.69296875 0.0328125 0.1078125