0 0.9109375 0.303125 0.178125 0.2390625
0 0.90859375 0.56015625 0.1828125 0.2390625
0 0.90859375 0.815625 0.1828125 0.22421875
0 0.56328125 0.26796875 0.14921875 0.053125
0 0.56171875 0.35234375 0.14921875 0.05859375
0 0.5546875 0.43125 0.14765625 0.071875
0 0.56328125 0.51171875 0.14921875 0.06875
0 0.56953125 0.59140625 0.15078125 0.065625
0 0.56796875 0.66640625 0.14921875 0.07421875
0 0.56640625 0.75 0.153125 0.078125
0 0.565625 0.83046875 0.1515625 0.065625
0 0.56171875 0.90703125 0.15 0.078125
0 0.4 0.91796875 0.16015625 0.05625
0 0.4046875 0.83203125 0.1609375 0.07109375
0 0.4046875 0.75546875 0.1578125 0.06328125
0 0.40859375 0.67265625 0.1609375 0.06953125
0 0.40703125 0.59375 0.15859375 0.07109375
0 0.40390625 0.51171875 0.1578125 0.078125
0 0.39921875 0.42890625 0.1546875 0.065625
0 0.39921875 0.346875 0.159375 0.0640625
0 0.479788190625 0.23518518593749999 0.3210286453125 0.2138888890625 0.3167921546875 0.29351851875 0.48030894531249996 0.3083333328125 0.479788190625 0.23518518593749999
0 0.31686197968749996 0.1203703703125 0.3162714 0.20370370312500002 0.47666366718750003 0.22407407343750002 0.479788190625 0.147222221875 0.31686197968749996 0.1203703703125
0 0.3194661453125 0.030555556249999997 0.3167921546875 0.10833333281249999 0.4792674375 0.1416666671875 0.48239196250000005 0.0648148140625 0.3194661453125 0.030555556249999997
0 0.1421875 0.65546875 0.15859375 0.18828125
0 0.1421875 0.8703125 0.15703125 0.190625