0 0.6891271999999999 0.6240740734375 0.700062796875 0.334259259375 0.6032046515625 0.3333333328125 0.599559453125 0.6370370375000001 0.6891271999999999 0.6240740734375
0 0.64140625 0.78515625 0.08046875 0.27421875
0 0.7625 0.3859375 0.1078125 0.12421875
0 0.75625 0.51953125 0.115625 0.125
0 0.75078125 0.64453125 0.1 0.1109375
0 0.7453125 0.76171875 0.10703125 0.10703125
0 0.740625 0.88125 0.10078125 0.109375
0 0.84765625 0.86875 0.09140625 0.10625
0 0.8515625 0.75390625 0.10078125 0.11328125
0 0.8609375 0.634375 0.09921875 0.11640625
0 0.86796875 0.5109375 0.10546875 0.11796875
0 0.8796875 0.38046875 0.11171875 0.1203125
0 0.9765625 0.70703125 0.04609375 0.12890625
0 0.97109375 0.8421875 0.0578125 0.128125
0 0.47890625 0.5109375 0.1171875 0.121875
0 0.478125 0.6390625 0.11484375 0.1234375
0 0.475 0.765625 0.10859375 0.115625
0 0.471875 0.88125 0.10546875 0.10703125
0 0.38125 0.8515625 0.0703125 0.18046875
0 0.38125 0.6625 0.07109375 0.18984375