0 0.7671875 0.084375 0.175 0.16875
0 0.85234375 0.22734375 0.1859375 0.20625
0 0.92734375 0.3796875 0.1453125 0.19375
0 0.96796875 0.52890625 0.0640625 0.2015625
0 0.90859375 0.63671875 0.1328125 0.140625
0 0.82265625 0.690625 0.13125 0.1359375
0 0.76875 0.5890625 0.134375 0.1375
0 0.70859375 0.49375 0.1265625 0.1359375
0 0.653125 0.39296875 0.128125 0.13125
0 0.603125 0.29453125 0.1328125 0.1390625
0 0.540625 0.18984375 0.13125 0.134375
0 0.39453125 0.1390625 0.1359375 0.1390625
0 0.45390625 0.24140625 0.1359375 0.1421875
0 0.515625 0.34609375 0.1359375 0.1421875
0 0.57109375 0.44296875 0.134375 0.1390625
0 0.63046875 0.54609375 0.134375 0.1390625
0 0.68671875 0.6453125 0.1390625 0.1453125
0 0.7453125 0.74375 0.13125 0.1359375
0 0.6625 0.79765625 0.1359375 0.140625
0 0.603125 0.69375 0.1390625 0.14375
0 0.5453125 0.59296875 0.1359375 0.1421875
0 0.48515625 0.49140625 0.1375 0.1421875
0 0.425 0.39296875 0.1375 0.1421875
0 0.3640625 0.28828125 0.1390625 0.140625
0 0.3046875 0.1796875 0.1359375 0.1390625
0 0.21171875 0.22578125 0.146875 0.15
0 0.27421875 0.33984375 0.1515625 0.1546875
0 0.3375 0.44140625 0.140625 0.14375
0 0.39921875 0.54453125 0.14375 0.1484375
0 0.4609375 0.6484375 0.14375 0.1484375
0 0.51953125 0.746875 0.1359375 0.1375
0 0.57890625 0.84765625 0.140625 0.1484375
0 0.490625 0.89921875 0.1390625 0.1421875
0 0.4328125 0.8015625 0.1390625 0.140625
0 0.3703125 0.70078125 0.14375 0.146875
0 0.31015625 0.596875 0.1453125 0.15
0 0.24765625 0.496875 0.1515625 0.15625
0 0.18203125 0.38984375 0.1453125 0.15
0 0.11796875 0.2796875 0.1484375 0.1515625
0 0.23046875 0.6328125 0.4609375 0.734375