0 0.38515625 0.53125 0.121875 0.2078125
0 0.39140625 0.75 0.10625 0.221875
0 0.48046875 0.8109375 0.06875 0.1203125
0 0.553125 0.8109375 0.0703125 0.1234375
0 0.5578125 0.68203125 0.0671875 0.1171875
0 0.4859375 0.68359375 0.0703125 0.1265625
0 0.48515625 0.55390625 0.071875 0.128125
0 0.56171875 0.55078125 0.0734375 0.1296875
0 0.5640625 0.4109375 0.075 0.1375
0 0.4875 0.4140625 0.071875 0.1359375
0 0.5359375 0.26875 0.075 0.1359375
0 0.6390625 0.27578125 0.0734375 0.13125
0 0.64140625 0.41328125 0.071875 0.134375
0 0.63984375 0.5484375 0.071875 0.1203125
0 0.6390625 0.678125 0.06875 0.125
0 0.63515625 0.80390625 0.0671875 0.1125
0 0.70625 0.80625 0.065625 0.115625
0 0.7109375 0.68125 0.0703125 0.1265625
0 0.71484375 0.54609375 0.06875 0.128125
0 0.715625 0.4109375 0.075 0.1359375
0 0.71640625 0.2703125 0.0765625 0.140625
0 0.825 0.309375 0.11875 0.225
0 0.81484375 0.53984375 0.0984375 0.2265625
0 0.803125 0.7625 0.0890625 0.20625
0 1 0.1799737578125 0.946836153125 0.1790457796875 0.9255110921874999 0.42593343125 1 0.4254639796875 1 0.1799737578125
0 1 0.4337161078125 0.9184578968749999 0.43229278437499996 0.8989273624999999 0.656060084375 0.9957384375 0.6596020640625 0.9989681953125 0.5634755 1 0.50436344375 1 0.4337161078125
0 0.9968294953125 0.6860015015625 0.99722545625 0.66331691875 0.9040532000000001 0.660779890625 0.8868638734375001 0.8697709859374999 0.9805509671875001 0.8732584343750001 0.9968294953125 0.6860015015625
0 0.173785121875 0.6054339343749999 0.241536003125 0.6029122625000001 0.23694892968749998 0.47781315468749996 0.1697912015625 0.4784930453125 0.173785121875 0.6054339343749999
0 0.24664373906249998 0.7280204593749999 0.24148752343750002 0.6056896187499999 0.173672003125 0.611914428125 0.17928424375000002 0.7379574984375 0.24664373906249998 0.7280204593749999
0 0.25280896249999996 0.8522210484375 0.24965460312499999 0.7345554828124999 0.1788282203125 0.7342452703125 0.1860670890625 0.8566124671875001 0.25280896249999996 0.8522210484375
0 0.11055473593750001 0.856220459375 0.17977065 0.8592807609375 0.179309125 0.8583466390625001 0.17764145625 0.742559159375 0.1084255421875 0.7394988578125 0.11055473593750001 0.856220459375
0 0.100779128125 0.6106420781249999 0.1048455375 0.7357320984375 0.17518357499999998 0.734181653125 0.1716140859375 0.612804575 0.100779128125 0.6106420781249999
0 0.0936856953125 0.4799428203125 0.0992656171875 0.607837459375 0.16967650781250002 0.6044361515625 0.16665936875 0.4765862453125 0.0936856953125 0.4799428203125
0 0.0830768953125 0.3417736640625 0.09113085625 0.4771200234375 0.1631668359375 0.47004281406250004 0.156066728125 0.3374913046875 0.0830768953125 0.3417736640625
0 0.084295978125 0.33160820625 0.0751750765625 0.1990214234375 0.07254889375 0.1989755828125 0.0051691062500000004 0.1994986265625 0.004005946875 0.2661359859375 0.0092073296875 0.3367799984375 0.084295978125 0.33160820625
0 0.0050258625000000005 0.337633078125 0.0151786375 0.47209000625 0.08864065625 0.47059408906250005 0.0806351734375 0.33247037343749997 0.0050258625000000005 0.337633078125
0 0.0187263234375 0.47770833125 0.0243224046875 0.6046771859375 0.0977682640625 0.6041070546875 0.092156025 0.47806398593750005 0.0187263234375 0.47770833125
0 0.028439234375 0.6075272468749999 0.034099953125 0.7307929625 0.10491017656249998 0.732028959375 0.09928177656250001 0.606911675 0.028439234375 0.6075272468749999
0 0.0381844609375 0.73549459375 0.0450481046875 0.8495206359375 0.0455687671875 0.849529725 0.1095618875 0.8534249296875001 0.10479705937499999 0.7385094546875 0.0381844609375 0.73549459375