0 0.79140625 0.26171875 0.1671875 0.190625
0 0.78359375 0.4578125 0.159375 0.175
0 0.78984375 0.65390625 0.159375 0.18359375
0 0.7890625 0.8453125 0.159375 0.18359375
0 0.6203125 0.840625 0.1625 0.178125
0 0.61875 0.65390625 0.15234375 0.178125
0 0.6125 0.459375 0.16328125 0.171875
0 0.61171875 0.2640625 0.15859375 0.1859375
0 0.4453125 0.26484375 0.15859375 0.190625
0 0.44453125 0.45546875 0.1578125 0.1796875
0 0.44921875 0.64921875 0.1578125 0.18203125
0 0.4546875 0.8421875 0.15859375 0.1765625
0 0.284375 0.846875 0.16015625 0.184375
0 0.28125 0.64921875 0.16484375 0.18671875
0 0.278125 0.45546875 0.16484375 0.18984375
0 0.28046875 0.25703125 0.1609375 0.18359375
0 0.1015625 0.4609375 0.16328125 0.18203125
0 0.109375 0.659375 0.17109375 0.17421875
0 0.11328125 0.85390625 0.16328125 0.184375
0 0.0859375 0.26171875 0.16015625 0.19375