0 0.9078915046875 0.58865033125 0.89618075625 0.525248590625 0.8912601890625 0.5082306921875 0.888944675 0.5041481250000001 0.766840346875 0.52348755 0.7621853265625 0.5257079359375 0.7615582578125 0.5287734609375 0.774032846875 0.5969978984375001 0.7764509390625001 0.6069966328125 0.7786136859375 0.6101146609375 0.89094166875 0.59578423125 0.90354201875 0.5927997953124999 0.9078915046875 0.58865033125
0 0.785270403125 0.61350965 0.7804626140625001 0.614765496875 0.7794878187500001 0.617391728125 0.79560264375 0.703331215625 0.7977653890624999 0.7064492453125 0.9305284765625 0.6859160046875 0.9315796562499999 0.68377204375 0.9128699765625001 0.5972548062499999 0.9107836140625001 0.594619046875 0.8134136859375 0.608557825 0.785270403125 0.61350965
0 0.9544457796874999 0.7824845265625 0.9551492328125001 0.779901271875 0.9415470812500001 0.7133385265625 0.9362525906249999 0.6904474390625001 0.9340898453125 0.6873294109375 0.82969919375 0.7043576328125 0.80270966875 0.7130816640625001 0.801149996875 0.7172836328125001 0.801837453125 0.7216240609375 0.8158055281250001 0.7975218374999999 0.8182396171875 0.8005968890625 0.9425066921875 0.7843754921875 0.9544457796874999 0.7824845265625
0 0.79503549375 0.713802765625 0.6639768484374999 0.7345604156250001 0.6601700484374999 0.738623928125 0.6732055203125 0.81565815 0.675046734375 0.8237707828125 0.67678536875 0.8259672484375 0.72143838125 0.8198836406250001 0.8104046765625 0.8038152937499999 0.813897940625 0.8012845437499999 0.79819123125 0.7231903015625 0.79503549375 0.713802765625
0 0.7750274734375 0.6190869125 0.6469616 0.63590998125 0.641297590625 0.6387845421875 0.6576757609375 0.7281428937500001 0.6605339609375 0.7321395093749999 0.787056159375 0.7125947296875 0.7915162203125 0.710899590625 0.7948225250000001 0.7054322453124999 0.785377103125 0.6510646984374999 0.7787760859375 0.62343686875 0.7750274734375 0.6190869125
0 0.7726440453125 0.611060159375 0.7653453734375 0.5667343234375 0.7579805171875 0.5342837968749999 0.7551645078125 0.5287973953125 0.6419381125 0.5462363265625 0.6330601812500001 0.5481368203125 0.6251832359375 0.55284498125 0.6386006281250001 0.6322905515625 0.6409161421875 0.63637311875 0.6819995046875 0.6323379921875001 0.75286220625 0.619631340625 0.7700753859375 0.6159163046875 0.7726440453125 0.611060159375
0 0.6175381359375 0.45715976875 0.6111022875 0.458673475 0.6101274937500001 0.46129970625 0.6231549671875001 0.54179576875 0.6252413296875 0.544431528125 0.7481174937499999 0.526452959375 0.7549854500000001 0.522398975 0.754305990625 0.51459670625 0.7402797296875 0.447112396875 0.737310953125 0.4406614578125 0.6175381359375 0.45715976875
0 0.7233166828125001 0.35932978437499996 0.7214252796875 0.3561687796875 0.6317715296874999 0.3678966984375 0.5962597953125 0.3754986765625 0.609363653125 0.456477009375 0.6107545609375 0.45823418125000004 0.7390575859374999 0.43939608281250003 0.7233166828125001 0.35932978437499996
0 0.5797474328125001 0.2940714625 0.5943345765625 0.37036555625 0.6537928765625 0.36292575781249997 0.7195000609375 0.3510356578125 0.7069068984375 0.2838187359375 0.7036325859375 0.2754387171875 0.5797474328125001 0.2940714625
0 0.687164615625 0.20834113593749998 0.683737534375 0.198996578125 0.6073795890625 0.20861865000000002 0.562447234375 0.21820707343749998 0.5740736015625 0.2845883859375 0.577932790625 0.2913926671875 0.7000713125 0.274025296875 0.687164615625 0.20834113593749998
0 0.6841272640625 0.197946115625 0.6716868687499999 0.13169373281250002 0.669031625 0.1237100296875 0.5486397375000001 0.1398120265625 0.5478599 0.1419130109375 0.549311196875 0.151076134375 0.5611747125 0.21544241562500002 0.6841272640625 0.197946115625
0 0.407632971875 0.08897887812500001 0.43929571562499997 0.0869301984375 0.5232934546875 0.074615 0.520567625 0.0468677671875 0.5122599640625001 0.0031961078125 0.39609898593750004 0.0161561546875 0.40155864531249996 0.0681887765625 0.4043426640625 0.087522540625 0.407632971875 0.08897887812500001
0 0.40550451406250004 0.0878328890625 0.40406341718750005 0.09102734375 0.40549871875 0.10711414999999999 0.4131713125 0.157313175 0.4144858359375 0.158588078125 0.50518276875 0.1481780359375 0.5346827656250001 0.143011328125 0.5356575609374999 0.140385096875 0.526075365625 0.0781293296875 0.5231407828125 0.0736504453125 0.40550451406250004 0.0878328890625
0 0.41563921718749997 0.1623603421875 0.4143930796875 0.16502955 0.41632887343749997 0.18252018750000001 0.42411204687500004 0.2351735375 0.42751293281249997 0.23908420000000002 0.5383314328125001 0.2240041125 0.5464375296874999 0.22074276249999997 0.5488534203125 0.214922078125 0.538431 0.14736134375 0.535920528125 0.14380402187500002 0.41563921718749997 0.1623603421875
0 0.5522383093750001 0.22575642187499997 0.5495328796875001 0.2227243453125 0.4281320015625 0.2394805171875 0.4256055328125 0.24284687656249998 0.427846865625 0.26226659375 0.43509534843750003 0.31154405625 0.437368671875 0.3171164109375 0.5531477312499999 0.301745015625 0.5620256640625 0.29984452031250003 0.563161225 0.2947209890625 0.5541559078125 0.2343513234375 0.5522383093750001 0.22575642187499997
0 0.5676654906249999 0.3073555125 0.565434359375 0.300293371875 0.4397261875 0.31970922343749997 0.43875139374999994 0.322335453125 0.44022088750000005 0.340394315625 0.448038253125 0.3950197203125 0.45166829062499997 0.4003771921875 0.5056153484375 0.39677649531250003 0.5716280703125001 0.386815475 0.5760117484375 0.3846380640625 0.578037721875 0.37986787187500004 0.5676654906249999 0.3073555125
0 0.46452681250000005 0.4868324265625 0.5927112625000001 0.46900184375 0.5968235953125001 0.4668674109375 0.5824052140625 0.384614175 0.45372027031249995 0.40104092500000005 0.45315359062500005 0.41151240156249996 0.4569909890625 0.44452162343749996 0.462398259375 0.48568645312500003 0.46452681250000005 0.4868324265625
0 0.59851204375 0.47401550312499996 0.5953825 0.47006186406249995 0.4662232546875 0.49051867812500005 0.46616506874999997 0.4989321453125 0.46955216093749996 0.5255859093749999 0.47569707499999997 0.5661395406249999 0.4773091375 0.5728053625 0.47924273125 0.5744765828125 0.603551996875 0.5567654 0.6094109640625 0.5533655921875 0.6098932609375 0.5458736875 0.59851204375 0.47401550312499996
0 0.626636978125 0.6445671296875 0.627382621875 0.6404940890625 0.61729993125 0.5768344890625 0.6131170078125 0.55920539375 0.5423466859375 0.5654706328125 0.48381299218749996 0.5752358281250001 0.480166959375 0.5768020375 0.4792685484375 0.5799105390625 0.4813571125 0.5983657171875 0.49113426562500007 0.6600962375 0.492211640625 0.6633861734375001 0.4955783328125 0.6653247796875 0.623067328125 0.646615609375 0.626636978125 0.6445671296875
0 0.6282909484375 0.6497432109375 0.62325400625 0.6495522499999999 0.49344150000000003 0.6676406921875 0.49192401874999997 0.6703528765625 0.49786597656250003 0.7148935937500001 0.5046983484374999 0.7597876515624999 0.50821780625 0.7626907984375 0.6360545296875 0.744420921875 0.6411416609375 0.7396602578125 0.64228521875 0.731074884375 0.6298346234375 0.6524649234375001 0.6282909484375 0.6497432109375
0 0.505793825 0.7719733390625 0.5161500609375 0.8514093812500001 0.5181520390625 0.8570247125 0.63226085 0.8434009609374999 0.65684248125 0.837035775 0.659173990625 0.8341946609375 0.6460701328125 0.753216328125 0.6436440421875 0.7466794359375 0.5083202921875001 0.7686069796874999 0.505793825 0.7719733390625
0 0.46747921562499994 0.500207109375 0.465680190625 0.4906046921875 0.46359382968749996 0.4879689328125 0.3853364828125 0.4978918390625 0.33238241562500004 0.50776204375 0.33136543125 0.5118780593750001 0.33393849375 0.5386607515625 0.3409760234375 0.5953871421875 0.3444191 0.59780801875 0.4736889203125 0.5798055296875 0.47656311718750005 0.5768784625000001 0.4773931421875 0.5698258515625 0.46747921562499994 0.500207109375
0 0.486039234375 0.668318728125 0.48856570312500003 0.6649523687500001 0.48747012968750003 0.652766696875 0.47693713281249994 0.5827516375 0.4750115375 0.5776185765624999 0.472882984375 0.576472603125 0.3417821484375 0.5987200390625 0.3404094390625 0.605858603125 0.3451554484375 0.6481169015625 0.34984106718749997 0.68296925 0.35111340156250004 0.6857339390625 0.3543273265625 0.6867080062500001 0.41638047812499995 0.6798459578125 0.486039234375 0.668318728125
0 0.5021533984375 0.7542583203125 0.4910857125 0.6808673734374999 0.48754005781250004 0.6725303296875 0.47901784999999997 0.6714082765625 0.353810175 0.692227959375 0.35217411875 0.695947659375 0.358142271875 0.7459222734375001 0.3629544640625 0.776305265625 0.36453233281249997 0.7809990328125 0.3677040671875 0.7834628859375 0.5006621124999999 0.7624044 0.5024509375 0.7596492390625 0.5021533984375 0.7542583203125
0 0.501265659375 0.7697243234375 0.49693216875 0.76695010625 0.3617691875 0.7863803500000001 0.360446665625 0.7885672875 0.36661777500000003 0.8345548140625001 0.373832065625 0.881860221875 0.380217725 0.8852981421875 0.48975589375000006 0.87091520625 0.5144219078125001 0.8615704484375 0.5160317671875 0.852416853125 0.503344021875 0.7758219234375 0.501265659375 0.7697243234375
0 0.0974297921875 0.397653296875 0.149543634375 0.382478128125 0.15113749999999998 0.3802482125 0.1449002046875 0.34613599375000004 0.14289022812500002 0.34398250468749997 0.07736200625 0.3622710390625 0.0723170671875 0.3655419171875 0.07762175624999999 0.40079058125 0.0974297921875 0.397653296875
0 0.144586128125 0.39858871875 0.076157515625 0.41437042343749997 0.07382600781250001 0.41721153749999995 0.07353866875000001 0.4241781953125 0.0788171640625 0.4539929640625 0.153062553125 0.43630123593750003 0.1477578625 0.40105257187500004 0.144586128125 0.39858871875
0 0.07599479218750001 0.46778791249999996 0.0790683515625 0.4959744375 0.0807989890625 0.50163274375 0.14936217031250001 0.4779198421875 0.1518464484375 0.4760432671875 0.1522443640625 0.47153093437500004 0.1476351265625 0.43716085624999995 0.1439549015625 0.4367550109375 0.0766720484375 0.4597707609375 0.07599479218750001 0.46778791249999996
0 0.24534723125000002 0.5096822359375001 0.242378453125 0.503231296875 0.187543184375 0.522298071875 0.1625636375 0.5331755921875 0.16003716875000001 0.5365419515625 0.1638403734375 0.56757911875 0.16808148437499998 0.576794746875 0.1708291078125 0.5783370375 0.191214021875 0.5770858546875 0.22188377187500002 0.5687676703125 0.2531543953125 0.5519500640625 0.24534723125000002 0.5096822359375001
0 0.16583646406250002 0.5924757234375 0.172168340625 0.63596595 0.173559246875 0.637723121875 0.2526626140625 0.613823921875 0.255536809375 0.6108968546875 0.24894958749999999 0.5605259234375 0.24651549843749998 0.557450871875 0.2408936796875 0.5588356484375 0.17821566093750002 0.5845826390625 0.16583646406250002 0.5924757234375
0 0.25998059375000004 0.6161254421875 0.25777565625 0.6144971984375001 0.192213240625 0.630813678125 0.1807666484375 0.6375703171875 0.1781899921875 0.645888303125 0.1822987328125 0.6788545484374999 0.18364745 0.6821015078125 0.188718584375 0.684264525 0.200191371875 0.68294178125 0.270374615625 0.6624328609375 0.2618298046875 0.6207762328124999 0.25998059375000004 0.6161254421875
0 0.2217624125 0.67161538125 0.19235699687500002 0.6861600953125 0.18839743125 0.68925906875 0.1868377578125 0.6934610375 0.18753541406250002 0.7101590437499999 0.1898189375 0.728088975 0.19489007187500001 0.7302519921874999 0.24383438281249997 0.7284323875000001 0.280439484375 0.7171966640624999 0.27060414375 0.6638796109375 0.2673138359375 0.6624232734375 0.2217624125 0.67161538125
0 0.2934118 0.7710056062499999 0.28810490781250003 0.719937521875 0.2859763546875 0.7187915484375 0.215724725 0.735356359375 0.2016068953125 0.741052978125 0.199462346875 0.7468306859375 0.20232495 0.7824661390625 0.2034627125 0.793162025 0.20628671875000001 0.7951865859375 0.27300289218749996 0.7826423109375 0.290995909375 0.7768262906250001 0.29313245781249997 0.7745104234375 0.2934118 0.7710056062499999
0 0.2844752078125 0.7813196421875 0.255755046875 0.784385365625 0.1972897375 0.7980946703125 0.20462260312499997 0.8443925609375 0.2060135125 0.8461497343750001 0.265455815625 0.8456336171875 0.291351971875 0.840543334375 0.2944291234375 0.8336291796875 0.28852935625 0.7875986765625 0.287027871875 0.783387178125 0.2844752078125 0.7813196421875
0 0.289139225 0.8423769015625 0.2326656984375 0.8493439578125 0.220413075 0.8527676859375 0.20136088281250003 0.8641895093749999 0.2022295046875 0.890747790625 0.2036728015625 0.9033727562499999 0.20737922343749998 0.9092124968749999 0.29872142031250004 0.90463266875 0.3003152859375 0.9024027546875001 0.2999413625 0.896529565625 0.2915733140625 0.845451953125 0.289139225 0.8423769015625
0 0.23600322343750002 0.44541127343750003 0.200794825 0.439122909375 0.1668165671875 0.43708902031249997 0.16499355 0.43787212656249996 0.16447705937499998 0.44339197500000005 0.16550424531250002 0.45163353749999996 0.1683966375 0.4576022078125 0.189113284375 0.46371399999999996 0.240286525 0.453137115625 0.2411085515625 0.4495463453125 0.24045528906250002 0.4471779734375 0.23600322343750002 0.44541127343750003
0 0.0804969703125 0.550622984375 0.07905587343750001 0.5538174390624999 0.07757478749999999 0.574321096875 0.0794080046875 0.5858955703125 0.09355203125 0.5856328468750001 0.14753108125 0.5681847859375 0.1560692859375 0.5623831578125 0.15756056875 0.554237078125 0.14562727656250002 0.536846784375 0.1368759140625 0.534277921875 0.0804969703125 0.550622984375
0 0.16200866249999998 0.5911045171875 0.157401628125 0.5725538578125 0.0844627640625 0.5949823296875 0.09087102500000001 0.638954825 0.16550633125 0.6202126046875 0.16200866249999998 0.5911045171875
0 0.17618189687500002 0.678834625 0.1781314859375 0.6735821625 0.17079862031249998 0.627284271875 0.1685936828125 0.6256560296875 0.1314960828125 0.6320260796875 0.0939583765625 0.6443982484374999 0.08371572968749999 0.6499754671875 0.091217359375 0.6903142156250001 0.0934142984375 0.6954042984375 0.0972051015625 0.6982644687499999 0.10848293125 0.6974669718750001 0.15663720625 0.685390775 0.17618189687500002 0.678834625
0 0.17946430156249998 0.6837527890625 0.1773357484375 0.682606815625 0.097070625 0.7061956515625 0.09458635 0.708072225 0.09348498125 0.7151678140625 0.0975355375 0.7565475265625 0.0997746671875 0.760147825 0.164251709375 0.7440032515625 0.1845340453125 0.736835903125 0.187874540625 0.7333406140625 0.18134770625000002 0.6903756343749999 0.17946430156249998 0.6837527890625
0 0.12321934375000002 0.80982626875 0.1888079546875 0.7989436859375 0.195446759375 0.7934428921875 0.1981499890625 0.78065555 0.19276891406250002 0.744924615625 0.1889439171875 0.740092390625 0.1530160703125 0.7433109640625 0.1103308453125 0.7530378453125001 0.10124995625 0.7589254265625 0.0992239828125 0.76369561875 0.09877587812500001 0.773159578125 0.10389360781250001 0.8054716484375 0.1063276953125 0.8085467 0.112060090625 0.80961625 0.12321934375000002 0.80982626875
0 0.10498936875 0.8176572906249999 0.101996596875 0.8215918734375001 0.102006796875 0.8339494500000001 0.10634468906250001 0.8683625046874999 0.10843105156249999 0.8709982640625 0.1950658359375 0.8577710296875001 0.199805240625 0.8525710734375 0.19231960625 0.8053086421875 0.1818296109375 0.8005433140625 0.1626064515625 0.8021048593750001 0.10498936875 0.8176572906249999
0 0.13010372812499998 0.8655881781250001 0.10746368906249999 0.8701627437499999 0.10385184843749999 0.873701009375 0.11380576406250001 0.9260105484375 0.1156971671875 0.929171553125 0.16461528281249999 0.921918053125 0.20148373125000002 0.91410119375 0.2042815421875 0.9106918578125001 0.1988902671875 0.8626033453125 0.19448039374999998 0.8593468578125 0.13010372812499998 0.8655881781250001
0 0.1530437140625 0.5134255875 0.15652457656250002 0.482717840625 0.081575734375 0.502992821875 0.07707348281250001 0.5061777484375 0.081274603125 0.5327025812499999 0.08429356875 0.5342018953125 0.13329606562500002 0.5239688234375001 0.1530437140625 0.5134255875
0 0.2463890921875 0.46354102187499996 0.24430273125 0.4609052625 0.23213448906249998 0.4613494203125 0.1818094703125 0.4737694296875 0.158771515625 0.482856328125 0.163041021875 0.513325271875 0.1663575265625 0.52021550625 0.2004019671875 0.5103740859375 0.24492620468749998 0.49294041718750004 0.24706275625 0.49062455 0.24800115625000002 0.4702068453125 0.2463890921875 0.46354102187499996