0 0.728125 0.625 0.153125 0.13125
0 0.59453125 0.57421875 0.15625 0.1328125
0 0.62578125 0.4921875 0.1578125 0.134375
0 0.65859375 0.4140625 0.1484375 0.125
0 0.8140625 0.3921875 0.1453125 0.121875
0 0.38828125 0.6828125 0.1625 0.1390625
0 0.8421875 0.31796875 0.140625 0.1171875
0 0.82109375 0.7640625 0.1546875 0.134375
0 0.34921875 0.77109375 0.1671875 0.1453125
0 0.68984375 0.34140625 0.1453125 0.121875
0 0.75703125 0.54375 0.1515625 0.128125
0 0.66328125 0.79453125 0.1609375 0.1390625
0 0.4828125 0.83203125 0.1640625 0.1390625
0 0.625 0.88359375 0.1671875 0.1453125
0 0.521875 0.74296875 0.1640625 0.1421875
0 0.72109375 0.26640625 0.1421875 0.11875
0 0.47109375 0.51640625 0.165625 0.140625
0 0.43203125 0.6015625 0.165625 0.1390625
0 0.559375 0.65625 0.1578125 0.134375
0 0.78984375 0.85078125 0.15625 0.1375
0 0.78828125 0.46875 0.15625 0.1296875
0 0.69375 0.7109375 0.15625 0.134375
0 0.7578125 0.93515625 0.1625 0.1296875
0 0.74765625 0.196875 0.140625 0.1140625
0 0.19609375 0.66328125 0.1109375 0.09375
0 0.0796875 0.68125 0.10625 0.0875
0 0.77578125 0.128125 0.1390625 0.115625
0 0.109375 0.42109375 0.0890625 0.0765625
0 0.26484375 0.5125 0.103125 0.084375
0 0.16640625 0.715625 0.1140625 0.090625
0 0.246875 0.5609375 0.10625 0.0875
0 0.28515625 0.4625 0.1015625 0.0859375
0 0.225 0.6140625 0.1125 0.09375
0 0.3125 0.21875 0.0875 0.075
0 0.06328125 0.51640625 0.1015625 0.0859375
0 0.159375 0.52890625 0.1046875 0.0890625
0 0.1796875 0.47734375 0.10625 0.090625
0 0.0875 0.465625 0.090625 0.075
0 0.13125 0.37734375 0.0890625 0.0765625
0 0.27109375 0.3015625 0.0890625 0.0734375
0 0.2015625 0.42734375 0.103125 0.0859375
0 0.28984375 0.26328125 0.0859375 0.0703125
0 0.10703125 0.628125 0.1078125 0.0875
0 0.1921875 0.26328125 0.0921875 0.078125
0 0.3109375 0.4109375 0.1015625 0.0859375
0 0.13671875 0.578125 0.1046875 0.0859375
0 0.25078125 0.33984375 0.0921875 0.0734375
0 0.01484375 0.653125 0.0296875 0.065625
0 0.225 0.3796875 0.096875 0.08125
0 0.1546875 0.340625 0.0859375 0.06875
0 0.0234375 0.6171875 0.046875 0.0625
0 0.3328125 0.36640625 0.0953125 0.078125
0 0.9890625 0.56484375 0.021875 0.0796875
0 0.1734375 0.30078125 0.0828125 0.0625
0 0.04609375 0.5625 0.0875 0.0734375
0 0.0328125 0.5921875 0.065625 0.059375
0 0.34921875 0.3265625 0.0828125 0.0625
0 0.115625 0.18046875 0.0484375 0.0546875
0 0.21171875 0.23671875 0.0703125 0.0484375