0 0.778125 0.375 0.10234375 0.134375
0 0.7765625 0.49296875 0.09609375 0.125
0 0.87734375 0.49296875 0.096875 0.125
0 0.77109375 0.61953125 0.09609375 0.12734375
0 0.87734375 0.621875 0.09453125 0.10859375
0 0.7671875 0.73828125 0.0984375 0.1109375
0 0.76640625 0.85390625 0.10234375 0.1109375
0 0.86953125 0.73984375 0.1 0.11796875
0 0.86640625 0.853125 0.09609375 0.12734375
0 0.6046875 0.815625 0.1296875 0.1875
0 0.59921875 0.62578125 0.11953125 0.1921875
0 0.5984375 0.4328125 0.11328125 0.19453125
0 0.46875 0.35390625 0.115625 0.19921875
0 0.46484375 0.5484375 0.11171875 0.18984375
0 0.46484375 0.7734375 0.1453125 0.2640625
0 0.29453125 0.7265625 0.18984375 0.365625
0 0.11015625 0.52578125 0.13125 0.08828125
0 0.1234375 0.871875 0.13125 0.08125
0 0.1234375 0.79140625 0.13125 0.08828125
0 0.11953125 0.7 0.13125 0.090625
0 0.12109375 0.61796875 0.134375 0.096875