0 0.68671875 0.34140625 0.1421875 0.175
0 0.69140625 0.534375 0.13828125 0.178125
0 0.69453125 0.7203125 0.14296875 0.178125
0 0.38125 0.1328125 0.23515625 0.0765625
0 0.390625 0.22109375 0.23828125 0.08046875
0 0.39140625 0.309375 0.23984375 0.0796875
0 0.3921875 0.39375 0.2375 0.0734375
0 0.39296875 0.48046875 0.2359375 0.08125
0 0.3921875 0.56328125 0.23828125 0.065625
0 0.39140625 0.6484375 0.234375 0.075
0 0.39296875 0.73203125 0.2359375 0.06796875
0 0.39609375 0.81640625 0.2390625 0.07890625
0 0.396875 0.89921875 0.2375 0.0609375
0 0.13671875 0.56875 0.26484375 0.09140625
0 0.13359375 0.7875 0.2671875 0.3140625