0 0.47734375 0.7046875 0.13046875 0.1453125
0 0.61328125 0.70625 0.121875 0.13515625
0 0.6125 0.5640625 0.1171875 0.1296875
0 0.51875 0.40234375 0.11015625 0.13359375
0 0.621875 0.40234375 0.09765625 0.1265625
0 0.5640625 0.2390625 0.06484375 0.19375
0 0.49140625 0.23203125 0.07421875 0.18984375
0 0.6375 0.2390625 0.07421875 0.18046875
0 0.28515625 0.7765625 0.13203125 0.14921875
0 0.2796875 0.6203125 0.1328125 0.14921875
0 0.14453125 0.61328125 0.1359375 0.15546875
0 0.15625 0.76328125 0.121875 0.1265625
0 0.21875 0.41015625 0.10859375 0.13515625
0 0.33125 0.4140625 0.11328125 0.1453125
0 0.3296875 0.265625 0.11328125 0.14453125
0 0.21171875 0.26484375 0.1046875 0.1359375
0 0.7037065515625 0.6095249671875 0.700929984375 0.8649818453125 0.789087296875 0.8810248703125 0.8043586234375001 0.6119931109375 0.7037065515625 0.6095249671875
0 0.7224486406249999 0.309640946875 0.7168954015625 0.595949896875 0.8126884296875 0.6082908015624999 0.83212481875 0.308406828125 0.7224486406249999 0.309640946875