0 0.5734375 0.7125 0.11171875 0.1234375
0 0.44609375 0.7015625 0.1125 0.1328125
0 0.578125 0.57734375 0.1203125 0.12109375
0 0.690625 0.73984375 0.0859375 0.265625
0 0.71015625 0.47265625 0.09609375 0.27578125
0 0.53125 0.2703125 0.059375 0.16796875
0 0.46640625 0.27109375 0.065625 0.1796875
0 0.48828125 0.415625 0.09765625 0.11171875
0 0.590625 0.421875 0.0984375 0.1234375
0 0.60234375 0.26875 0.075 0.159375
0 0.25703125 0.61953125 0.12265625 0.15546875
0 0.26328125 0.7640625 0.12734375 0.13125
0 0.1421875 0.75546875 0.10859375 0.1296875
0 0.1328125 0.61484375 0.1171875 0.14609375
0 0.3078125 0.4390625 0.096875 0.12734375
0 0.30859375 0.30078125 0.09296875 0.1203125
0 0.20546875 0.43046875 0.10390625 0.13203125
0 0.20703125 0.30078125 0.1078125 0.13984375