0 0.3453125 0.4140625 0.090625 0.18828125
0 0.34765625 0.609375 0.0875 0.18046875
0 0.3375 0.79609375 0.08828125 0.18515625
0 0.43984375 0.7984375 0.08671875 0.17109375
0 0.440625 0.6140625 0.0875 0.18359375
0 0.44140625 0.41796875 0.0921875 0.190625
0 0.5375 0.40546875 0.0890625 0.1984375
0 0.5375 0.6078125 0.0890625 0.18984375
0 0.53203125 0.79921875 0.08203125 0.17421875
0 0.67734375 0.4359375 0.0921875 0.24375
0 0.659375 0.64453125 0.12890625 0.1640625
0 0.6546875 0.8125 0.13359375 0.15625
0 0.796875 0.81328125 0.12265625 0.15625
0 0.3421875 0.196875 0.08203125 0.0484375
0 0.33984375 0.24453125 0.07890625 0.0359375
0 0.340625 0.290625 0.08203125 0.0453125
0 0.5328125 0.2359375 0.08125 0.04453125
0 0.53359375 0.28125 0.08203125 0.04140625
0 0.1328125 0.3859375 0.07734375 0.1609375
0 0.10745758593750002 0.7240740734375 0.015299479687500001 0.7203703703125 0.02778395 0.9120370375 0.1168309546875 0.9101851859375 0.10745758593750002 0.7240740734375
0 0.8458707578125001 0.728703703125 0.8594100687499999 0.49444444374999996 0.7569661453125 0.4916666671875 0.756823753125 0.4879629625 0.7490126125 0.7296296296875 0.8458707578125001 0.728703703125
0 0.9651208406249999 0.7120370375 0.97866015 0.51944444375 0.8856119796874999 0.5129629625 0.8849264609375 0.5101851859375001 0.876594578125 0.7120370375 0.9651208406249999 0.7120370375
0 0.9630378687500001 0.7185185187500001 0.8767578125 0.7203703703125 0.8682626953125 0.9 0.952623015625 0.8981481484374999 0.9630378687500001 0.7185185187500001
0 1 0.7060893734375 0.9705078125 0.7111111109375 0.9567889562499999 0.897222221875 1 0.897222221875 1 0.7060893734375