0 0.7203125 0.43984375 0.1203125 0.271875
0 0.60625 0.69921875 0.1203125 0.1390625
0 0.60234375 0.56875 0.1359375 0.15
0 0.59296875 0.2515625 0.084375 0.165625
0 0.521875 0.25703125 0.084375 0.1796875
0 0.45 0.2640625 0.084375 0.1828125
0 0.48828125 0.41171875 0.0953125 0.1171875
0 0.5890625 0.403125 0.1203125 0.11875
0 0.47890625 0.69765625 0.1328125 0.121875
0 0.31015625 0.7828125 0.134375 0.153125
0 0.2890625 0.63046875 0.1421875 0.1484375
0 0.1875 0.7796875 0.128125 0.15
0 0.16171875 0.63203125 0.1265625 0.1375
0 0.315625 0.4390625 0.115625 0.1375
0 0.3 0.30390625 0.1140625 0.125
0 0.2109375 0.4515625 0.1140625 0.1328125
0 0.19453125 0.31171875 0.1171875 0.1328125