0 0.6390625 0.77265625 0.08671875 0.05390625
0 0.54921875 0.7171875 0.0828125 0.0546875
0 0.71796875 0.61953125 0.084375 0.053125
0 0.54375 0.5625 0.0796875 0.04375
0 0.7203125 0.66796875 0.08515625 0.053125
0 0.6375 0.71796875 0.084375 0.0515625
0 0.71640625 0.56875 0.0828125 0.05390625
0 0.73203125 0.78359375 0.08828125 0.05546875
0 0.46015625 0.72734375 0.0828125 0.05234375
0 0.54140625 0.46640625 0.08203125 0.05546875
0 0.54296875 0.5140625 0.078125 0.05
0 0.46015625 0.78125 0.084375 0.0515625
0 0.1421875 0.66796875 0.0875 0.05625
0 0.6421875 0.83359375 0.08359375 0.05390625
0 0.4640625 0.621875 0.08515625 0.0484375
0 0.24296875 0.61875 0.09140625 0.053125
0 0.2390625 0.67265625 0.0921875 0.05390625
0 0.140625 0.7265625 0.08984375 0.05703125
0 0.3390625 0.46640625 0.0828125 0.05546875
0 0.2421875 0.56328125 0.08984375 0.05625
0 0.725 0.7234375 0.08203125 0.0546875
0 0.55078125 0.665625 0.08359375 0.05
0 0.68828125 0.321875 0.0796875 0.05
0 0.63515625 0.66484375 0.08203125 0.04765625
0 0.2453125 0.5046875 0.08671875 0.05546875
0 0.63203125 0.55546875 0.08515625 0.053125
0 0.4609375 0.675 0.0828125 0.05
0 0.4640625 0.57421875 0.0828125 0.04453125
0 0.546875 0.6140625 0.0828125 0.04921875
0 0.15 0.6140625 0.084375 0.053125
0 0.4640625 0.521875 0.08125 0.0453125
0 0.9609375 0.771875 0.07734375 0.05390625
0 0.33671875 0.51953125 0.08359375 0.05234375
0 0.16015625 0.5046875 0.084375 0.053125
0 0.5484375 0.77890625 0.0890625 0.05234375
0 0.634375 0.61171875 0.0828125 0.05234375
0 0.73203125 0.84140625 0.0859375 0.05703125
0 0.23671875 0.7265625 0.08984375 0.05390625
0 0.6953125 0.37109375 0.08125 0.04609375
0 0.32109375 0.7921875 0.08359375 0.05625
0 0.45546875 0.4296875 0.07734375 0.04453125
0 0.62109375 0.45859375 0.078125 0.046875
0 0.95859375 0.71484375 0.08125 0.05859375
0 0.61796875 0.41484375 0.0734375 0.04375
0 0.553125 0.8359375 0.0921875 0.053125
0 0.23359375 0.78359375 0.09296875 0.05625
0 0.7140625 0.51328125 0.08203125 0.04921875
0 0.15703125 0.55859375 0.0796875 0.0484375
0 0.865625 0.6875 0.08671875 0.0515625
0 0.8609375 0.6359375 0.07734375 0.05078125
0 0.46171875 0.84375 0.0875 0.05703125
0 0.703125 0.415625 0.0875 0.0453125
0 0.628125 0.50546875 0.07734375 0.04765625
0 0.9640625 0.82890625 0.07109375 0.0578125
0 0.53671875 0.41328125 0.08125 0.04765625
0 0.25 0.45078125 0.084375 0.053125
0 0.70859375 0.46484375 0.08984375 0.05
0 0.8859375 0.83984375 0.08359375 0.03671875
0 0.3234375 0.73515625 0.08046875 0.05546875
0 0.6125 0.3734375 0.06953125 0.040625
0 0.45859375 0.4734375 0.08125 0.04765625
0 0.8515625 0.5859375 0.0796875 0.04921875
0 0.33515625 0.57421875 0.08671875 0.05390625
0 0.88203125 0.76640625 0.07734375 0.0328125
0 0.13828125 0.7828125 0.084375 0.05078125
0 0.321875 0.85234375 0.09453125 0.05625
0 0.05625 0.75859375 0.08515625 0.05
0 0.5328125 0.3703125 0.08125 0.04140625
0 0.84609375 0.53828125 0.0765625 0.05
0 0.1296875 0.840625 0.090625 0.046875
0 0.225 0.846875 0.1015625 0.05703125
0 0.5265625 0.33046875 0.075 0.04453125
0 0.3359375 0.628125 0.09765625 0.0515625
0 0.8359375 0.409375 0.07421875 0.046875
0 0.90859375 0.41328125 0.06953125 0.04609375
0 0.328125 0.6796875 0.08828125 0.05390625
0 0.903125 0.32734375 0.06875 0.05078125
0 0.95625 0.6578125 0.08671875 0.046875
0 0.88203125 0.8 0.0703125 0.03359375
0 0.94765625 0.60859375 0.09140625 0.0546875
0 0.87890625 0.73203125 0.075 0.03359375
0 0.93671875 0.55546875 0.09296875 0.05234375
0 0.015625 0.878125 0.0265625 0.1484375
0 0.84140625 0.45625 0.07109375 0.04140625
0 0.9 0.37109375 0.0734375 0.03984375
0 0.84375 0.49140625 0.071875 0.0453125
0 0.9171875 0.45703125 0.07109375 0.0421875
0 0.38515625 0.77578125 0.03828125 0.16171875
0 0.83046875 0.3890625 0.0671875 0.03359375
0 0.92578125 0.50078125 0.08203125 0.05078125