0 0.29453125 0.44453125 0.121875 0.15078125
0 0.28203125 0.78046875 0.1328125 0.1734375
0 0.42734375 0.796875 0.15078125 0.14453125
0 0.43125 0.64609375 0.146875 0.1359375
0 0.43359375 0.50234375 0.1359375 0.13125
0 0.2890625 0.609375 0.12890625 0.1609375
0 0.07265625 0.29375 0.0828125 0.08515625
0 0.0671875 0.3890625 0.08515625 0.08984375
0 0.8109375 0.60703125 0.378125 0.46796875
0 0.0453125 0.70078125 0.08828125 0.10078125
0 0.0734375 0.19921875 0.09375 0.090625
0 0.01171875 0.29375 0.0234375 0.084375
0 0.04140625 0.81328125 0.0828125 0.1046875
0 0.05234375 0.59296875 0.0921875 0.0984375
0 0.06015625 0.490625 0.08984375 0.09453125
0 0.00859375 0.3875 0.01640625 0.08828125
0 0.6921875 0.31875 0.159375 0.03984375
0 0.0171875 0.20234375 0.0296875 0.08828125
0 0.9609375 0.32734375 0.0734375 0.03359375