0 0.31484375 0.72109375 0.08671875 0.05625
0 0.48984375 0.6734375 0.084375 0.05234375
0 0.22265625 0.84453125 0.08515625 0.059375
0 0.490625 0.62109375 0.08359375 0.05234375
0 0.49140625 0.725 0.08671875 0.05546875
0 0.31953125 0.66796875 0.08359375 0.05078125
0 0.3125 0.77734375 0.0875 0.05390625
0 0.2359375 0.62421875 0.0796875 0.05234375
0 0.490625 0.56875 0.08359375 0.05234375
0 0.49140625 0.7859375 0.0828125 0.05625
0 0.728125 0.771875 0.090625 0.053125
0 0.31953125 0.56640625 0.08046875 0.04765625
0 0.22890625 0.78125 0.078125 0.05390625
0 0.31796875 0.6140625 0.084375 0.05390625
0 0.72890625 0.8296875 0.090625 0.053125
0 0.23515625 0.67734375 0.0796875 0.0484375
0 0.6328125 0.6890625 0.0859375 0.05546875
0 0.40625 0.61328125 0.0828125 0.05234375
0 0.68984375 0.3296875 0.07109375 0.0515625
0 0.240625 0.52421875 0.0828125 0.05234375
0 0.4046875 0.5609375 0.08046875 0.05
0 0.7296875 0.71484375 0.0875 0.05859375
0 0.48828125 0.46875 0.0890625 0.053125
0 0.48828125 0.51796875 0.0828125 0.05
0 0.2328125 0.728125 0.0796875 0.0515625
0 0.40546875 0.66328125 0.08359375 0.04921875
0 0.82109375 0.82734375 0.090625 0.05703125
0 0.640625 0.84140625 0.0765625 0.03515625
0 0.6296875 0.6359375 0.078125 0.0484375
0 0.3109375 0.83828125 0.08515625 0.053125
0 0.4046875 0.7734375 0.0875 0.05546875
0 0.625 0.5890625 0.07734375 0.05
0 0.403125 0.5078125 0.0765625 0.04453125
0 0.4015625 0.4609375 0.075 0.0453125
0 0.32109375 0.465625 0.08359375 0.0515625
0 0.40390625 0.834375 0.08984375 0.05390625
0 0.7140625 0.61015625 0.08671875 0.05390625
0 0.403125 0.71953125 0.08203125 0.0515625
0 0.48359375 0.4171875 0.08203125 0.04453125
0 0.7203125 0.6625 0.08515625 0.0546875
0 0.6203125 0.5390625 0.07421875 0.04921875
0 0.70625 0.55546875 0.08515625 0.05390625
0 0.3203125 0.415625 0.084375 0.053125
0 0.240625 0.475 0.075 0.04921875
0 0.321875 0.51640625 0.0796875 0.05
0 0.79453125 0.55234375 0.08515625 0.05625
0 0.48203125 0.37265625 0.0796875 0.0421875
0 0.2390625 0.5734375 0.08046875 0.046875
0 0.82109375 0.76796875 0.090625 0.05703125
0 0.315625 0.33125 0.0796875 0.04375
0 0.95390625 0.525 0.0921875 0.08125
0 0.49296875 0.84296875 0.08671875 0.05625
0 0.6390625 0.7328125 0.07890625 0.0375
0 0.8171875 0.7109375 0.0890625 0.05625
0 0.47890625 0.32578125 0.07734375 0.046875
0 0.68984375 0.41640625 0.06875 0.04453125
0 0.61640625 0.4109375 0.07421875 0.0515625
0 0.403125 0.41796875 0.071875 0.0421875
0 0.03125 0.50390625 0.0625 0.0484375
0 0.01953125 0.78671875 0.03671875 0.0546875
0 0.0296875 0.56328125 0.059375 0.05
0 0.809375 0.65625 0.08671875 0.0546875
0 0.63984375 0.77109375 0.075 0.03203125
0 0.02734375 0.61953125 0.0546875 0.0546875
0 0.3171875 0.37109375 0.08359375 0.04609375
0 0.68828125 0.375 0.071875 0.0390625
0 0.95546875 0.615625 0.0859375 0.08125
0 0.703125 0.50234375 0.0828125 0.05078125
0 0.021875 0.7296875 0.03984375 0.05078125
0 0.10703125 0.52109375 0.084375 0.0515625
0 0.03203125 0.4546875 0.0640625 0.04921875
0 0.39921875 0.37734375 0.07421875 0.04453125
0 0.78828125 0.49921875 0.0875 0.05625
0 0.11015625 0.4671875 0.08359375 0.0546875
0 0.64140625 0.80234375 0.071875 0.034375
0 0.80234375 0.60625 0.0859375 0.0546875
0 0.69453125 0.45859375 0.07421875 0.04296875
0 0.08671875 0.73671875 0.08984375 0.05546875
0 0.61953125 0.4625 0.07265625 0.04453125
0 0.2390625 0.43359375 0.06953125 0.040625
0 0.025 0.67578125 0.046875 0.05546875
0 0.9578125 0.709375 0.0796875 0.08671875
0 0.0796875 0.79375 0.0859375 0.05859375
0 0.08984375 0.68125 0.07890625 0.04921875
0 0.7625 0.4109375 0.07109375 0.0359375
0 0.07421875 0.85234375 0.0765625 0.04921875
0 0.01796875 0.84921875 0.03203125 0.05546875
0 0.09453125 0.63046875 0.08046875 0.05234375
0 0.10234375 0.578125 0.08203125 0.053125
0 0.76953125 0.453125 0.07109375 0.04140625
0 0.9625 0.80234375 0.07421875 0.0859375
0 0.6171875 0.50078125 0.06875 0.0390625