0 1 0.49059643125 0.9895983921875 0.486603628125 0.8889302906250001 0.7018617984375 0.9480480421875 0.7280089984375 1 0.592669521875 1 0.49059643125
0 0.8301128999999999 0.844914671875 0.8924822078125001 0.8727629453124999 0.9452369109375001 0.7353322484375 0.8904820015625001 0.7113836546875001 0.8301128999999999 0.844914671875
0 0.843640478125 1 0.88919268125 0.8813324578125 0.8334315734375 0.8570984015625 0.77392693125 0.9840186484375 0.8047188000000001 1 0.843640478125 1
0 0.7708093546875 0.9877809265625 0.8296884546875001 0.8576451546875001 0.68835470625 0.8033922125 0.6289832109375 0.9373061765624999 0.7708093546875 0.9877809265625
0 0.7904669656250001 0.464713284375 0.7691434703125 0.5140524156249999 0.7752628421875001 0.521360428125 0.745445159375 0.5932257671875 0.8410170906250001 0.6348714 0.8943015234375 0.513497846875 0.7904669656250001 0.464713284375
0 0.7976795625 0.7521288046875 0.84191993125 0.6441441765625 0.7441178703125 0.5966834734375001 0.6893761359374999 0.71353041875 0.7976795625 0.7521288046875
0 0.6671875 0.56328125 0.1984375 0.196875
0 0.60546875 0.70546875 0.1890625 0.1875
0 0.54921875 0.84609375 0.1859375 0.1796875
0 0.4109375 0.78359375 0.184375 0.175
0 0.46015625 0.64765625 0.1953125 0.19375
0 0.5203125 0.49921875 0.1984375 0.1921875
0 0.259375 0.725 0.1890625 0.1828125
0 0.1234375 0.6625 0.1828125 0.175
0 0.16640625 0.525 0.1921875 0.1875
0 0.2171875 0.3796875 0.2046875 0.2015625
0 0.2703125 0.2265625 0.2078125 0.2109375
0 0.2536218640625 0 0.219904234375 0.10089183906250002 0.40912663125000004 0.18047011875000002 0.4679903328125 0.031484215625 0.40662008125 0 0.2536218640625 0
0 0.3949887171875 0.596558471875 0.44073386406250004 0.48320066875 0.333625384375 0.44109377343749995 0.29181579062499996 0.550011490625 0.3949887171875 0.596558471875
0 0.1563595203125 0 0.1299939359375 0.06868469687499999 0.21515278906250002 0.10898593906250001 0.25079701718749997 0 0.1563595203125 0
0 0.21610228125000003 0.11232581718750001 0.1296214390625 0.069655084375 0.0709759640625 0.22243176718750002 0.1661412828125 0.2627455453125 0.21610228125000003 0.11232581718750001
0 0.163355528125 0.265643396875 0.06838293749999999 0.229186834375 0.014294912500000001 0.3700909578125 0.11674303906250001 0.4104058890625 0.163355528125 0.265643396875
0 0 0.5178623984375 0.06802765 0.55039395 0.11081184375 0.4170553265625 0.012615709375 0.37446543125 0 0.407330478125 0 0.5178623984375
0 0 0.6691123140624999 0.028944268750000002 0.68118598125 0.06928597656249999 0.5558359828125 0 0.52418234375 0 0.6691123140624999