0 0.32265625 0.475 0.1546875 0.1609375
0 0.38671875 0.584375 0.1578125 0.1609375
0 0.44453125 0.69296875 0.1578125 0.1640625
0 0.5078125 0.80546875 0.15625 0.1625
0 0.56484375 0.90390625 0.153125 0.1609375
0 0.4140625 0.96328125 0.159375 0.0734375
0 0.3515625 0.89296875 0.1578125 0.1625
0 0.28828125 0.77734375 0.16875 0.1765625
0 0.228125 0.66953125 0.165625 0.1703125
0 0.2546875 0.934375 0.15625 0.13125
0 0.1890625 0.8421875 0.1640625 0.16875
0 0.125 0.72265625 0.16875 0.1765625
0 0.0671875 0.609375 0.134375 0.159375
0 0.34921875 0.309375 0.153125 0.159375
0 0.41484375 0.41875 0.1578125 0.1640625
0 0.475 0.5296875 0.1484375 0.15625
0 0.5390625 0.63828125 0.146875 0.15625
0 0.59140625 0.740625 0.14375 0.146875
0 0.659375 0.85078125 0.14375 0.15
0 0.69453125 0.63046875 0.35625 0.45625
0 0.82109375 0.62109375 0.2046875 0.321875
0 0.784375 0.2953125 0.2578125 0.25
0 0.871875 0.46640625 0.25625 0.2671875
0 0.91640625 0.62890625 0.1671875 0.2609375