0 0.89453125 0.62578125 0.128125 0.16640625
0 0.89921875 0.8140625 0.12578125 0.184375
0 0.44375 0.25625 0.134375 0.1890625
0 0.4484375 0.44921875 0.13828125 0.17421875
0 0.4515625 0.6390625 0.13828125 0.1703125
0 0.45234375 0.83046875 0.13671875 0.1765625
0 0.30546875 0.8390625 0.14140625 0.1765625
0 0.30390625 0.64453125 0.13984375 0.18828125
0 0.30546875 0.44921875 0.14453125 0.17890625
0 0.30234375 0.25625 0.13515625 0.1890625
0 0.15234375 0.259375 0.1390625 0.1859375
0 0.1609375 0.45859375 0.14140625 0.17890625
0 0.15703125 0.6484375 0.1390625 0.18125
0 0.15859375 0.84375 0.14296875 0.17890625