0 0.6859375 0.125 0.2140625 0.2265625
0 0.77265625 0.30546875 0.2171875 0.23125
0 0.865625 0.471875 0.2109375 0.2234375
0 0.92734375 0.64296875 0.1453125 0.2140625
0 0.53828125 0.2125 0.2328125 0.2484375
0 0.625 0.3875 0.21875 0.2265625
0 0.71796875 0.55546875 0.215625 0.225
0 0.80703125 0.725 0.2140625 0.2203125
0 0.38125 0.29921875 0.2234375 0.2328125
0 0.4734375 0.4703125 0.215625 0.225
0 0.57265625 0.6390625 0.2078125 0.2171875
0 0.66015625 0.79609375 0.2171875 0.2265625
0 0.23203125 0.37265625 0.2234375 0.234375
0 0.32578125 0.54375 0.21875 0.2265625
0 0.41953125 0.709375 0.21875 0.2234375
0 0.51796875 0.88359375 0.2109375 0.21875
0 0.0984375 0.44453125 0.196875 0.2484375
0 0.175 0.62109375 0.2328125 0.2421875
0 0.2703125 0.7921875 0.2359375 0.2484375
0 0.36796875 0.92265625 0.2359375 0.1546875