0 0.65078125 0.41328125 0.096875 0.1046875
0 0.62890625 0.6171875 0.0984375 0.1109375
0 0.640625 0.51328125 0.096875 0.1078125
0 0.734375 0.42578125 0.0921875 0.1
0 0.81015625 0.64296875 0.09375 0.1078125
0 0.6609375 0.3203125 0.0921875 0.1
0 0.74609375 0.33359375 0.09375 0.09375
0 0.60546875 0.83359375 0.1078125 0.1171875
0 0.67265625 0.22890625 0.0890625 0.0984375
0 0.75546875 0.23984375 0.0890625 0.0953125
0 0.815625 0.540625 0.0875 0.1015625
0 0.71953125 0.63046875 0.1015625 0.109375
0 0.72734375 0.528125 0.09375 0.1015625
0 0.834375 0.253125 0.0859375 0.0921875
0 0.61640625 0.72578125 0.1046875 0.1125
0 0.70859375 0.73984375 0.1015625 0.1140625
0 0.70234375 0.8515625 0.10625 0.1140625
0 0.8203125 0.44375 0.090625 0.0984375
0 0.80234375 0.753125 0.1 0.1125
0 0.83125 0.3484375 0.0875 0.0953125
0 0.79375 0.86484375 0.1 0.1125
0 0.26640625 0.43203125 0.5328125 0.6828125