0 0.583808025 0.2932098703125 0.5904774765624999 0.45138890624999994 0.670305334375 0.4405864609375 0.6633638046875 0.28317905312499997 0.583808025 0.2932098703125
0 0.579901775 0.4598765375 0.5904774765624999 0.6057098703125 0.6781145828125 0.5949074249999999 0.6677022499999999 0.44830246406249996 0.579901775 0.4598765375
0 0.582505940625 0.6126543156250001 0.5878743937500001 0.75385801875 0.6798499453125 0.752314903125 0.6720406953125 0.6057098703125 0.582505940625 0.6126543156250001
0 0.587714275 0.763117278125 0.5878743937500001 0.914351940625 0.6720406953125 0.914351940625 0.6694376125 0.76003090625 0.587714275 0.763117278125
0 0.8 0.5140625 0.1140625 0.07578125
0 0.80234375 0.5953125 0.1140625 0.0765625
0 0.803125 0.68125 0.11796875 0.071875
0 0.803125 0.76328125 0.1109375 0.06484375
0 0.8046875 0.84296875 0.10390625 0.05703125
0 0.440625 0.48828125 0.1046875 0.84375
0 0.32734375 0.4875 0.10390625 0.8234375
0 0.11636010781249999 0.06635801875 0.1566302296875 0.9236112000000001 0.2676951640625 0.9097223109374999 0.23211964062499998 0.054783945312500006 0.11636010781249999 0.06635801875