0 0.77265625 0.31015625 0.1046875 0.1046875
0 0.73359375 0.3921875 0.1015625 0.1046875
0 0.696875 0.478125 0.109375 0.1109375
0 0.65390625 0.5703125 0.115625 0.1171875
0 0.6140625 0.6640625 0.1140625 0.11875
0 0.56953125 0.7640625 0.121875 0.121875
0 0.528125 0.86640625 0.14375 0.14375
0 0.846875 0.34453125 0.1 0.1
0 0.8109375 0.4265625 0.1046875 0.10625
0 0.77578125 0.51875 0.109375 0.1125
0 0.734375 0.61171875 0.1109375 0.1140625
0 0.6921875 0.70625 0.1046875 0.1078125
0 0.659375 0.80859375 0.115625 0.1265625
0 0.61953125 0.9171875 0.1203125 0.128125
0 0.92109375 0.38125 0.1015625 0.1
0 0.88515625 0.471875 0.1015625 0.0984375
0 0.853125 0.55625 0.1 0.103125
0 0.8171875 0.64921875 0.10625 0.1109375
0 0.78046875 0.7453125 0.109375 0.1125
0 0.7421875 0.8453125 0.1140625 0.125
0 0.7 0.9484375 0.1125 0.103125