0 0.26640625 0.221875 0.15 0.10625
0 0.228125 0.53984375 0.2296875 0.5640625
0 0.37578125 0.25546875 0.065625 0.121875
0 0.41875 0.2609375 0.0640625 0.115625
0 0.37890625 0.37109375 0.1203125 0.1265625
0 0.36171875 0.48515625 0.1203125 0.121875
0 0.34140625 0.596875 0.121875 0.1234375
0 0.32890625 0.7 0.1171875 0.1125
0 0.315625 0.8015625 0.115625 0.1125
0 0.45625 0.3875 0.04375 0.0578125
0 0.4984375 0.3953125 0.05 0.05
0 0.44609375 0.44140625 0.046875 0.0609375
0 0.48984375 0.45 0.0515625 0.0515625
0 0.43359375 0.49609375 0.05 0.059375
0 0.47890625 0.50078125 0.046875 0.05625
0 0.4265625 0.54765625 0.04375 0.05
0 0.46640625 0.55078125 0.046875 0.0484375
0 0.41953125 0.5890625 0.0484375 0.065625
0 0.46328125 0.60078125 0.0515625 0.0546875
0 0.41171875 0.64375 0.0421875 0.05625
0 0.45703125 0.65390625 0.0546875 0.0625
0 0.40859375 0.6953125 0.0484375 0.0609375
0 0.446875 0.70546875 0.0453125 0.0453125
0 0.396875 0.7453125 0.04375 0.0375
0 0.440625 0.75546875 0.0484375 0.04375
0 0.39140625 0.790625 0.05 0.0546875
0 0.43203125 0.7953125 0.04375 0.0453125
0 0.3828125 0.8359375 0.046875 0.0484375
0 0.42578125 0.8453125 0.0453125 0.0453125
0 0.51875 0.7125 0.1515625 0.3234375
0 0.68828125 0.303125 0.1046875 0.1109375
0 0.6703125 0.43203125 0.1140625 0.1125
0 0.653125 0.53671875 0.115625 0.109375
0 0.6375 0.6390625 0.11875 0.1140625
0 0.61953125 0.753125 0.1109375 0.1171875
0 0.5984375 0.85859375 0.109375 0.115625
0 0.79296875 0.31796875 0.11875 0.125
0 0.771875 0.43984375 0.1109375 0.1171875
0 0.75703125 0.5484375 0.1203125 0.125
0 0.734375 0.6578125 0.1140625 0.11875
0 0.7171875 0.76328125 0.1140625 0.1171875
0 0.6953125 0.8671875 0.10625 0.1171875
0 0.89375 0.328125 0.1171875 0.1234375
0 0.87109375 0.4484375 0.1203125 0.1296875
0 0.85234375 0.565625 0.115625 0.11875
0 0.83359375 0.6765625 0.1015625 0.1140625
0 0.81328125 0.7765625 0.10625 0.1203125
0 0.78828125 0.88203125 0.103125 0.10625
0 0.9546875 0.53125 0.0734375 0.1625
0 0.92265625 0.69921875 0.08125 0.16875
0 0.89140625 0.8625 0.075 0.1453125