0 0.2859375 0.56171875 0.546875 0.5796875
0 0.86796875 0.26796875 0.0859375 0.0953125
0 0.9625 0.18984375 0.075 0.0953125
0 0.859375 0.359375 0.0875 0.1015625
0 0.8453125 0.453125 0.090625 0.103125
0 0.8359375 0.55234375 0.0953125 0.1078125
0 0.821875 0.65703125 0.096875 0.109375
0 0.8109375 0.759375 0.096875 0.115625
0 0.79609375 0.87265625 0.1015625 0.1171875
0 0.89921875 0.778125 0.0953125 0.109375
0 0.88515625 0.8890625 0.103125 0.1171875
0 0.909375 0.67578125 0.090625 0.10625
0 0.91875 0.571875 0.090625 0.103125
0 0.93125 0.475 0.0953125 0.1015625
0 0.9421875 0.3796875 0.090625 0.0984375
0 0.95078125 0.2890625 0.090625 0.0984375
0 0.9875 0.39140625 0.025 0.0921875
0 0.984375 0.48984375 0.03125 0.0984375