0 0.77421875 0.6140625 0.08828125 0.15390625
0 0.91015625 0.61171875 0.1640625 0.16875
0 0.7828125 0.7828125 0.10234375 0.14375
0 0.91484375 0.7859375 0.16015625 0.14140625
0 0.86953125 0.47734375 0.10234375 0.11015625
0 0.7671875 0.44296875 0.0859375 0.16328125
0 0.65 0.78828125 0.10234375 0.190625
0 0.5546875 0.7921875 0.10234375 0.178125
0 0.45703125 0.7859375 0.09921875 0.18046875
0 0.315625 0.77734375 0.1625 0.1734375
0 0.184375 0.78984375 0.08671875 0.19765625
0 0.2453125 0.61875 0.20078125 0.14921875
0 0.4015625 0.6296875 0.06796875 0.1125
0 0.4046875 0.3953125 0.14609375 0.26875