0 0.478125 0.19453125 0.090625 0.0859375
0 0.4859375 0.2859375 0.0921875 0.0859375
0 0.49765625 0.38046875 0.0953125 0.1
0 0.5078125 0.48203125 0.096875 0.096875
0 0.5203125 0.5859375 0.0984375 0.10625
0 0.53046875 0.696875 0.1046875 0.1046875
0 0.54296875 0.81328125 0.1046875 0.1171875
0 0.5640625 0.18359375 0.0921875 0.09375
0 0.57421875 0.27578125 0.0921875 0.09375
0 0.5875 0.37109375 0.09375 0.1046875
0 0.60234375 0.4734375 0.1015625 0.103125
0 0.615625 0.5765625 0.1 0.109375
0 0.62890625 0.68828125 0.0984375 0.11875
0 0.64140625 0.8046875 0.1046875 0.1171875
0 0.64765625 0.17734375 0.0890625 0.103125
0 0.6625 0.2671875 0.090625 0.090625
0 0.67578125 0.3671875 0.090625 0.096875
0 0.69375 0.465625 0.090625 0.1015625
0 0.709375 0.5703125 0.0953125 0.1125
0 0.7234375 0.67734375 0.09375 0.109375
0 0.73984375 0.79296875 0.0984375 0.1078125