0 0.8808059390625 0.482421875 0.8819046500000001 0.52734375 0.9522222749999999 0.5244140625 0.9533209843750001 0.48046875 0.8808059390625 0.482421875
0 0.88300355 0.533203125 0.88080613125 0.578125 0.9632091828125 0.5732421875 0.96266001875 0.5224609375 0.88300355 0.533203125
0 0.8786087109375 0.583984375 0.8824541 0.630859375 0.9643080828124999 0.62890625 0.963758728125 0.5751953125 0.8786087109375 0.583984375
0 0.88300355 0.6376953125 0.882501646875 0.69140625 0.9698016328125 0.6875 0.9687029234375 0.630859375 0.88300355 0.6376953125
0 0.88080613125 0.6953125 0.881402171875 0.75 0.97090034375 0.7470703125 0.969252278125 0.69140625 0.88080613125 0.6953125
0 0.8819046500000001 0.7568359375 0.88359901875 0.802734375 0.9730931734375 0.8056640625 0.9747458281249999 0.7548828125 0.8819046500000001 0.7568359375
0 0.88854225625 0.8076171875 0.8868490359375001 0.8564453125 0.979685815625 0.8544921875 0.9785913125000001 0.8095703125 0.88854225625 0.8076171875
0 0.784151528125 0.73046875 0.783570303125 0.779296875 0.8654196031250001 0.771484375 0.8648748375 0.72265625 0.784151528125 0.73046875
0 0.8104578171875 0.7848815921875001 0.8225743140624999 0.93359375 0.8356951921875 0.9306640625 0.8258704437500001 0.7861328125 0.8104578171875 0.7848815921875001
0 0.8110378609375 0.796875 0.7934544875 0.7978515625 0.7989520515625 0.9375 0.82092625 0.9375 0.8110378609375 0.796875
0 0.77423126875 0.71875 0.77587914375 0.6748046875 0.69787093125 0.6787109375 0.698969640625 0.7275390625 0.77423126875 0.71875
0 0.702815125 0.7314453125 0.7028334203125 0.7783203125 0.77972481875 0.7734375 0.780823528125 0.728515625 0.702815125 0.7314453125
0 0.7055870515625 0.783203125 0.7066774703125 0.833984375 0.7846690140625 0.833984375 0.784668821875 0.78125 0.7055870515625 0.783203125
0 0.7132528687499999 0.837890625 0.7105060953125 0.890625 0.7923557765625 0.8857421875 0.79071191875 0.8349609375 0.7132528687499999 0.837890625
0 0.7154502890625001 0.892578125 0.7165488078125 0.943359375 0.7978534374999999 0.9443359375 0.7940080484375 0.8876953125 0.7154502890625001 0.892578125
0 0.6510704140625 0.74609375 0.6538176671875 0.7421875 0.6540923921874999 0.6591796875 0.653542940625 0.64990234375 0.6518945890625 0.6474609375 0.50683964375 0.6484375 0.50546601875 0.650390625 0.503268215625 0.689453125 0.5013451390625 0.7353515625 0.5013451390625 0.7412109375 0.502993490625 0.74560546875 0.6510704140625 0.74609375
0 0.49393004218750003 0.35546875 0.49612784374999996 0.3525390625 0.498050921875 0.33056640625 0.498325646875 0.2861328125 0.4947542171875 0.27490234375 0.3626113609375 0.2734375 0.3604135578125 0.275390625 0.35849048125 0.29443359375 0.3560179546875 0.35302734375 0.3590399328125 0.357421875 0.48541355781249995 0.3583984375 0.49393004218750003 0.35546875
0 0.491456940625 0.439453125 0.4933800171875 0.4365234375 0.496676721875 0.3671875 0.49530309531250005 0.35791015625 0.4903580390625 0.35498046875 0.35739100625 0.35498046875 0.354094303125 0.357421875 0.3521712265625 0.38134765625 0.350522875 0.439453125 0.3527206765625 0.44140625 0.48129210625 0.44140625 0.491456940625 0.439453125
0 0.4098624828125 0.537109375 0.493378965625 0.53271484375 0.49585149375000004 0.53173828125 0.4974998453125 0.52685546875 0.49942292187500004 0.45458984375 0.4974998453125 0.44677734375 0.49173061406249996 0.44189453125 0.355192153125 0.443359375 0.352719625 0.45361328125 0.3510712734375 0.4755859375 0.3480492953125 0.529296875 0.3505218234375 0.53466796875 0.354642703125 0.537109375 0.4098624828125 0.537109375
0 0.4925529734375 0.84912109375 0.49694857812500004 0.8466796875 0.49832220468750005 0.84326171875 0.5024430843750001 0.74755859375 0.4953002265625 0.74462890625 0.347223303125 0.74560546875 0.3455749515625 0.7470703125 0.343651875 0.7578125 0.34200352343749996 0.78076171875 0.3392562703125 0.8349609375 0.339530996875 0.845703125 0.3414540734375 0.84765625 0.4925529734375 0.84912109375
0 0.30629048124999997 0.46826171875 0.3126091625 0.46142578125 0.3153564140625 0.447265625 0.3233234484375 0.3603515625 0.325795975 0.31005859375 0.31920256875 0.302734375 0.3128838875 0.29931640625 0.2109608109375 0.29931640625 0.1996970734375 0.2998046875 0.19200476718749998 0.30322265625 0.1870597109375 0.31005859375 0.1760707 0.4423828125 0.17634542656250002 0.4619140625 0.1859608109375 0.46875 0.300795975 0.470703125 0.30629048124999997 0.46826171875
0 0.6469564171875 0.646484375 0.64887949375 0.6240234375 0.6486047687500001 0.56103515625 0.6469564171875 0.55517578125 0.6409124609375 0.55322265625 0.5065718015625 0.55224609375 0.504648725 0.55615234375 0.500802571875 0.6025390625 0.5010772968749999 0.64013671875 0.5027256484375 0.64501953125 0.5060223515625 0.6474609375 0.6469564171875 0.646484375
0 0.1781810484375 0.4775390625 0.15952385625 0.6640625 0.3067301078125 0.6572265625 0.3177172078125 0.4794921875 0.1781810484375 0.4775390625
0 0.30073216875000003 0.861328125 0.3133223671875 0.662109375 0.1666445953125 0.666015625 0.154558690625 0.8564453125 0.30073216875000003 0.861328125
0 0.6376224500000001 0.55029296875 0.641468603125 0.54296875 0.641193878125 0.470703125 0.640919153125 0.46484375 0.6392708015624999 0.462890625 0.5021828890625 0.458984375 0.4999850875 0.46044921875 0.49833673593750005 0.52294921875 0.49943563593749996 0.5458984375 0.5016334390625 0.5498046875 0.6376224500000001 0.55029296875
0 0.6510890546875 0.8408203125 0.6513637796875 0.83203125 0.6505396046875 0.75341796875 0.6483418015625 0.75 0.6422978453125 0.74755859375 0.5065835609375 0.7490234375 0.5049352078125 0.75048828125 0.5035615828125 0.759765625 0.500264878125 0.81005859375 0.499715428125 0.84375 0.5013637796875 0.84521484375 0.649440703125 0.84326171875 0.6510890546875 0.8408203125
0 0.6362549421875 0.2783203125 0.6370791171875 0.21142578125 0.635430765625 0.20654296875 0.6321340625 0.203125 0.6021890078125 0.20068359375 0.5590571390625 0.19970703125 0.5052109859375 0.20263671875 0.5027384578125 0.205078125 0.50163955625 0.2421875 0.5021890078125 0.283203125 0.6335076890625 0.28515625 0.635430765625 0.28369140625 0.6362549421875 0.2783203125
0 0.6384615390625 0.46142578125 0.640934065625 0.45703125 0.640384615625 0.38525390625 0.6390109890625 0.37744140625 0.6362637359375001 0.37353515625 0.5030219781249999 0.3720703125 0.499725275 0.37646484375 0.499725275 0.42041015625 0.502472528125 0.46142578125 0.6343406593750001 0.462890625 0.6384615390625 0.46142578125
0 0.6373626375 0.37109375 0.6384615390625 0.3681640625 0.6376373625 0.30419921875 0.6362637359375001 0.29052734375 0.6343406593750001 0.28759765625 0.502472528125 0.2861328125 0.5005494500000001 0.2880859375 0.5 0.29248046875 0.49890109843749997 0.3271484375 0.4983516484375 0.357421875 0.4991758234375 0.3681640625 0.5010989015625 0.3701171875 0.6373626375 0.37109375
0 0.499725275 0.2705078125 0.502472528125 0.2666015625 0.5030219781249999 0.20361328125 0.5016483515625 0.19384765625 0.4980769234375 0.189453125 0.45247252812500005 0.18212890625 0.41813186875 0.181640625 0.3758241765625 0.18603515625 0.3670329671875 0.1884765625 0.365659340625 0.19091796875 0.366208790625 0.26904296875 0.3675824171875 0.271484375 0.4892857140625 0.27392578125 0.499725275 0.2705078125
0 0.49395604375 0.63720703125 0.4983516484375 0.63427734375 0.499725275 0.55126953125 0.49890109843749997 0.5390625 0.49532967031249997 0.53515625 0.46895604375 0.5341796875 0.35219780156249997 0.5390625 0.34917582343750003 0.5419921875 0.347527471875 0.578125 0.34780219843750004 0.63427734375 0.3508241765625 0.6376953125 0.48214285781250005 0.6376953125 0.49395604375 0.63720703125
0 0.5005494500000001 0.73876953125 0.5013736265625 0.654296875 0.5005494500000001 0.64013671875 0.49752747187499996 0.63623046875 0.34945054999999997 0.6376953125 0.347527471875 0.640625 0.346153846875 0.68359375 0.347252746875 0.7412109375 0.49505494531250005 0.7421875 0.5005494500000001 0.73876953125
0 0.0227335171875 0.658203125 0.16279882343750002 0.6611328125 0.176532696875 0.474609375 0.038644603124999996 0.4716796875 0.0227335171875 0.658203125
0 0.0029532968749999998 0.8564453125 0.1534597890625 0.861328125 0.1644468875 0.6650390625 0.0221639546875 0.6611328125 0.0029532968749999998 0.8564453125