0 0.6046875 0.19296875 0.175 0.184375
0 0.53671875 0.328125 0.16875 0.178125
0 0.47734375 0.45234375 0.1625 0.1671875
0 0.4234375 0.56640625 0.1546875 0.15625
0 0.36328125 0.68203125 0.15 0.1515625
0 0.30859375 0.78828125 0.146875 0.1484375
0 0.65 0.38125 0.16875 0.1796875
0 0.5859375 0.5015625 0.159375 0.165625
0 0.53046875 0.61640625 0.1546875 0.15625
0 0.47109375 0.72109375 0.1421875 0.1453125
0 0.41328125 0.83046875 0.1453125 0.1484375
0 0.45390625 0.15703125 0.1984375 0.1703125
0 0.4078125 0.26171875 0.19375 0.16875
0 0.359375 0.36171875 0.1859375 0.1578125
0 0.31484375 0.4609375 0.1859375 0.1578125
0 0.2703125 0.5515625 0.1828125 0.1546875
0 0.23046875 0.6421875 0.1765625 0.1453125
0 0.1875 0.728125 0.175 0.14375
0 0.0640625 0.66171875 0.128125 0.1359375
0 0.0859375 0.57265625 0.171875 0.1515625
0 0.12265625 0.48046875 0.18125 0.15
0 0.165625 0.38671875 0.1890625 0.165625
0 0.2078125 0.28984375 0.1890625 0.159375
0 0.25390625 0.18359375 0.2 0.1703125
0 0.60234375 0.68828125 0.14375 0.2015625
0 0.5109375 0.83203125 0.1140625 0.1546875
0 0.921875 0.3703125 0.15625 0.178125
0 0.85234375 0.49609375 0.1625 0.16875
0 0.78359375 0.61484375 0.15625 0.1640625
0 0.715625 0.72265625 0.1546875 0.15625
0 0.65625 0.83125 0.14375 0.15
0 0.58984375 0.93046875 0.1453125 0.1390625
0 0.978125 0.42890625 0.04375 0.1671875
0 0.9421875 0.5546875 0.115625 0.16875
0 0.8890625 0.6671875 0.15625 0.159375
0 0.81953125 0.78046875 0.146875 0.153125
0 0.7546875 0.88515625 0.14375 0.15
0 0.68984375 0.95625 0.1359375 0.0875
0 0.88984375 0.8140625 0.075 0.1203125
0 0.82578125 0.921875 0.08125 0.1125
0 0.76484375 0.98125 0.0953125 0.0375
0 0.0453125 0.340625 0.0859375 0.1140625
0 0.0921875 0.24140625 0.08125 0.1109375
0 0.02421875 0.43984375 0.0484375 0.1140625