0 0.465625 0.81015625 0.1046875 0.1171875
0 0.478125 0.7 0.1015625 0.109375
0 0.4859375 0.59140625 0.096875 0.1078125
0 0.4890625 0.48515625 0.0921875 0.1046875
0 0.50078125 0.3859375 0.09375 0.103125
0 0.5046875 0.290625 0.0890625 0.0953125
0 0.5109375 0.19765625 0.0890625 0.09375
0 0.43515625 0.09375 0.090625 0.090625
0 0.4234375 0.1859375 0.090625 0.09375
0 0.41640625 0.28203125 0.090625 0.096875
0 0.4109375 0.378125 0.09375 0.096875
0 0.4015625 0.478125 0.09375 0.1046875
0 0.38984375 0.58046875 0.1 0.1
0 0.38125 0.68984375 0.1015625 0.1125
0 0.36953125 0.79765625 0.103125 0.1140625
0 0.2734375 0.7890625 0.1046875 0.1171875
0 0.2875 0.678125 0.1015625 0.1125
0 0.29921875 0.5734375 0.1 0.109375
0 0.309375 0.46875 0.1 0.1078125
0 0.31953125 0.3671875 0.0953125 0.096875
0 0.3296875 0.27265625 0.0953125 0.096875
0 0.33828125 0.17890625 0.090625 0.09375
0 0.653125 0.16484375 0.0765625 0.084375
0 0.65 0.253125 0.084375 0.0875
0 0.64765625 0.33671875 0.08125 0.084375
0 0.64765625 0.425 0.0828125 0.0953125
0 0.6453125 0.5203125 0.0890625 0.096875
0 0.64296875 0.61328125 0.084375 0.096875
0 0.6375 0.7109375 0.0875 0.1046875
0 0.63515625 0.82109375 0.090625 0.103125
0 0.7234375 0.83359375 0.0921875 0.10625
0 0.72578125 0.7296875 0.0859375 0.1
0 0.72578125 0.6328125 0.0828125 0.0953125
0 0.73125 0.540625 0.0828125 0.103125
0 0.728125 0.44453125 0.0765625 0.090625
0 0.7296875 0.35625 0.0796875 0.0953125
0 0.73359375 0.27109375 0.0765625 0.0875
0 0.73125 0.18671875 0.078125 0.0828125
0 0.80859375 0.19296875 0.0734375 0.0796875
0 0.80625 0.275 0.075 0.084375
0 0.80390625 0.359375 0.0765625 0.0890625
0 0.80703125 0.44609375 0.0796875 0.0921875
0 0.80859375 0.53828125 0.078125 0.0890625
0 0.80859375 0.6328125 0.08125 0.1078125
0 0.81015625 0.73515625 0.0828125 0.1078125
0 0.8109375 0.8375 0.0875 0.1
0 0.9140625 0.27265625 0.090625 0.06875
0 0.92109375 0.36015625 0.0703125 0.090625
0 0.92265625 0.4515625 0.075 0.0953125
0 0.92421875 0.54375 0.075 0.0984375
0 0.9265625 0.63984375 0.0765625 0.10625
0 0.9296875 0.74296875 0.08125 0.1078125
0 0.8964998468750001 0.2239364203125 0.9861799906250001 0.220018903125 0.9859595531249999 0.1405959 0.8967610859375 0.15337819375 0.8964998468750001 0.2239364203125