0 0.3984375 0.746875 0.2890625 0.28125
0 0.54921875 0.4515625 0.1703125 0.171875
0 0.60703125 0.32421875 0.18125 0.18125
0 0.42421875 0.48828125 0.1 0.1140625
0 0.17734375 0.46484375 0.1625 0.2
0 0.11484375 0.62890625 0.1546875 0.184375
0 0.05 0.58359375 0.1 0.1796875
0 0.08203125 0.41875 0.159375 0.1984375
0 0.3125 0.2734375 0.0984375 0.146875
0 0.253125 0.24375 0.121875 0.159375
0 0.09453125 0.21171875 0.1 0.184375
0 0.0359375 0.3875 0.071875 0.178125
0 0.86796875 0.4546875 0.2640625 0.309375
0 0.77578125 0.6671875 0.2984375 0.2921875
0 0.67421875 0.8625 0.2828125 0.275
0 0.8247037953125 1 0.882229090625 0.870796075 0.8446748046874999 0.848061115625 0.7593760484375001 1 0.8247037953125 1
0 0.8452662343749999 0.8462973328125001 0.8886927468750001 0.8562784640625001 0.9806103437499999 0.6498281609375 0.9638385953125 0.6375927046875 0.8452662343749999 0.8462973328125001