0 0.678125 0.38203125 0.08359375 0.08828125
0 0.5859375 0.38046875 0.08515625 0.09296875
0 0.590625 0.48203125 0.08515625 0.09609375
0 0.596875 0.69375 0.09140625 0.103125
0 0.5828125 0.28359375 0.07890625 0.0875
0 0.59296875 0.5875 0.0875 0.09609375
0 0.60078125 0.8046875 0.09453125 0.1046875
0 0.66875 0.28515625 0.0828125 0.084375
0 0.76328125 0.38359375 0.08125 0.0890625
0 0.6921875 0.6953125 0.0921875 0.10078125
0 0.68671875 0.58828125 0.0890625 0.09375
0 0.8671875 0.15 0.07109375 0.0796875
0 0.665625 0.19375 0.08125 0.08828125
0 0.66015625 0.09375 0.08046875 0.0875
0 0.78125 0.58984375 0.08203125 0.09453125
0 0.6796875 0.4828125 0.08125 0.0921875
0 0.75703125 0.2875 0.0765625 0.0859375
0 0.58046875 0.1921875 0.0796875 0.0859375
0 0.784375 0.69609375 0.08359375 0.09921875
0 0.77109375 0.4828125 0.0734375 0.0921875
0 0.8828125 0.3234375 0.07109375 0.07734375
0 0.87578125 0.2375 0.07109375 0.07734375
0 0.70078125 0.8046875 0.0953125 0.10234375
0 0.90078125 0.409375 0.071875 0.0828125
0 0.93984375 0.80546875 0.0796875 0.10078125
0 0.7921875 0.80625 0.08515625 0.1046875
0 0.74765625 0.19609375 0.07265625 0.0828125
0 0.95859375 0.24765625 0.0734375 0.08125
0 0.96328125 0.33671875 0.0671875 0.08046875
0 0.91015625 0.5015625 0.07265625 0.08515625
0 0.9703125 0.42265625 0.05703125 0.0828125
0 0.92890625 0.69921875 0.07109375 0.09375
0 0.925 0.596875 0.065625 0.08984375
0 0.94296875 0.16796875 0.05625 0.0703125
0 0.97734375 0.5140625 0.0453125 0.090625
0 0.984375 0.60703125 0.03125 0.08203125
0 0.98828125 0.70625 0.02265625 0.08671875
0 0.9921875 0.80546875 0.015625 0.0984375
0 0.9875 0.1671875 0.02421875 0.06953125