0 0.50078125 0.603125 0.165625 0.1234375
0 0.51484375 0.7015625 0.1578125 0.1203125
0 0.603125 0.234375 0.14375 0.1046875
0 0.52890625 0.80078125 0.159375 0.1203125
0 0.38203125 0.82578125 0.1609375 0.1203125
0 0.6671875 0.584375 0.1546875 0.115625
0 0.67890625 0.68203125 0.159375 0.1171875
0 0.69453125 0.7796875 0.1640625 0.1234375
0 0.3703125 0.72578125 0.1578125 0.11875
0 0.82421875 0.65625 0.15625 0.1171875
0 0.8421875 0.75625 0.1625 0.125
0 0.61875 0.31640625 0.140625 0.1
0 0.35859375 0.6296875 0.1515625 0.1109375
0 0.321875 0.3625 0.14375 0.1
0 0.7171875 0.14765625 0.134375 0.09375
0 0.634375 0.40390625 0.146875 0.103125
0 0.64921875 0.4875 0.15 0.1109375
0 0.809375 0.56328125 0.146875 0.1125
0 0.77421875 0.3859375 0.1484375 0.1078125
0 0.33515625 0.44609375 0.153125 0.109375
0 0.7328125 0.2234375 0.1328125 0.09375
0 0.34609375 0.53359375 0.1515625 0.10625
0 0.30390625 0.20078125 0.140625 0.0953125
0 0.16171875 0.225 0.1421875 0.0984375
0 0.7875 0.4734375 0.14375 0.10625
0 0.3140625 0.27890625 0.1484375 0.1046875
0 0.75234375 0.3046875 0.134375 0.0984375
0 0.15703125 0.14609375 0.1390625 0.096875
0 0.14921875 0.08046875 0.1328125 0.078125
0 0.17109375 0.30703125 0.1453125 0.1015625
0 0.94453125 0.6359375 0.1109375 0.109375
0 0.22265625 0.8625 0.1625 0.1171875
0 0.86328125 0.23203125 0.13125 0.0921875
0 0.91953125 0.46328125 0.1296875 0.096875
0 0.8765625 0.30234375 0.1234375 0.09375
0 0.18671875 0.478125 0.1546875 0.1109375
0 0.1765625 0.3921875 0.15 0.1046875
0 0.2125 0.76171875 0.1625 0.11875
0 0.0984375 0.878125 0.103125 0.109375
0 0.89765625 0.38359375 0.1265625 0.0984375
0 0.9359375 0.55 0.128125 0.10625
0 0.2 0.56875 0.15625 0.1078125
0 0.20546875 0.66328125 0.1546875 0.109375
0 0.08671875 0.7796875 0.109375 0.109375
0 0.0765625 0.6828125 0.11875 0.10625
0 0.96328125 0.73046875 0.0734375 0.1140625
0 0.06796875 0.58515625 0.1234375 0.1046875
0 0.9421875 0.22109375 0.05 0.0734375
0 0.9734375 0.37734375 0.0390625 0.08125
0 0.9875 0.453125 0.025 0.075
0 0.9546875 0.2984375 0.05 0.0796875