0 0.65844775625 0.395980903125 0.6719623328125001 0.41696184687500004 0.6812443406249999 0.42577370468750003 0.685074596875 0.425883671875 0.7431939359374999 0.398133821875 0.748494325 0.39296265468749997 0.7499680171875001 0.3871212703125 0.744325778125 0.370709071875 0.7265750765625001 0.3381192921875 0.68556145625 0.2737620890625 0.6767635640624999 0.264123603125 0.6691101671874999 0.2627831671875 0.6621562703125 0.26440466093750004 0.6186797921875 0.286270953125 0.6107292078125 0.2940277046875 0.607810278125 0.3012284765625 0.6113362328124999 0.31155613125000003 0.65844775625 0.395980903125
0 0.67759034375 0.43561504375000004 0.7351354828125001 0.5360292234374999 0.755278315625 0.5689678578125 0.759320396875 0.5734266359375 0.8160016140625 0.5459156734375 0.8378777765625 0.5321146828125001 0.8037789312499999 0.472298734375 0.7532963734375 0.390859115625 0.677855521875 0.4315601046875 0.67759034375 0.43561504375000004
0 0.8421743656249999 0.534199271875 0.7994222843750001 0.5551057453125 0.7643164875 0.5784731546875 0.8097709468750001 0.6599085031249999 0.849586721875 0.7243714031249999 0.85389398125 0.7247752421875 0.875745246875 0.714896 0.9317340765625 0.6833026078125 0.9270102765624999 0.67308065 0.8952644390625 0.6197763046875 0.8421743656249999 0.534199271875
0 0.9969218890624999 0.44730476250000006 0.9708680828125 0.4025691171875 0.9160853796874999 0.319605159375 0.9077609343749999 0.31082079375 0.7886175515625 0.371280265625 0.7569005734375 0.388861275 0.7556813906250001 0.3923284703125 0.8260238203125001 0.5135629125000001 0.8385986171875001 0.5317151140624999 0.842669153125 0.5316918937499999 0.9707100125 0.4651839125 0.9937769062499999 0.452397725 0.9969218890624999 0.44730476250000006
0 0.8177977421874999 0.26298949375 0.8042796093750001 0.2425688 0.799043240625 0.2376554703125 0.7803120609375 0.246363496875 0.7038816359375 0.29207924375 0.7036129015625 0.29669443281249996 0.7071566406249999 0.3042208375 0.7341502265625001 0.351785225 0.7561975171875 0.3864595921875 0.8392810953125001 0.3487797890625 0.85730210625 0.33879057968750004 0.8609276484375 0.3334312390625 0.8177977421874999 0.26298949375
0 0.7492689765625 0.7989599000000001 0.7954134328125 0.7717067765625 0.8079186703125 0.763100175 0.8113074890625 0.7573137734375 0.803743009375 0.741967090625 0.7367218203125 0.6255909953125001 0.72865188125 0.614432440625 0.6931046484375 0.63190348125 0.6661754906249999 0.6496219484375 0.6534228578125 0.6594822390624999 0.6531647953124999 0.6624166781249999 0.6981458078125 0.7429979046875 0.7348699515625 0.80415001875 0.738219646875 0.804526365625 0.7492689765625 0.7989599000000001
0 0.732244653125 0.8028138531250001 0.6610051234375 0.672027671875 0.655079921875 0.6624716625 0.650790446875 0.6592665734375001 0.6361475859375 0.66515013125 0.5758194875 0.701381934375 0.57532114375 0.7044495625 0.5783914343750001 0.711121846875 0.6105644828125001 0.7725635609375 0.64796323125 0.8405993546875001 0.652711928125 0.8468995640625 0.6719058859375 0.84072640625 0.7151456406250001 0.8184330531249999 0.732244653125 0.8028138531250001
0 0.5779599078125 0.8922432328125 0.5914120390625001 0.8853448734375 0.6433125484375 0.8565759515625 0.6507896859375 0.8479650796874999 0.6408721984375 0.82610679375 0.5705511078125001 0.7015108531250001 0.56312020625 0.7028384765625 0.5378907921875 0.71682336875 0.4960607078125 0.743359834375 0.49340339999999994 0.7470659171875 0.49574929375 0.7546980203125 0.5504324109375001 0.8533489734374999 0.5703242937499999 0.8881015484375 0.5741296515625 0.892133265625 0.5779599078125 0.8922432328125
0 0.5458030671875 0.8659640718749999 0.47926955156249995 0.748201096875 0.47450307187499996 0.7447021375 0.4711533765625 0.744325790625 0.3262111015625 0.83304278125 0.32592102968750003 0.8410194687500001 0.37961457187500003 0.9446851781250001 0.3949980375 0.9730043546875 0.399043678125 0.97690288125 0.40191636875 0.9769853578125 0.5547167546875 0.8950781140625 0.5509896421875 0.8787209 0.5458030671875 0.8659640718749999
0 0.23747105781250002 0.8565513859375 0.24507110625 0.86629556875 0.2500956484375 0.8668600906249999 0.2582473890625 0.8651328984375001 0.39640847031250004 0.7885489609375 0.40242970156249996 0.782978225 0.4036595546875 0.7778302781249999 0.3989464265625 0.765927571875 0.337490803125 0.6403253703125 0.3320177109375 0.6349849796875 0.325332546875 0.6319912859375 0.31429744375 0.6353167515625 0.1758854140625 0.713714628125 0.1753692859375 0.71958350625 0.1807748015625 0.73556864375 0.197518146875 0.7759744296875 0.2142935 0.8113379671875001 0.23747105781250002 0.8565513859375
0 0.3719259265625 1 0.390576965625 0.9905285109375 0.39973250625 0.9815455625 0.3325777390625 0.8484951609375001 0.3290162171875 0.843770003125 0.3240059015625 0.8409644843749999 0.31658567031249996 0.8406113578125 0.2435654046875 0.8771792046875 0.245197571875 0.8840903765625001 0.2553482265625 0.9069359718750001 0.3010476578125 1 0.3719259265625 1
0 0.4477884828125 0.6154744609375 0.3870225046875 0.6452496437499999 0.3879373875 0.6520001359375 0.43235247968749996 0.7462937375 0.4378077875 0.754435378125 0.44306905468749996 0.7554269578125 0.49519561718749994 0.7287658453125 0.5024467031250001 0.7180471640625 0.49512961562499996 0.7014467921875001 0.4608189421875 0.637282034375 0.4477884828125 0.6154744609375
0 1 0.45045290937500004 0.9990630703125 0.44946755625 0.8424253171875 0.5323853328125 0.877944503125 0.59476364375 0.9317411890624999 0.6821821078125 0.9485465734374999 0.6750998453125 1 0.647042140625 1 0.45045290937500004