0 0.47109375 0.2109375 0.109375 0.1265625
0 0.5890625 0.20859375 0.1125 0.13203125
0 0.5875 0.34296875 0.11171875 0.115625
0 0.47109375 0.34140625 0.11171875 0.11328125
0 0.47265625 0.46875 0.1125 0.11875
0 0.471875 0.5890625 0.10703125 0.11171875
0 0.471875 0.70859375 0.10703125 0.103125
0 0.4703125 0.815625 0.10234375 0.1015625
0 0.58359375 0.46875 0.10390625 0.121875
0 0.5828125 0.59296875 0.10703125 0.11015625
0 0.58046875 0.7078125 0.10234375 0.1046875
0 0.57734375 0.8171875 0.10859375 0.0953125
0 0.6984375 0.45625 0.10625 0.12578125
0 0.6953125 0.58515625 0.1125 0.11484375
0 0.68828125 0.70625 0.103125 0.11015625
0 0.6828125 0.81640625 0.10390625 0.0984375
0 0.32421875 0.340625 0.10390625 0.13046875
0 0.33046875 0.475 0.11171875 0.11328125
0 0.33515625 0.59765625 0.10859375 0.1140625
0 0.33828125 0.71953125 0.10859375 0.11328125
0 0.34296875 0.834375 0.10078125 0.1
0 0.234375 0.83203125 0.1078125 0.10390625
0 0.228125 0.71640625 0.1 0.1109375
0 0.225 0.59609375 0.10234375 0.10546875
0 0.21640625 0.47265625 0.10078125 0.12109375
0 0.20390625 0.340625 0.11171875 0.11796875
0 0.20078125 0.20859375 0.11484375 0.1109375
0 0.12265625 0.828125 0.1 0.10546875
0 0.11796875 0.71171875 0.11015625 0.10859375
0 0.1125 0.590625 0.096875 0.11640625
0 0.10390625 0.465625 0.096875 0.11875
0 0.0272786453125 0.28055555625 0.03871981875 0.4046296296875 0.14807578906250002 0.397222221875 0.14234761875 0.2675925921875 0.0272786453125 0.28055555625
0 0.0194523375 0.1425925921875 0.0293619796875 0.2675925921875 0.14599281875 0.2546296296875 0.13661945 0.1324074078125 0.0194523375 0.1425925921875
0 0.7595703125 0.3231481484375 0.7375565453124999 0.8638888890624999 0.8406636031250001 0.8638888890624999 0.8776363359375001 0.32685185156249996 0.7595703125 0.3231481484375
0 0 0.87881411875 0.0001848578125 0.8861111109375001 0.04496873125 0.8851851859375 0.0366536453125 0.784259259375 0 0.7833906546875 0 0.87881411875
0 0 0.77623733125 0.0376953125 0.7796296296875 0.030908678125 0.6611111109375 0 0.6611111109375 0 0.77623733125
0 0 0.660287671875 0.0236182796875 0.6611111109375 0.0121744796875 0.5398148140625 0 0.53533978125 0 0.660287671875