0 0.6515625 0.86171875 0.1421875 0.1203125
0 0.66015625 0.73125 0.14375 0.1296875
0 0.675 0.596875 0.159375 0.134375
0 0.546875 0.2796875 0.1109375 0.109375
0 0.6609375 0.28515625 0.11875 0.1140625
0 0.53984375 0.38671875 0.1125 0.109375
0 0.653125 0.40234375 0.121875 0.1171875
0 0.840625 0.60546875 0.1578125 0.153125
0 0.85625 0.45546875 0.178125 0.15
0 0.815625 0.74296875 0.153125 0.121875
0 0.80390625 0.865625 0.159375 0.1171875
0 0.51171875 0.85859375 0.1375 0.115625
0 0.52421875 0.72890625 0.1453125 0.1484375
0 0.340625 0.815625 0.159375 0.2171875
0 0.34921875 0.5765625 0.1625 0.2625
0 0.38359375 0.30234375 0.146875 0.228125
0 0.16015625 0.30234375 0.26875 0.259375
0 0.88033511875 0.371328903125 0.8956934203125 0.237433315625 0.75446436875 0.23455879375 0.7396799 0.3627217109375 0.88033511875 0.371328903125
0 0.26958111093750003 0.671746575 0.041776296875 0.654864675 0.046352564062500004 0.8726026734375001 0.25594036249999996 0.8922369671875 0.26958111093750003 0.671746575
0 0.0387974859375 0.419909590625 0.043356546875 0.6512401031249999 0.2686468421875 0.6630470671875 0.2774524265625 0.42870957656249997 0.0387974859375 0.419909590625