0 0 0.552552115625 0.010731853125 0.6030415140625001 0.185240809375 0.5640642953125 0.1460681515625 0.41714638906249996 0 0.44901251249999996 0 0.552552115625
0 0.011695340625 0.60757436875 0.014278025 0.619724940625 0.052424598437500004 0.7532192359375001 0.2233661390625 0.7083649859375 0.18949348125 0.5688400328125 0.011695340625 0.60757436875
0 0.044852318749999995 0.757668609375 0.0832143328125 0.8905596484375 0.24581355 0.8465320015625 0.21470297343750003 0.7225123484375 0.044852318749999995 0.757668609375
0 0.207596834375 1 0.2831006671875 0.984384575 0.24758713124999998 0.8546745187499999 0.08328250312499999 0.89338499375 0.11303316875 1 0.207596834375 1
0 1 0.6307904203125 0.9825060625 0.5053539 0.8297100500000001 0.532152025 0.8523228328125001 0.7081483562499999 1 0.6814080015624999 1 0.6307904203125
0 1 0.68431414375 0.85693619375 0.7128474265625 0.8825890203125001 0.8768382375 1 0.8518817625 1 0.68431414375
0 0.88050145 0.443733821875 0.859626303125 0.292926659375 0.7360435468750001 0.3201415984375 0.7570992078125001 0.46428410937500003 0.88050145 0.443733821875
0 0.8595581328125 0.2901013140625 0.8364410250000001 0.13125119062499999 0.708540725 0.15749062656249999 0.733224053125 0.309381559375 0.8595581328125 0.2901013140625
0 0.863440528125 0.288329475 0.96286875625 0.2727591125 0.9288179124999999 0.11256248906249999 0.8424021375 0.1309307296875 0.863440528125 0.288329475
0 0.884700696875 0.440948021875 0.99517185 0.42473322343750003 0.9634492 0.2754898890625 0.8633161875 0.29024912812500003 0.884700696875 0.440948021875
0 0.53203125 0.275 0.20625 0.2359375
0 0.57265625 0.47578125 0.203125 0.215625
0 0.6078125 0.6671875 0.190625 0.2109375
0 0.64375 0.846875 0.190625 0.2
0 0.4828125 0.83671875 0.175 0.1890625
0 0.45546875 0.6796875 0.171875 0.165625
0 0.40390625 0.440625 0.165625 0.1640625
0 0.3734375 0.29296875 0.1703125 0.18125