0 0.36484375 0.484375 0.1 0.30234375
0 0.47578125 0.37265625 0.11015625 0.115625
0 0.59296875 0.3765625 0.10859375 0.13515625
0 0.5875 0.49921875 0.1109375 0.10390625
0 0.4703125 0.5078125 0.109375 0.1265625
0 0.5859375 0.62421875 0.09375 0.11171875
0 0.47265625 0.63515625 0.11171875 0.121875
0 0.58125 0.74609375 0.09921875 0.10390625
0 0.471875 0.75546875 0.1046875 0.09765625
0 0.5828125 0.85625 0.1015625 0.10703125
0 0.47421875 0.85859375 0.10625 0.12421875
0 0.3703125 0.775 0.090625 0.259375
0 0.69140625 0.37421875 0.05859375 0.11796875
0 0.6859375 0.49609375 0.06484375 0.12265625
0 0.715625 0.69765625 0.075 0.1171875
0 0.80390625 0.55859375 0.07890625 0.12890625
0 0.80546875 0.71015625 0.0875 0.12421875
0 0.796875 0.8453125 0.07109375 0.12890625
0 0.71171875 0.8296875 0.07109375 0.115625
0 0.18984375 0.48984375 0.121875 0.128125
0 0.20078125 0.621875 0.11484375 0.1203125
0 0.20234375 0.73984375 0.121875 0.121875
0 0.203125 0.8609375 0.10390625 0.1046875
0 0.06140406875 0.5524691234375 0.0796637453125 0.746508990625 0.1421374453125 0.7514453718749999 0.13658420625 0.5441181359375 0.06140406875 0.5524691234375
0 0.07702906875 0.7499999875000001 0.08799355 0.9217497984374999 0.1463022953125 0.9180475843749999 0.1421374453125 0.7403385375 0.07702906875 0.7499999875000001