0 0.54609375 0.4984375 0.1203125 0.1234375
0 0.3734375 0.42109375 0.1234375 0.125
0 0.5859375 0.40546875 0.115625 0.11875
0 0.50703125 0.596875 0.125 0.1296875
0 0.3296875 0.5171875 0.128125 0.1328125
0 0.62421875 0.315625 0.1109375 0.1140625
0 0.421875 0.55703125 0.1265625 0.13125
0 0.421875 0.80625 0.1296875 0.1375
0 0.41796875 0.32890625 0.1171875 0.11875
0 0.45703125 0.240625 0.1125 0.115625
0 0.4640625 0.69921875 0.128125 0.134375
0 0.50234375 0.36484375 0.115625 0.1171875
0 0.57578125 0.190625 0.109375 0.109375
0 0.23515625 0.72734375 0.1375 0.140625
0 0.4609375 0.45703125 0.1203125 0.125
0 0.54296875 0.278125 0.1140625 0.115625
0 0.6578125 0.22734375 0.1078125 0.109375
0 0.49609375 0.15546875 0.109375 0.1109375
0 0.32734375 0.7703125 0.128125 0.1328125
0 0.2828125 0.62265625 0.134375 0.134375
0 0.37421875 0.66015625 0.128125 0.1359375