0 0.47265625 0.19375 0.0828125 0.078125
0 0.47578125 0.28203125 0.08125 0.0859375
0 0.4734375 0.378125 0.08671875 0.090625
0 0.475 0.4828125 0.08828125 0.0921875
0 0.47890625 0.5875 0.0875 0.0984375
0 0.48046875 0.696875 0.09375 0.10078125
0 0.48125 0.8140625 0.09375 0.10078125
0 0.58203125 0.81328125 0.0953125 0.10078125
0 0.57578125 0.69921875 0.09609375 0.10546875
0 0.57421875 0.584375 0.0875 0.09375
0 0.56875 0.47890625 0.0875 0.096875
0 0.5671875 0.3796875 0.08203125 0.0890625
0 0.56328125 0.28203125 0.084375 0.07890625
0 0.55859375 0.190625 0.08125 0.0890625
0 0.64609375 0.1890625 0.07890625 0.0859375
0 0.65234375 0.28203125 0.0765625 0.0828125
0 0.6546875 0.38359375 0.078125 0.08515625
0 0.6609375 0.48125 0.07890625 0.0953125
0 0.66796875 0.5859375 0.084375 0.09765625
0 0.67265625 0.6984375 0.0890625 0.1015625
0 0.678125 0.81015625 0.09140625 0.10859375