0 0.19375 0.503125 0.2734375 0.2421875
0 0.33515625 0.1765625 0.2171875 0.21875
0 0.3765625 0.35390625 0.2078125 0.215625
0 0.415625 0.52109375 0.1984375 0.190625
0 0.58046875 0.48046875 0.1859375 0.1875
0 0.18515625 0.6578125 0.1265625 0.09375
0 0.2984375 0.63203125 0.1140625 0.0953125
0 0.45234375 0.6796875 0.190625 0.1859375
0 0.609375 0.63828125 0.1859375 0.18125
0 0.6421875 0.78828125 0.1796875 0.178125
0 0.48671875 0.82421875 0.1875 0.18125
0 0.3171875 0.70546875 0.1140625 0.0921875
0 0.334375 0.7734375 0.109375 0.0828125
0 0.34609375 0.8296875 0.109375 0.075
0 0.3609375 0.8828125 0.109375 0.0734375
0 0.21171875 0.7296875 0.1234375 0.090625
0 0.228125 0.790625 0.1203125 0.08125
0 0.24375 0.85546875 0.121875 0.090625
0 0.2578125 0.9171875 0.11875 0.08125
0 0.1015625 0.7484375 0.1078125 0.0765625
0 0.11796875 0.815625 0.1125 0.08125
0 0.1359375 0.87578125 0.115625 0.0890625
0 0.1546875 0.93828125 0.1109375 0.0765625
0 0.49453125 0.15234375 0.1609375 0.178125
0 0.521875 0.296875 0.15 0.159375