0 0.1703125 0.22421875 0.1546875 0.10625
0 0.278125 0.26171875 0.0609375 0.109375
0 0.32578125 0.27109375 0.059375 0.10625
0 0.2796875 0.3796875 0.1203125 0.128125
0 0.26171875 0.49453125 0.1203125 0.1171875
0 0.24609375 0.6046875 0.1140625 0.115625
0 0.2375 0.70859375 0.1140625 0.1125
0 0.221875 0.81328125 0.109375 0.1109375
0 0.35703125 0.3984375 0.05 0.0515625
0 0.4046875 0.40390625 0.05 0.0515625
0 0.39453125 0.459375 0.0484375 0.05
0 0.3828125 0.5125 0.0484375 0.0515625
0 0.37421875 0.56015625 0.04375 0.04375
0 0.36875 0.60625 0.0484375 0.046875
0 0.3625 0.6578125 0.0453125 0.0515625
0 0.35546875 0.70859375 0.046875 0.046875
0 0.34765625 0.7546875 0.0453125 0.04375
0 0.3421875 0.79921875 0.046875 0.0453125
0 0.33515625 0.84609375 0.0484375 0.0484375
0 0.3484375 0.44921875 0.0484375 0.053125
0 0.3390625 0.50078125 0.046875 0.05
0 0.3296875 0.5515625 0.046875 0.046875
0 0.325 0.60078125 0.05 0.05
0 0.3203125 0.64921875 0.046875 0.0484375
0 0.3125 0.6984375 0.046875 0.05
0 0.3046875 0.7515625 0.0484375 0.0515625
0 0.2984375 0.7984375 0.0453125 0.0421875
0 0.28984375 0.84609375 0.046875 0.05
0 0.42734375 0.71953125 0.146875 0.3171875
0 0.59140625 0.30703125 0.1140625 0.1109375
0 0.575 0.42578125 0.109375 0.1296875
0 0.55859375 0.54453125 0.1078125 0.1046875
0 0.54375 0.65 0.1078125 0.1203125
0 0.5265625 0.76015625 0.1078125 0.10625
0 0.50625 0.86328125 0.1109375 0.115625
0 0.603125 0.87109375 0.103125 0.1109375
0 0.62265625 0.771875 0.103125 0.103125
0 0.64296875 0.66328125 0.109375 0.1234375
0 0.659375 0.55390625 0.1078125 0.1015625
0 0.67578125 0.4421875 0.1109375 0.1296875
0 0.69453125 0.3203125 0.1125 0.115625
0 0.7953125 0.33515625 0.1125 0.11875
0 0.77734375 0.45390625 0.1140625 0.1296875
0 0.75703125 0.5671875 0.109375 0.109375
0 0.73828125 0.67578125 0.109375 0.1234375
0 0.71875 0.78515625 0.103125 0.1046875
0 0.6984375 0.88359375 0.109375 0.1109375
0 0.85859375 0.53359375 0.078125 0.165625
0 0.83359375 0.70078125 0.0875 0.1765625
0 0.79921875 0.86484375 0.06875 0.146875
0 0.8734375 0.90234375 0.0921875 0.0875
0 0.88984375 0.8078125 0.0984375 0.0984375
0 0.915625 0.70703125 0.1109375 0.1109375
0 0.9359375 0.6015625 0.1125 0.1140625
0 0.95 0.49609375 0.1 0.1140625
0 0.9640625 0.38671875 0.071875 0.1140625