0 0.67265625 0.23828125 0.1 0.096875
0 0.65234375 0.32421875 0.096875 0.0984375
0 0.63046875 0.421875 0.0984375 0.1015625
0 0.609375 0.51796875 0.1015625 0.10625
0 0.5859375 0.62421875 0.1 0.1046875
0 0.56171875 0.72578125 0.1078125 0.1078125
0 0.53671875 0.83359375 0.1125 0.1234375
0 0.75546875 0.25859375 0.0984375 0.1
0 0.73515625 0.3484375 0.103125 0.103125
0 0.7171875 0.440625 0.1 0.0984375
0 0.69765625 0.53828125 0.109375 0.10625
0 0.67734375 0.64453125 0.1109375 0.1125
0 0.65546875 0.75 0.115625 0.1125
0 0.63125 0.859375 0.11875 0.115625
0 0.83515625 0.278125 0.0921875 0.090625
0 0.82109375 0.37109375 0.09375 0.0921875
0 0.8 0.4671875 0.1 0.1015625
0 0.78515625 0.56171875 0.0984375 0.1015625
0 0.7703125 0.6640625 0.096875 0.1015625
0 0.74765625 0.775 0.0984375 0.1078125
0 0.72578125 0.8859375 0.10625 0.1140625