0 0.38046875 0.45625 0.23046875 0.18984375
0 0.334375 0.60234375 0.10546875 0.065625
0 0.3375 0.66796875 0.10078125 0.0609375
0 0.33671875 0.73203125 0.10546875 0.05703125
0 0.33359375 0.79609375 0.10390625 0.0546875
0 0.33125 0.8609375 0.10390625 0.0546875
0 0.44453125 0.60546875 0.09765625 0.0609375
0 0.4421875 0.675 0.09765625 0.05390625
0 0.4421875 0.73671875 0.09609375 0.05546875
0 0.4375 0.79765625 0.09375 0.04921875
0 0.4359375 0.85390625 0.09375 0.05390625
0 0.228125 0.659375 0.09453125 0.05703125
0 0.2265625 0.728125 0.09375 0.06796875
0 0.2296875 0.79296875 0.09765625 0.06171875
0 0.23046875 0.853125 0.09296875 0.05390625
0 0.6015625 0.1828125 0.171875 0.17109375
0 0.5953125 0.36171875 0.165625 0.159375
0 0.5859375 0.52421875 0.16015625 0.153125
0 0.652675209375 0.7574074078125 0.6569661453125 0.609259259375 0.49905610781250004 0.6074074078125 0.4964523953125 0.7518518515625 0.652675209375 0.7574074078125
0 0.6413411453125 0.9037037031249999 0.6474677828125001 0.7648148140625 0.492286453125 0.75648148125 0.4912449671875 0.897222221875 0.6413411453125 0.9037037031249999
0 0.65736189375 0.7611111109375 0.6496744796875 0.9009259265624999 0.797962428125 0.9055555562500001 0.8062943109375 0.7666666671875 0.65736189375 0.7611111109375
0 0.6620485781250001 0.60648148125 0.6552789234375 0.7546296296875 0.8083772828125 0.7611111109375 0.8187921359375 0.6138888890625 0.6620485781250001 0.60648148125
0 0.6746744796875 0.4509259265625 0.6672560062499999 0.602777778125 0.822958078125 0.6101851859375 0.8333729328124999 0.45648148125 0.6746744796875 0.4509259265625
0 0.6948553703125 0.11388888906250001 0.687564971875 0.259259259375 0.77909609375 0.26291656875 0.7917135156249999 0.1231481484375 0.6948553703125 0.11388888906250001
0 0.7694661453125 0.4018518515625 0.78077791875 0.26944444375 0.68600274375 0.2638888890625 0.67975383125 0.40092592656250003 0.7694661453125 0.4018518515625
0 0.3683496859375 0.1620370375 0.2918619796875 0.1611111109375 0.29544570625 0.23240740781250002 0.37147414218749997 0.23518518593749999 0.3683496859375 0.1620370375
0 0.2251454390625 0.5046296296875 0.24493366249999998 0.4861111109375 0.2412884640625 0.321296296875 0.1600911453125 0.31759259218749997 0.1683844828125 0.5148148140625 0.2256661828125 0.51851851875 0.2251454390625 0.5046296296875
0 0.17567488125 0.6268518515625 0.19442161875 0.602777778125 0.1309244796875 0.6009259265625 0.13974363437499998 0.7768518515625 0.1782785953125 0.7787037031249999 0.17567488125 0.6268518515625
0 0.13974363437499998 0.3759259265625 0.13974363437499998 0.3620370375 0.0267615390625 0.357471309375 0.02778395 0.375 0.13974363437499998 0.3759259265625
0 0.1410451109375 0.3938164140625 0.1402001375 0.37976200000000004 0.027564818749999997 0.37449159375 0.028717518749999997 0.38883880937500004 0.1410451109375 0.3938164140625
0 0.1412098109375 0.4137268359375 0.1406941515625 0.3964516171875 0.027564818749999997 0.39147401249999997 0.028717518749999997 0.40933483125 0.1412098109375 0.4137268359375
0 0.1426921125 0.43275885625 0.14168217968750002 0.41548363750000006 0.0290468625 0.4102132328125 0.030364234375 0.42661004843750006 0.1426921125 0.43275885625
0 0.144833215625 0.4494484734375 0.14431692499999998 0.4339300578125 0.030364234375 0.4280740515625 0.0320109484375 0.44447086875 0.144833215625 0.4494484734375
0 0.1463155171875 0.46818769375 0.1451402828125 0.4503268734375 0.032669635937500004 0.4462276703125 0.033657664062499995 0.4626244875 0.1463155171875 0.46818769375
0 0.1479396984375 0.4854629109375 0.14829191875 0.4854629109375 0.1472810125 0.46877329375 0.033657664062499995 0.4640884890625 0.0353043796875 0.48107090625 0.1479396984375 0.4854629109375
0 0.14895071875000002 0.5030309296875 0.1481043703125 0.4866341125 0.035798393750000004 0.4822421078125 0.036292409375 0.49834612500000003 0.14895071875000002 0.5030309296875
0 0.150927121875 0.518842146875 0.1505744421875 0.50449493125 0.037115765625000005 0.4995173265625 0.0381037953125 0.5153285421875 0.150927121875 0.518842146875
0 0.151750621875 0.5349461640625 0.15106845625 0.5200133484375 0.0381037953125 0.5164997437500001 0.0395858390625 0.5328965609375 0.151750621875 0.5349461640625
0 0.130477525 0.59936223125 0.143651246875 0.584722215625 0.14200453125 0.5451941734375 0.06544773125 0.5416805703125 0.068890378125 0.6087318421875 0.13080686875 0.61165984375 0.130477525 0.59936223125
0 0.0692197203125 0.607853440625 0.0743245375 0.6690487046875 0.133276940625 0.67080550625 0.130971540625 0.61165984375 0.0692197203125 0.607853440625
0 0.0753125671875 0.6699271062500001 0.0809295484375 0.7252663640625 0.1359116859375 0.726730365625 0.1334416125 0.6725623078125 0.0753125671875 0.6699271062500001
0 0 0.7249883374999999 0.07070997031250001 0.7267265187499999 0.06987840625 0.666706303125 0 0.6626229718750001 0 0.7249883374999999
0 0.07168979375 0.6646567 0.06561243125 0.6072678390624999 0.0000576828125 0.6046326375 0.0000576828125 0.662021496875 0.07168979375 0.6646567
0 0 0.5752730578125 0.00022235468749999998 0.6049254375 0.068082934375 0.6055110375 0.0634562171875 0.54050936875 0 0.5390516078124999 0 0.5752730578125