0 0.48125 0.403125 0.134375 0.203125
0 0.5328125 0.5859375 0.1359375 0.196875
0 0.5703125 0.76875 0.1265625 0.190625
0 0.6640625 0.740625 0.1328125 0.1875
0 0.61953125 0.565625 0.1265625 0.1921875
0 0.5703125 0.3796875 0.1359375 0.20625
0 0.44453125 0.2859375 0.0859375 0.0640625
0 0.43203125 0.24296875 0.0875 0.0640625
0 0.421875 0.1984375 0.090625 0.0671875
0 0.6109375 0.18359375 0.0875 0.0609375
0 0.62421875 0.22890625 0.0890625 0.0640625
0 0.6609375 0.346875 0.1359375 0.2078125
0 0.70625 0.5359375 0.134375 0.1984375
0 0.75078125 0.71484375 0.128125 0.1875
0 0.3296875 0.859375 0.13125 0.1953125
0 0.23515625 0.8875 0.1296875 0.196875
0 0.2484375 0.44453125 0.115625 0.1765625
0 0.7851451578125 0.4625449921875 0.8754536359375 0.427980290625 0.8206490828125 0.200958709375 0.730709625 0.23060139375 0.7851451578125 0.4625449921875
0 0.9184292515625 0.5967463921875 0.881755171875 0.43484251562500004 0.75552200625 0.47585549374999997 0.7915495546875 0.6360182796875 0.9184292515625 0.5967463921875
0 0.8303836062500001 0.7876609609375 0.952561003125 0.751673346875 0.9189495609374999 0.60045015625 0.7940622734375 0.6372242499999999 0.8303836062500001 0.7876609609375
0 1 0.43570421562500006 0.9899984296875 0.3948499640625 0.97525976875 0.343450140625 0.8871712296875 0.3668259109375 0.8885998578125 0.3693059796875 0.9401793749999999 0.5856934421875 1 0.570442521875 1 0.43570421562500006
0 1 0.575952228125 0.9266160671874999 0.598251821875 0.9598143328125 0.7486302484375 1 0.7374208875 1 0.575952228125
0 0 0.568675625 0.019791937500000002 0.6367342046875 0.07960512187499999 0.6186198109375 0.035089703124999996 0.4917145703125 0 0.4992764546875 0 0.568675625
0 0.23211119687499998 0.54213923125 0.16183244218749998 0.565181059375 0.2094529234375 0.7181666640625 0.2279641453125 0.7109321765625001 0.2515092875 0.658908425 0.2596749328125 0.6382654 0.23211119687499998 0.54213923125