0 0.353125 0.45390625 0.15390625 0.21171875
0 0.35703125 0.6328125 0.13515625 0.13203125
0 0.35703125 0.77265625 0.13203125 0.12890625
0 0.221875 0.77578125 0.128125 0.13046875
0 0.0546875 0.790625 0.109375 0.125
0 0.053125 0.6546875 0.1046875 0.1296875
0 0.046875 0.51640625 0.09375 0.1390625
0 0.63046875 0.315625 0.07734375 0.0953125
0 0.62734375 0.4125 0.08515625 0.08203125
0 0.7109375 0.29375 0.06796875 0.08828125
0 0.71015625 0.3890625 0.07890625 0.08046875
0 0.7078125 0.4828125 0.07578125 0.0734375
0 0.7015625 0.57578125 0.0671875 0.08671875
0 0.69375 0.6625 0.06640625 0.08203125
0 0.68828125 0.74609375 0.06875 0.07890625
0 0.78359375 0.62265625 0.06640625 0.05859375
0 0.77421875 0.6796875 0.07265625 0.04609375
0 0.76875 0.73671875 0.06171875 0.05390625
0 0.85546875 0.6234375 0.0640625 0.05859375
0 0.8179036453125 0.652777778125 0.8130639671875001 0.7083333328125 0.8812812624999999 0.7148148140624999 0.885967946875 0.659259259375 0.8179036453125 0.652777778125
0 0.8739908640625 0.7648148140625 0.8772786453125001 0.715740740625 0.8088980250000001 0.7083333328125 0.8052528265625 0.7620370375000001 0.8739908640625 0.7648148140625
0 1 0.6536170546875 0.9361328125 0.6518518515625 0.9213784515624999 0.8055555562500001 0.9906372328125 0.8138888890624999 1 0.6938858875 1 0.6536170546875
0 0.969807525 0.3879629625 0.9106119796875 0.3879629625 0.8937790874999999 0.5666666671875 0.9567889562499999 0.5666666671875 0.969807525 0.3879629625
0 0.7981119796875 0.42129629687500003 0.797962428125 0.43981481406249995 0.8979450296874999 0.44259259218749997 0.898465771875 0.427777778125 0.7981119796875 0.42129629687500003
0 0.8975911453125001 0.4583333328125 0.89690354375 0.44444444375 0.7964002 0.4379629625 0.7958794578124999 0.45370370312499997 0.8975911453125001 0.4583333328125
0 0.794837971875 0.45648148125 0.7949869796875 0.4703703703125 0.8953413156250001 0.4731481484375 0.8974242875 0.4583333328125 0.794837971875 0.45648148125
0 0.8949869796875 0.49351851875 0.895862059375 0.475 0.7943172296875 0.471296296875 0.7943172296875 0.48703703750000005 0.8949869796875 0.49351851875
0 0.794837971875 0.4888888890625 0.7934244796875001 0.5 0.892216859375 0.5083333328124999 0.89429983125 0.49351851875 0.794837971875 0.4888888890625
0 0.794837971875 0.50648148125 0.7949869796875 0.5231481484375 0.8916961171875 0.525 0.8937790874999999 0.5101851859375001 0.794837971875 0.50648148125
0 0.8902994796874999 0.5398148140625 0.8916961171875 0.522222221875 0.7937964859375 0.521296296875 0.7927550015625 0.534259259375 0.8902994796874999 0.5398148140625
0 0.79327574375 0.5361111109375 0.7918619796875 0.5527777781250001 0.8901338890625 0.553703703125 0.8916961171875 0.5416666671875 0.79327574375 0.5361111109375
0 0.8892578125 0.5703703703125 0.889092403125 0.5574074078125 0.7911927734375 0.5527777781250001 0.7927550015625 0.56851851875 0.8892578125 0.5703703703125
0 0.7927550015625 0.5694444437499999 0.7917135156249999 0.584259259375 0.88805091875 0.5898148140624999 0.8901338890625 0.571296296875 0.7927550015625 0.5694444437499999
0 0.6662145203125001 0.49351851875 0.6533203125 0.4888888890625 0.61049505 0.790740740625 0.6219513890624999 0.7953703703125 0.6662145203125001 0.49351851875
0 0.596434996875 0.790740740625 0.6084120796875 0.7925925921875 0.6511129812500001 0.49259259218749996 0.6391359 0.4888888890625 0.596434996875 0.790740740625
0 0.63601144375 0.4916666671875 0.624555103125 0.4888888890625 0.5813334578125 0.790740740625 0.5938312828125001 0.7953703703125 0.63601144375 0.4916666671875
0 0.622992875 0.4916666671875 0.6090494796875 0.4879629625 0.5667526609375 0.790740740625 0.5792504875 0.79444444375 0.622992875 0.4916666671875
0 0.6068498515625 0.4916666671875 0.5953935109375 0.4879629625 0.5532133515625001 0.7888888890625 0.5646696906249999 0.7916666671875 0.6068498515625 0.4916666671875
0 0.5397786453125 0.790740740625 0.552171865625 0.7981481484375 0.5938312828125001 0.48981481406249994 0.5792504875 0.4879629625 0.5397786453125 0.790740740625
0 0.5766467734375 0.490740740625 0.5658203125 0.48981481406249994 0.524051759375 0.7870370375 0.5375910703125 0.790740740625 0.5766467734375 0.490740740625
0 0.5631074625 0.4879629625 0.5507161453125 0.4861111109375 0.511553934375 0.7870370375 0.5230102734375001 0.7925925921875 0.5631074625 0.4879629625
0 0.2001497890625 0.3953703703125 0.20379498749999997 0.5120370375000001 0.2772197109375 0.5166666671875 0.275136740625 0.4 0.2001497890625 0.3953703703125
0 0.27669896875 0.5648148140625 0.2772197109375 0.521296296875 0.2022786453125 0.5148148140625 0.20587795937500003 0.6296296296875 0.28555159531249996 0.6324074078125 0.2850308515625 0.5648148140625 0.27669896875 0.5648148140625