0 0.70859375 0.2625 0.125 0.16484375
0 0.7015625 0.44765625 0.1203125 0.1609375
0 0.70390625 0.62421875 0.12578125 0.16015625
0 0.70625 0.8046875 0.1203125 0.16640625
0 0.5375 0.84296875 0.09453125 0.103125
0 0.43828125 0.24765625 0.09453125 0.10234375
0 0.4359375 0.37265625 0.08984375 0.1140625
0 0.43203125 0.49296875 0.09453125 0.0984375
0 0.43125 0.60859375 0.09296875 0.0984375
0 0.43046875 0.721875 0.0859375 0.1125
0 0.428125 0.84765625 0.0953125 0.1046875
0 0.3234375 0.1203125 0.09609375 0.1125
0 0.3234375 0.24609375 0.0984375 0.11796875
0 0.32421875 0.37109375 0.10078125 0.1140625
0 0.32734375 0.49296875 0.09609375 0.1078125
0 0.328125 0.6140625 0.103125 0.109375
0 0.32734375 0.734375 0.096875 0.1
0 0.32578125 0.85546875 0.096875 0.1015625
0 0.21171875 0.1078125 0.09765625 0.11953125
0 0.209375 0.24140625 0.1046875 0.1140625
0 0.2125 0.36875 0.1046875 0.109375
0 0.21796875 0.48984375 0.10390625 0.1203125
0 0.2171875 0.61796875 0.10234375 0.12109375
0 0.21796875 0.7390625 0.1078125 0.109375
0 0.21875 0.86171875 0.103125 0.1140625
0 0.0921875 0.1046875 0.1109375 0.12265625
0 0.09765625 0.234375 0.10546875 0.11328125
0 0.09921875 0.36484375 0.10703125 0.12421875
0 0.10546875 0.49140625 0.10859375 0.1140625
0 0.10703125 0.62265625 0.109375 0.12109375
0 0.1078125 0.746875 0.103125 0.096875
0 0.1109375 0.86796875 0.09609375 0.1078125