0 0.29921875 0.11796875 0.0859375 0.0734375
0 0.2609375 0.21484375 0.078125 0.08125
0 0.25390625 0.3109375 0.08984375 0.078125
0 0.25390625 0.40390625 0.08671875 0.0875
0 0.25078125 0.5015625 0.0828125 0.09765625
0 0.2453125 0.60546875 0.08828125 0.09140625
0 0.2421875 0.70703125 0.08515625 0.09921875
0 0.24140625 0.8140625 0.08671875 0.1
0 0.33828125 0.21328125 0.078125 0.09375
0 0.34296875 0.303125 0.08046875 0.075
0 0.340625 0.396875 0.08125 0.075
0 0.34140625 0.49375 0.08203125 0.08671875
0 0.34140625 0.5984375 0.08828125 0.0921875
0 0.33984375 0.7015625 0.09296875 0.09375
0 0.3390625 0.81484375 0.0921875 0.0953125
0 0.428125 0.2125 0.0828125 0.0859375
0 0.428125 0.3 0.08671875 0.0765625
0 0.43203125 0.39765625 0.0859375 0.0859375
0 0.434375 0.49140625 0.08671875 0.08515625
0 0.4359375 0.59453125 0.08828125 0.08984375
0 0.4359375 0.6984375 0.0859375 0.08671875
0 0.4375 0.8046875 0.08828125 0.0703125
0 0.6609375 0.45546875 0.11796875 0.13359375
0 0.66953125 0.6125 0.12109375 0.14921875
0 0.675 0.77890625 0.12578125 0.14453125
0 0.7984375 0.5109375 0.13203125 0.1171875
0 0.81015625 0.646875 0.1375 0.12265625
0 0.81875 0.7921875 0.13671875 0.12421875