0 0.940625 0.2765625 0.11796875 0.18203125
0 0.94375 0.46796875 0.1125 0.18984375
0 0.94453125 0.65625 0.1109375 0.17421875
0 0.9421875 0.840625 0.115625 0.175
0 0.73359375 0.85703125 0.13828125 0.1765625
0 0.73359375 0.66640625 0.13671875 0.1859375
0 0.7359375 0.4734375 0.13828125 0.1734375
0 0.73671875 0.284375 0.134375 0.18984375
0 0.59765625 0.28359375 0.13828125 0.19609375
0 0.59453125 0.47421875 0.14453125 0.178125
0 0.59296875 0.66640625 0.13671875 0.19296875
0 0.59375 0.85625 0.1390625 0.175
0 0.45078125 0.27890625 0.13984375 0.18359375
0 0.453125 0.47890625 0.13828125 0.178125
0 0.4546875 0.67578125 0.13671875 0.17890625
0 0.45390625 0.86328125 0.13984375 0.184375
0 0.30546875 0.871875 0.14609375 0.175
0 0.30703125 0.67578125 0.14765625 0.19453125
0 0.30703125 0.4765625 0.146875 0.18203125
0 0.30703125 0.28125 0.14765625 0.190625
0 0.15390625 0.27265625 0.1484375 0.196875
0 0.15546875 0.4734375 0.14921875 0.17578125
0 0.15859375 0.67421875 0.14453125 0.19453125
0 0.15703125 0.87421875 0.1453125 0.18046875