0 0.45 0.7015625 0.159375 0.140625
0 0.3140625 0.6390625 0.1640625 0.1453125
0 0.409375 0.79140625 0.165625 0.15
0 0.5875 0.384375 0.1484375 0.1265625
0 0.434375 0.4015625 0.15625 0.1375
0 0.35546875 0.55703125 0.1609375 0.1390625
0 0.478125 0.615625 0.15625 0.1328125
0 0.39609375 0.47578125 0.1515625 0.1296875
0 0.54921875 0.4609375 0.15 0.128125
0 0.51484375 0.53203125 0.15 0.1296875
0 0.621875 0.31328125 0.140625 0.121875
0 0.27890625 0.73125 0.1765625 0.1546875
0 0.5140625 0.25390625 0.1484375 0.128125
0 0.4734375 0.3234375 0.1484375 0.1265625
0 0.4296875 0.08828125 0.1515625 0.128125
0 0.3875 0.159375 0.1546875 0.1296875
0 0.26484375 0.084375 0.165625 0.1390625
0 0.3484375 0.2328125 0.159375 0.134375
0 0.21796875 0.15546875 0.16875 0.14375
0 0.16875 0.23515625 0.171875 0.146875
0 0.07890625 0.3984375 0.1578125 0.15
0 0.09765625 0.6453125 0.1859375 0.1625
0 0.20546875 0.46875 0.1703125 0.1484375
0 0.15390625 0.55625 0.1734375 0.15
0 0.29921875 0.3078125 0.165625 0.140625
0 0.0234375 0.5796875 0.046875 0.14375
0 0.121875 0.31171875 0.1734375 0.15
0 0.25078125 0.384375 0.1625 0.140625
0 0.05 0.49140625 0.1 0.1421875