0 0.49453125 0.17421875 0.12578125 0.15078125
0 0.62734375 0.16875 0.12421875 0.14609375
0 0.7546875 0.17265625 0.11875 0.153125
0 0.49609375 0.31875 0.12578125 0.14296875
0 0.62421875 0.31875 0.115625 0.14453125
0 0.74765625 0.3234375 0.115625 0.12265625
0 0.49296875 0.45234375 0.1234375 0.1390625
0 0.6203125 0.46171875 0.12109375 0.1328125
0 0.74296875 0.465625 0.11640625 0.128125
0 0.4890625 0.59375 0.11953125 0.12578125
0 0.61328125 0.60078125 0.11484375 0.12109375
0 0.73828125 0.6 0.10703125 0.13828125
0 0.49140625 0.7234375 0.1203125 0.11328125
0 0.60859375 0.72578125 0.1234375 0.125
0 0.7234375 0.72734375 0.10859375 0.11484375
0 0.71484375 0.8390625 0.11171875 0.1109375
0 0.48671875 0.8484375 0.1140625 0.11015625
0 0.60078125 0.85078125 0.10703125 0.109375
0 0.18100990625 0.228190946875 0.18517486249999998 0.3836863734375 0.3066515015625 0.377515921875 0.308733978125 0.2343613984375 0.18100990625 0.228190946875
0 0.32355684687499997 0.5185185062500001 0.33025263437499996 0.718124871875 0.40383281249999997 0.723061253125 0.40383281249999997 0.5132658734375 0.32355684687499997 0.5185185062500001
0 0.192116384375 0.504627278125 0.3191462625 0.51079773125 0.3108163515625 0.37998406406249996 0.1823981890625 0.37998406406249996 0.192116384375 0.504627278125
0 0.2004461890625 0.5219044687500001 0.205305234375 0.6416113015625 0.32817015625 0.649015825 0.3177578734375 0.5157340171875 0.2004461890625 0.5219044687500001
0 0.2055012921875 0.6481481359375 0.214329234375 0.767488490625 0.3337233953125 0.7613180390625 0.32608778437499997 0.6477817531250001 0.2055012921875 0.6481481359375
0 0.210709625 0.78395060625 0.2157175171875 0.9007702984374999 0.3288643515625 0.893365775 0.32608778437499997 0.769956728125 0.210709625 0.78395060625
0 0.0752929578125 0.53395060625 0.0866052671875 0.6564203484375 0.2066935171875 0.65148396875 0.201140384375 0.5194363265625 0.0752929578125 0.53395060625
0 0.057931846875000005 0.3796296171875 0.07411050625 0.525606778125 0.18795142812500001 0.5132658734375 0.178927428125 0.3873886828125 0.057931846875000005 0.3796296171875
0 0.042306846875 0.23456788906249998 0.0512034609375 0.3725795421875 0.18517486249999998 0.3836863734375 0.1754566671875 0.228190946875 0.042306846875 0.23456788906249998
0 0.036626221875 0.0751637578125 0.0421794609375 0.22325461406249997 0.17684505625 0.23189325625 0.169903534375 0.0751637578125 0.036626221875 0.0751637578125
0 0.07702906875 0.6543209765625 0.08729935625 0.7921703 0.2157175171875 0.7835317046875 0.2046111453125 0.6588885859375 0.07702906875 0.6543209765625
0 0.0874457359375 0.787037025 0.0990999234375 0.9069407515625001 0.21294095156249998 0.8970679890625 0.2087759953125 0.7798293953125001 0.0874457359375 0.787037025