0 0.5265625 0.46484375 0.13125 0.190625
0 0.43515625 0.7046875 0.125 0.1765625
0 0.5734375 0.60234375 0.078125 0.071875
0 0.51796875 0.7703125 0.1015625 0.084375
0 0.54296875 0.7140625 0.103125 0.08125
0 0.49609375 0.82734375 0.1015625 0.08125
0 0.4703125 0.8796875 0.096875 0.0796875
0 0.65625 0.696875 0.1109375 0.090625
0 0.63203125 0.7578125 0.1109375 0.0875
0 0.609375 0.80859375 0.1078125 0.084375
0 0.5828125 0.865625 0.1078125 0.0859375
0 0.55625 0.9203125 0.1046875 0.08125
0 0.35 0.19375 0.109375 0.1140625
0 0.31484375 0.2890625 0.1046875 0.10625
0 0.2828125 0.378125 0.1078125 0.1125
0 0.246875 0.465625 0.1046875 0.1078125
0 0.2140625 0.54921875 0.103125 0.103125
0 0.18515625 0.62890625 0.103125 0.1046875
0 0.25625 0.1796875 0.121875 0.1234375
0 0.2203125 0.2765625 0.115625 0.109375
0 0.728125 0.321875 0.0828125 0.0765625
0 0.74140625 0.58984375 0.246875 0.234375
0 0.7515625 0.7359375 0.096875 0.0828125
0 0.72265625 0.790625 0.1 0.0859375
0 0.644416884375 0.8549603265625001 0.7239225375 0.89341409375 0.747234953125 0.8428548375 0.6702948734375 0.8053858999999999 0.644416884375 0.8549603265625001
0 0.6406588203125 0.85748494375 0.6193604921875 0.8998911296875001 0.6982719687500001 0.93117420625 0.7177336953125 0.8950056234374999 0.6406588203125 0.85748494375
0 0.6155792703125 0.9053822609375001 0.5975065390625 0.9510102375 0.6744733953125001 0.9815468468749999 0.69400459375 0.9364787218749999 0.6155792703125 0.9053822609375001
0 1 0.3701559953125 0.9460732953125 0.4817975203125 1 0.5069696359375 1 0.3701559953125
0 1 0.51270836875 0.9437505406250001 0.4878485046875 0.8781732906249999 0.622355703125 0.9712175359374999 0.6676504046875 1 0.5926695234375 1 0.51270836875
0 0.8077113312499999 0.75796324375 0.919028996875 0.8036061984374999 0.96981466875 0.6713049984375 0.8714756515625 0.6257355265625 0.8077113312499999 0.75796324375
0 0.7425816843749999 0.8767734468749999 0.8705863703125001 0.929803553125 0.918344175 0.80539021875 0.8028014421874999 0.76103751875 0.7425816843749999 0.8767734468749999
0 0.8384460375 1 0.8620513937500001 0.952037928125 0.8682647546875 0.935851571875 0.739459375 0.8795421093750001 0.6815187671875 0.9951611203124999 0.6920329953125 1 0.8384460375 1
0 0.4515625 0.38671875 0.1015625 0.0515625
0 0.44453125 0.4078125 0.0984375 0.0453125
0 0.4375 0.41875 0.1 0.0453125
0 0.4328125 0.4359375 0.0984375 0.0453125
0 0.42734375 0.4515625 0.0984375 0.0453125
0 0.42109375 0.46796875 0.096875 0.0453125
0 0.41484375 0.48203125 0.0984375 0.046875
0 0.409375 0.49921875 0.096875 0.0453125
0 0.4046875 0.5125 0.0984375 0.046875
0 0.39921875 0.5296875 0.1 0.05
0 0.39375 0.5765625 0.0875 0.084375
0 0.371875 0.6328125 0.0859375 0.0765625
0 0.35 0.68359375 0.08125 0.0703125
0 0.325 0.54609375 0.0859375 0.0765625
0 0.30234375 0.60234375 0.0828125 0.06875
0 0.2796875 0.65703125 0.0859375 0.0765625
0 0.21088283593749999 0.36124789218750003 0.08063117656249999 0.6395350703125 0.09209825625 0.648895875 0.224559821875 0.36352259375 0.21088283593749999 0.36124789218750003
0 0.065074209375 0.6335633109375001 0.077228090625 0.6382287484375 0.2092700375 0.359636996875 0.202192790625 0.3549366953125 0.065074209375 0.6335633109375001
0 0.199238265625 0.353802559375 0.189360828125 0.3490191640625 0.0537693015625 0.6282319609375 0.06215727812500001 0.6324436062500001 0.199238265625 0.353802559375
0 0.18675256406250001 0.350001546875 0.1806100359375 0.34566005 0.0433808609375 0.6262278140624999 0.051153198437500005 0.62623593125 0.18675256406250001 0.350001546875
0 0.034932585937499996 0.621993025 0.041561270312499995 0.626521140625 0.1780017703125 0.3466424328125 0.1725321625 0.343551046875 0.034932585937499996 0.621993025
0 0.170068953125 0.342605509375 0.160037184375 0.33677107031250003 0.028175996874999998 0.6164240109375 0.0346239203125 0.6198909359375 0.170068953125 0.342605509375
0 0.15742891875 0.3377534546875 0.1517725453125 0.3335985734375 0.019246275 0.6149798125 0.025873126562499998 0.616531821875 0.15742891875 0.3377534546875
0 0.148986790625 0.3364964265625 0.14171761875 0.33073065 0.009830004687500001 0.61037344375 0.0179171546875 0.6154614125 0.148986790625 0.3364964265625
0 0 0.6087947109375 0.0073760734375 0.6124068703125001 0.13877753125 0.332577459375 0.12989556093750002 0.3252007859375 0 0.6035457796875 0 0.6087947109375
0 0 0.600299646875 0.128591428125 0.325691978125 0.12523547031249999 0.32142834374999996 0.11420741718750001 0.31521146875 0 0.564333196875 0 0.600299646875