0 0.743928909375 0.45160060937499996 0.795322190625 0.469061109375 0.7979068328125 0.46814867343750005 0.81236350625 0.43662801562500003 0.8119522187499999 0.433711103125 0.7477847703125 0.41110674999999997 0.7417760999999999 0.4108924390625 0.7259036453125 0.4428091 0.743928909375 0.45160060937499996
0 0.7034834171875 0.49330927343750003 0.6898340015625 0.5181612437500001 0.6880061859375 0.5237889109375 0.75777101875 0.5436906640625 0.760882378125 0.5435783875 0.7637965 0.5401103359375 0.7797347015625 0.509312265625 0.77695281875 0.5068689265625 0.7086366421875 0.4871304671875 0.7034834171875 0.49330927343750003
0 0.8269834828124999 0.5600634328125 0.80174930625 0.5347175984375 0.7750825390625 0.5135624062499999 0.773140040625 0.51315825 0.7695509 0.5173835984374999 0.76566515625 0.524723859375 0.7646109765625 0.5312721171875 0.778075478125 0.5481611843749999 0.8260607953125 0.5688488734375 0.8287937421875 0.56637898125 0.8296170625 0.564064228125 0.8269834828124999 0.5600634328125
0 0.6942608140625001 0.7381686734375 0.6988705125 0.7349843468749999 0.7194191609375 0.6928533765625 0.7185469046875 0.6902548984375 0.68450461875 0.674194628125 0.64665914375 0.662798571875 0.6350699 0.6614922203125 0.61807751875 0.698838546875 0.6169575921875 0.7042682124999999 0.6184223125 0.7087854421875 0.62811799375 0.7146008671875 0.6744902890625 0.7323287828125 0.6942608140625001 0.7381686734375
0 0.5873274046875 0.8163968046875001 0.5826190859375 0.81790324375 0.575539425 0.8280318281250001 0.5593543015625 0.8587094656250001 0.559551540625 0.862065240625 0.63810543125 0.9009217968750001 0.644970296875 0.8993806515625 0.665947040625 0.8563719515624999 0.6600874203125 0.846451609375 0.6434450640625 0.8367048015625 0.5873274046875 0.8163968046875001
0 0.58416093125 0.8686354156249999 0.562991434375 0.8593968875 0.558003321875 0.8602235984375 0.5361535734375 0.9087823953124999 0.535889840625 0.912456603125 0.5801216515625 0.9345731609374999 0.614806084375 0.9493168390625 0.61905343125 0.9481288328125 0.6422195953125 0.905644721875 0.6404750828125 0.900447765625 0.58416093125 0.8686354156249999
0 0.7070124 0.4598251109375 0.6461374859375 0.43611032187500004 0.6435528421875001 0.43702275625000003 0.6390906984375 0.446798203125 0.7022536515625 0.47271546875 0.7070124 0.4598251109375
0 0.6599689625 0.5899738546875 0.6461084890625 0.5826703875 0.59283845625 0.5659243218750001 0.5900397640625 0.567275621875 0.5854461296875 0.5748138843749999 0.5730810046875 0.59703266875 0.569014084375 0.605371090625 0.569606546875 0.607289840625 0.6368685453125 0.6335765578125 0.6387124234375 0.6323028265625 0.66038025 0.592890765625 0.6599689625 0.5899738546875
0 0.6236147187500001 0.6754626125 0.63975090625 0.63987174375 0.639125571875 0.637393696875 0.6217753234375001 0.6278448890624999 0.57518898125 0.6105558390625 0.5695915953124999 0.6132584390625 0.566035328125 0.6180430828125 0.5512827984374999 0.6445300781250001 0.5487470921875001 0.6503557468750001 0.549339553125 0.6522744968749999 0.6158607875000001 0.6781999187500001 0.6209146453125001 0.6784918 0.6236147187500001 0.6754626125
0 0.558990353125 0.6559182640625 0.55523685 0.6573471343749999 0.542526184375 0.6777675984375 0.5338327546875 0.6930849859375 0.5346721375000001 0.6951241687499999 0.5810276234375 0.716646725 0.6020656296875 0.7236480703125 0.6063297875 0.7186654234375001 0.6262194796875 0.6816456859375 0.6045232656249999 0.6716069984375 0.558990353125 0.6559182640625
0 0.47736135781250005 0.8457519734375 0.4606495203125 0.8756294515624999 0.4605998359375 0.8788647953125001 0.525112078125 0.9114160437500001 0.5306926515625 0.9125080828125001 0.53321155 0.9104770546875001 0.5472561890625001 0.8841880609375 0.5476024765624999 0.8778378046875 0.4812960390625 0.8433249437500001 0.47736135781250005 0.8457519734375
0 0.7339061124999999 0.64504960625 0.6748422046875 0.6195017890625001 0.6570799234375 0.615184646875 0.6542154859375 0.6154173546874999 0.6521904296875001 0.6176892453125 0.63623541875 0.6522819546874999 0.635823384375 0.65751361875 0.7069206968749999 0.6878439937499999 0.7150155578125 0.687230421875 0.726034715625 0.662308240625 0.7300544062500001 0.654843171875 0.7339061124999999 0.64504960625
0 0.6840889796875 0.5278542500000001 0.683118103125 0.5235778843750001 0.629206671875 0.49999983593749997 0.619527053125 0.4985383453125 0.6162177078125 0.503443421875 0.6091212374999999 0.5173666484375 0.6072605484375 0.5224350171875 0.6078530093750001 0.52435376875 0.665682309375 0.5492994265625 0.6683327 0.5495055843750001 0.6734033687500001 0.546002825 0.6840889796875 0.5278542500000001
0 0.515650203125 0.78795665 0.508933640625 0.7879403390624999 0.5015741874999999 0.7973891984375 0.49707917031250004 0.8066053484375001 0.5332443828125 0.8302201890625 0.5599447703125 0.8437861015625 0.562710590625 0.8418755062500001 0.5711899703125 0.8269969828124999 0.5707129390625 0.8229614796875 0.5637502015625 0.8146761625 0.515650203125 0.78795665
0 0.5608326609375001 0.85073830625 0.56086628125 0.8431490281249999 0.49971232031249996 0.810605934375 0.4967821359375 0.8097200515624999 0.49187583281249997 0.8160192890625 0.4833635796875 0.8303385171875 0.4788685640625 0.8395546671874999 0.479214103125 0.8413529859375 0.5435122984375 0.8743430984374999 0.5500644953125 0.8715629296875 0.5534067125 0.8672171484375 0.5608326609375001 0.85073830625
0 0.7666274843750001 0.8299635750000001 0.782648990625 0.7883408828125 0.7842138234375 0.7782388484375 0.7509123 0.7625398734375 0.7335781171875 0.757345003125 0.7058396109375 0.7546812843749999 0.702398775 0.7573491765625 0.68692154375 0.7878288140625 0.6897194875 0.7946260890625 0.721127446875 0.8148341374999999 0.7587091890625 0.8299044015625 0.7638287921875 0.831314875 0.7666274843750001 0.8299635750000001
0 0.7669711015625 0.8480588359375 0.7720922015625 0.8331721578125 0.701653096875 0.805879125 0.690491946875 0.8036950453125 0.6881871 0.8052872093750001 0.6727266765625 0.8319722046875 0.6654819046875 0.8474528859375001 0.66546509375 0.8512475265624999 0.7347185265625 0.88285163125 0.7464063921874999 0.8858358703125001 0.7510160890625001 0.88265154375 0.7669711015625 0.8480588359375
0 0.6765534 0.9175010734375 0.722233865625 0.939780925 0.72773263125 0.9354004375 0.7479686109375 0.8920304437500001 0.7480182953125001 0.8887951 0.71381164375 0.86993835 0.6683941609375 0.852132865625 0.6466598421875001 0.898574909375 0.6765534 0.9175010734375
0 0.6706769687499999 0.9113753703125 0.651712953125 0.907015365625 0.6402552 0.9079461984374999 0.6237245375 0.9368255156249999 0.6203983828124999 0.9455252328125001 0.6210237171874999 0.9480032796875 0.6951980203125 0.9939592328125 0.703084190625 0.985310534375 0.7244561593750001 0.9408648093749999 0.7235510296875 0.9377070359375 0.6706769687499999 0.9113753703125
0 0.6649218859375 0.8460932218749999 0.6699268078125 0.8414718703125 0.688977115625 0.8024129500000001 0.690409709375 0.7982223078125 0.6886980703125001 0.7935846468750001 0.647429315625 0.77291326875 0.61453908125 0.7601312046875 0.606620784375 0.7600720328125 0.5962646515625 0.7756649906249999 0.5834546203125 0.8025561437500001 0.5838987796875 0.8060323500000001 0.5890673203125 0.8123560546874999 0.6584851171875 0.8467566390625001 0.6649218859375 0.8460932218749999
0 0.7048365249999999 0.7416970046875 0.661361540625 0.7242956765625 0.6296562296875 0.715351115625 0.6228571109375001 0.718010853125 0.6159915 0.727700575 0.6033626437499999 0.7535935671875 0.6021440984375 0.7573453437500001 0.6037242468749999 0.759745821875 0.6424580390625 0.7780942921875 0.6837932875 0.7917356875 0.7022343234374999 0.7545526546875 0.7048365249999999 0.7416970046875
0 0.7065760953125 0.47743326875000003 0.6417833109375 0.45235086718749995 0.6360215609375001 0.4522569890625 0.631395053125 0.45923595468749995 0.6184695921875 0.488243859375 0.617744890625 0.4922365 0.68359110625 0.51891921875 0.6867353390625001 0.5193662390625 0.68971520625 0.517016778125 0.7033317484375 0.49160551249999995 0.7065760953125 0.47743326875000003
0 0.66514561875 0.588695840625 0.6777247921875 0.5660381921875001 0.677922778125 0.5612453921875 0.6725401890625 0.5553605515625 0.6170982953124999 0.5261466828125 0.6105132249999999 0.52836755625 0.5988567390624999 0.5422397640625001 0.59518504375 0.5491411609375 0.5897015921875 0.5660241593750001 0.590326928125 0.56850220625 0.6563543203125 0.5941867656250001 0.6587577875 0.5942724890625 0.66514561875 0.588695840625
0 0.5971758734375 0.72178315625 0.5439065875 0.6968885140625 0.5333379015624999 0.6966231859375001 0.53078613125 0.6980949171875 0.5270486875 0.703877721875 0.506302803125 0.74265291875 0.506993884375 0.7462495578125 0.586601953125 0.7785578546874999 0.5886927546875 0.7774045562499999 0.6103445171875 0.733638559375 0.6099003578125 0.730162353125 0.5971758734375 0.72178315625
0 0.537687946875 0.346167375 0.5711209609375001 0.3641035328125 0.60132793125 0.37612014375 0.6160644 0.34527921250000004 0.6158671609375 0.3419234375 0.566845225 0.315840790625 0.5529021937499999 0.3112133703125 0.537095484375 0.3442486234375 0.537687946875 0.346167375
0 0.6046520765625 0.3837173265625 0.6008496359375 0.380232965625 0.58476686875 0.3718456125 0.538065096875 0.35667331406249997 0.5302117984375 0.3658813078125 0.5197234265625 0.3873856578125 0.5201347125 0.39030256875 0.5863425328125 0.42313754374999996 0.5909193578124999 0.4193939203125 0.5946568015625 0.413611115625 0.6052606015625 0.3899900140625 0.6046520765625 0.3837173265625
0 0.5526249828124999 0.453412984375 0.5713749484374999 0.458211853125 0.585469271875 0.4286875140625 0.519541246875 0.39653226875 0.518092590625 0.3963689734375 0.5016108625 0.4301615234375 0.5021704515625001 0.43152097968750003 0.5526249828124999 0.453412984375
0 0.4722667828125 0.5022282234375 0.46324387656250005 0.5201012281249999 0.4631613203125 0.5227772749999999 0.5321510218750001 0.5580555890625 0.5528311625 0.5181618015625 0.5509712203125 0.515081596875 0.50581746875 0.49360190312499996 0.483857521875 0.4872374234375 0.48077903749999995 0.487908996875 0.4722667828125 0.5022282234375
0 0.46281503281249997 0.52912753125 0.4605101828125 0.5307196953125 0.44844166249999995 0.5498235671875 0.4415095578125 0.566543271875 0.4422992578125 0.5718177984375 0.49797126406250003 0.6049467390625 0.510696496875 0.6051773609375 0.5319690984375 0.567202325 0.531492065625 0.563166821875 0.525154665625 0.5573595515624999 0.46281503281249997 0.52912753125
0 0.429637759375 0.5890026671874999 0.41773360625 0.6109030203125 0.42018601093749997 0.6159019765625 0.483183103125 0.6553199140625 0.486886925 0.6571263890625 0.488730803125 0.6558526578125 0.5094606265625 0.6127235265625 0.44295695 0.5748548890625 0.437754790625 0.5761204656250001 0.429637759375 0.5890026671874999
0 0.42224267343750005 0.6223377046875 0.4178309609375 0.62072923125 0.41485109375 0.6230786921875 0.3945172421875 0.6566222234375 0.4608229328125 0.699283659375 0.4640329125 0.700849271875 0.46824738593750004 0.69910196875 0.4885973015625 0.6699123734375 0.4911001375 0.6635274109375 0.4897011640625 0.6601287734375 0.42224267343750005 0.6223377046875
0 0.46353746406249996 0.7087565640625 0.45976789531250006 0.7058314984375 0.3958817359375 0.6676097203125 0.389493903125 0.6731863703125 0.3787754203125 0.6907756484375 0.371432028125 0.7045784421875 0.3719916171875 0.705937896875 0.4386589109375 0.7547515890625001 0.4409637609375 0.7531594265625 0.45602895937500004 0.7279114546875001 0.461989440625 0.7150639578125 0.46353746406249996 0.7087565640625
0 0.43077006874999996 0.7878458046875 0.4397601015625 0.7694135046875 0.441061203125 0.7629856796875 0.3898498453125 0.73637844375 0.36757723124999997 0.7287749406249999 0.3650254609375 0.730246671875 0.3528911953125 0.7482319515625 0.3470132703125 0.7584034 0.346502615625 0.7619571765625001 0.3971536375 0.7953535328125 0.4182902609375 0.8040327656249999 0.4237561546875 0.7990929828125 0.43077006874999996 0.7878458046875
0 0.3519345453125 0.7646065046875 0.3482307234375 0.7628000312500001 0.34549777656249997 0.765269921875 0.32644821562500004 0.7961802687499999 0.3224470421875 0.8056372812499999 0.37527067187499996 0.8433528656249999 0.39431649687500003 0.8531853984375 0.39588058125000003 0.8512319390625 0.409727234375 0.8297357453125 0.41736723124999997 0.8128180390624999 0.3519345453125 0.7646065046875
0 0.45677796718749997 0.33658438749999997 0.445120734375 0.35860517187499996 0.4465525796875 0.3625631046875 0.5108310687500001 0.3890244546875 0.516199346875 0.3742583328125 0.5276955984375 0.35161577187500004 0.4990030296875 0.340881046875 0.461964065625 0.3309648765625 0.45984039218749995 0.33155887968750003 0.45677796718749997 0.33658438749999997
0 0.441151746875 0.3686211453125 0.43995001250000004 0.3685782828125 0.42839139687500005 0.392276953125 0.472343415625 0.41371378437499995 0.4976119578125 0.4233217640625 0.513451540625 0.39084580625 0.441151746875 0.3686211453125
0 0.44383213593750004 0.5530079765625 0.45157075156250004 0.537768159375 0.45986970468750005 0.5157392203125 0.442799253125 0.5068701421874999 0.4011842109375 0.49254901875 0.387520975 0.488601328125 0.383092453125 0.49078749374999997 0.367137440625 0.5253802015625 0.368388109375 0.5303362953125 0.3741987953125 0.5353434078125 0.41931967343750004 0.5562638046874999 0.43732887500000006 0.560701378125 0.44383213593750004 0.5530079765625
0 0.421026803125 0.601643965625 0.4291767046875 0.589321059375 0.442793246875 0.5639097921875 0.40921193125000005 0.5475310906249999 0.3819840796875 0.5413135953125 0.36746465 0.5391213593749999 0.3632173015625 0.540309365625 0.349486078125 0.5596888078125 0.3438711359375 0.5743346234375 0.3442166765625 0.57613294375 0.41398076250000004 0.604183271875 0.41829385625000004 0.6041138578125 0.421026803125 0.601643965625
0 0.408942478125 0.616394028125 0.40100811875 0.6119809203125001 0.3469483859375 0.589960328125 0.33924413750000004 0.589462290625 0.3315552046875 0.601466765625 0.32528205625 0.6130752375 0.3259731359375 0.6166718765625 0.3315369 0.62155855625 0.392312446875 0.651744034375 0.39542380781249997 0.6516317578125 0.4113620078125 0.6208336875 0.408942478125 0.616394028125
0 0.3869604640625 0.6627152640625 0.38857423281250003 0.6575264625 0.328489765625 0.6309376234374999 0.3143984328125 0.627867659375 0.2932244515625 0.6675205828124999 0.292532621875 0.6720725203125 0.36249394687500003 0.703478625 0.3869604640625 0.6627152640625
0 0.364038953125 0.7216165796875 0.36701956875 0.7111185437499999 0.3663613609375 0.7080812015625 0.348237475 0.6976118046875001 0.30491079375 0.6786530203125001 0.292580784375 0.6769853734375 0.288201196875 0.684084771875 0.2703533703125 0.7150379796874999 0.2724602328125 0.718238615625 0.33688991874999996 0.7534659125000001 0.343178384375 0.7543599515625 0.350817634375 0.7455908203125 0.364038953125 0.7216165796875
0 0.3353911765625 0.76468670625 0.334700096875 0.7610900671875 0.3203954625 0.7503103921875 0.2752745859375 0.7293899953125 0.2685580234375 0.7293736859375 0.26345448125000004 0.7323171484375 0.2509907375 0.7528580453125 0.2430380734375 0.7685367265624999 0.24326818593750002 0.7724517984375 0.31087497656249996 0.8086854109375 0.31275172812499996 0.8079709749999999 0.325363775 0.7858726234375 0.3353911765625 0.76468670625
0 0.1786612328125 0.6974798703125 0.16728379375 0.72018038125 0.165521721875 0.7269266375 0.215711775 0.760641428125 0.23479121875 0.7628846796875 0.25705150625 0.7253913703125 0.2403434046875 0.7145259703125 0.1956506234375 0.6927278453125 0.1891809828125 0.692831965625 0.1786612328125 0.6974798703125
0 0.2131386 0.6393253578125 0.19486342343750002 0.6630077187500001 0.190548834375 0.6793742828125 0.198071159375 0.68901905625 0.24278000312499998 0.7151711171875 0.2561137625 0.721674425 0.2605422859375 0.719488259375 0.287627065625 0.6702231828125 0.2267360890625 0.6421544578125 0.2131386 0.6393253578125
0 0.23215781406249997 0.59155906875 0.2147373359375 0.629783121875 0.2164489765625 0.6344207843749999 0.260252690625 0.6574150703125 0.27966086562500003 0.6652512828125 0.2862788078125 0.6635897046875 0.308654525 0.6239796421875 0.2585462828125 0.59573738125 0.23591131875000002 0.5901301984375 0.23215781406249997 0.59155906875
0 0.357672384375 0.5234801 0.3037770171875 0.5042559875 0.284878746875 0.501014575 0.2696981203125 0.5283792984375 0.26854532343750004 0.53324966875 0.28400200625 0.5473075484375001 0.29789535312500004 0.5551703125 0.33493356875 0.5732350578125 0.3379134375 0.570885596875 0.35507018281249997 0.53633575 0.357672384375 0.5234801
0 0.379506696875 0.4787166140625 0.38824831406250004 0.4764610328125 0.390981259375 0.47399114062500003 0.4044334375 0.4457833953125 0.40430194531249997 0.4435462125 0.3715928859375 0.42976598906249996 0.3322330109375 0.417088046875 0.32745894531249997 0.41747589375 0.32265126093749996 0.42545301875 0.31231119218750003 0.4453999125 0.3125741765625 0.44987428124999995 0.3231749875 0.45884747968750006 0.3689051390625 0.47789198906249997 0.379506696875 0.4787166140625
0 0.4283572359375 0.3917170296875 0.4037965828125 0.38191105 0.3756467921875 0.37633041875 0.34504384843749997 0.37389940781250003 0.3298464109375 0.40505877031250004 0.37330458437499997 0.42625473906250005 0.40282047656250003 0.43467471093750004 0.405470865625 0.4348808671875 0.4093726734375 0.4318945421875 0.428685965625 0.3973099890625 0.4283572359375 0.3917170296875
0 0.3836073265625 0.2954640546875 0.3776307796875 0.3039576140625 0.373876528125 0.31353505937500004 0.37460048281249997 0.31769099375 0.3970374609375 0.3280909765625 0.44699889531250003 0.34159354375 0.46160387031249994 0.308515428125 0.3929910890625 0.29189188125 0.38655432031250003 0.2925552984375 0.3836073265625 0.2954640546875
0 0.5207220671874999 0.758921128125 0.5121272578125 0.775916403125 0.5095747390625001 0.7855367109375 0.5603748093750001 0.8092270359375 0.576244275 0.8099046765625 0.58791831875 0.784089253125 0.5877378921874999 0.7769388375 0.5313404375 0.7559511140625 0.527241390625 0.7555816625 0.5207220671874999 0.758921128125
0 0.49834711093750006 0.4312859984375 0.4735174953125 0.48219425468750005 0.47325376406249997 0.48586846406250006 0.5512816875000001 0.515776284375 0.5534053609375 0.51518228125 0.5592664765625 0.5088054734375 0.57151691875 0.480554865625 0.5709412671874999 0.474841475 0.5199118328125001 0.439087503125 0.49834711093750006 0.4312859984375
0 0.4173852671875 0.441235171875 0.449797721875 0.45813030781249997 0.46793841562500005 0.4648050640625 0.4749019 0.46494180625 0.4811414296875 0.4609226140625 0.4931938859375 0.43746480625000006 0.493704540625 0.4339110296875 0.49054424374999994 0.429110075 0.4482878046875 0.40795696875000004 0.43021285625 0.40240080312500004 0.42645935156250003 0.4038296734375 0.42178316093749996 0.414043984375 0.4160031046875 0.4340418953125 0.4153112765625 0.43859383125000007 0.4173852671875 0.441235171875
0 0.46581549375 0.28992559375 0.471990771875 0.26849065781250003 0.46818833125000003 0.2650062953125 0.3939621015625 0.24673141250000002 0.3861416765625 0.256498703125 0.379473303125 0.2695442 0.379390746875 0.272220246875 0.38054279687500003 0.275498453125 0.3926419484375 0.281399603125 0.45676046093749995 0.299090725 0.461468778125 0.2975842859375 0.46581549375 0.28992559375
0 0.36038770625 0.3324894671875 0.34789034218750003 0.36061964375 0.368598871875 0.3701766046875 0.4236631 0.388884284375 0.427811828125 0.3860183890625 0.44679564374999997 0.3539894515625 0.44659840468749995 0.3506336765625 0.42941252343749997 0.34388135000000003 0.366478934375 0.3300277296875 0.36038770625 0.3324894671875
0 0.37059245937499996 0.518373125 0.380719228125 0.4907165203125 0.37928738281249996 0.4867585859375 0.3298534109375 0.46590760312499996 0.310494171875 0.4629846234375 0.3055389328125 0.46437063125 0.302657684375 0.46839797812499995 0.2918895171875 0.4892226 0.2942761765625 0.493102965625 0.31748679062499996 0.5044235390625 0.34907667343750004 0.515484853125 0.36372759375 0.5199142703125 0.37059245937499996 0.518373125
0 0.2809035640625 0.5512289640625 0.26705915468749997 0.5482794328125 0.2546465890625 0.5492878343750001 0.23994299375 0.5806880624999999 0.240107359375 0.5834845421875 0.31431603125 0.6137026390625 0.31770718593749997 0.614270090625 0.3201932109375 0.6116797671875001 0.335967046875 0.57808521875 0.334502328125 0.5735679890625 0.2809035640625 0.5512289640625
0 0.3434126265625 0.3578924515625 0.3589884765625 0.329090703125 0.29003015312499997 0.3106688359375 0.287758178125 0.312820296875 0.275688909375 0.34007274375 0.28630653281249996 0.3452513046875 0.33697585937499996 0.35855587031249997 0.3434126265625 0.3578924515625
0 0.3438727640625 0.365722553125 0.2937966453125 0.3461881625 0.2705027265625 0.34569221250000004 0.26469129375 0.34883367656250003 0.24870340937500002 0.382867090625 0.24904895 0.384665409375 0.32768614375 0.412697340625 0.3438727640625 0.365722553125
0 0.2472047265625 0.38593897187500004 0.228088671875 0.42387930156250003 0.2269358734375 0.4287496703125 0.2944119203125 0.4545975234375 0.301194228125 0.455732425 0.305128909375 0.4533053953125 0.3213965875 0.4199517109375 0.3148130125 0.40587543281249994 0.259370371875 0.3848101390625 0.2472047265625 0.38593897187500004
0 0.2623891140625 0.49330522343750005 0.28178122499999997 0.49678749843750003 0.28553473125 0.4953586296875 0.28798788124999997 0.49220900937499995 0.3037288453125 0.458055165625 0.30402545000000003 0.454940253125 0.25148011875 0.43420154687499996 0.23322399531250002 0.42964354218749995 0.22854855000000002 0.4317092765625 0.2158539484375 0.45648367656250005 0.2120996953125 0.466061121875 0.21251098124999998 0.4689780328125 0.230173896875 0.47976586250000003 0.2623891140625 0.49330522343750005
0 0.19403931562500001 0.48115604375 0.1796651984375 0.5100006546875 0.24728880000000003 0.542439625 0.25718246875 0.5434622515624999 0.264195634375 0.54036365 0.2808592859375 0.49742436406249996 0.2802668234375 0.49550561249999997 0.21149042499999998 0.4679370109375 0.20080630781250003 0.469788434375 0.19403931562500001 0.48115604375
0 0.23607337187500002 0.5842333484375 0.24931150156249998 0.5564644671875 0.248917025 0.549752915625 0.1837458265625 0.5223129 0.17995945 0.5231824734375 0.164054121875 0.5545398390625 0.1624074796875 0.5591693453125 0.1633126078125 0.5623271187500001 0.1713455875 0.568418115625 0.2124667859375 0.5824983734375 0.23044311562500003 0.5863766515625 0.23607337187500002 0.5842333484375
0 0.1386343109375 0.5872325703125 0.13110974375 0.602033525 0.1329696859375 0.6051137296875 0.2043796671875 0.6366831281249999 0.20954895312500002 0.63485825625 0.228764375 0.5904472390625 0.17175839375 0.563186828125 0.158621875 0.5600392953125 0.1530902375 0.5638604875000001 0.1386343109375 0.5872325703125
0 0.1450190671875 0.61425018125 0.1288866171875 0.6090981734375001 0.124705015625 0.6114047703125001 0.10840446249999999 0.6441991609375 0.106494090625 0.6525028749999999 0.1742828046875 0.67958975 0.183896678125 0.6799326484375 0.19917667187500002 0.6460972359375 0.197958875 0.6417004390625001 0.188378621875 0.6337682609375 0.1450190671875 0.61425018125
0 0.08403671093750001 0.678491540625 0.076726190625 0.6928536296875001 0.07962275468749999 0.7013287921875 0.1257802546875 0.7276441484375 0.142999009375 0.7349557703125 0.1541769671875 0.7333452109375 0.1758784140625 0.6863438703125 0.10392565625000001 0.6496203765625 0.09857519375 0.652443409375 0.08403671093750001 0.678491540625
0 0.1998413 0.39217447031249997 0.185617728125 0.39501589843749996 0.15296843437500002 0.4475428703125 0.127184753125 0.4903801203125 0.11618572812500001 0.515438246875 0.1396761390625 0.5274385484375 0.147479753125 0.521465896875 0.1554156078125 0.5095818546875 0.18274731093750002 0.46043720937500004 0.2136689015625 0.3989186421875 0.1998413 0.39217447031249997
0 0.1289726875 0.549381259375 0.130059740625 0.5433922984375 0.10887417968749999 0.5297998328125 0.09367823593749999 0.544662046875 0.0385867328125 0.6438290624999999 0.0319512328125 0.6574338562500001 0.0328563625 0.66059163125 0.050750135937499996 0.66714595625 0.059672928125000003 0.663892215625 0.074046296875 0.6431961796875 0.12469171875 0.5581585453125 0.1289726875 0.549381259375
0 0.7948656625 0.73019435625 0.7804784734375 0.7220907296875 0.745431690625 0.7093433734375 0.732476346875 0.70519768125 0.7190760953125 0.70572435625 0.7015241265625 0.741711228125 0.702692240625 0.74934336875 0.74750045 0.7690247421875 0.77295016875 0.7776345609375 0.7832719328125 0.7777794578125 0.796429 0.7363894734375 0.7948656625 0.73019435625
0 0.7485146625 0.6597803484375 0.7369911625000001 0.6595925890625 0.7335174531249999 0.6617011859375 0.7217447906250001 0.685838721875 0.7163270875000001 0.7038403125 0.7841983578125 0.7282511406250001 0.7943389468750001 0.7293941984375001 0.7968907171875 0.7279224656250001 0.8160243296875 0.678038921875 0.8149051515625001 0.6753200109375 0.7485146625 0.6597803484375
0 0.7672646296875001 0.6645792171875 0.79603975625 0.6726378953125 0.8146582296875 0.6751995796875 0.8194651671875001 0.675371028125 0.8284383906249999 0.66073336875 0.8305788734374999 0.6563447265625 0.8348774000000001 0.635624225 0.8352404984374999 0.6254793296875001 0.7762415890625001 0.6091986796875 0.7569152234375001 0.606834996875 0.7532274640625001 0.6093824578125 0.7371738328124999 0.642297278125 0.73608678125 0.6482862390624999 0.7388686640625 0.6507295796875 0.7672646296875001 0.6645792171875
0 0.7510234765625 0.58820678125 0.7467096359375 0.596424771875 0.7459352515625 0.60365275625 0.7569144750000001 0.6149835718750001 0.8036001859375 0.6258019359375 0.818136425 0.6241995296875 0.8203602125 0.6089862640625 0.8151427375000001 0.597749328125 0.7640781875 0.5858817875 0.7510234765625 0.58820678125
0 0.7198400296874999 0.4534798125 0.705894009375 0.48144669531249995 0.7058443265625 0.4846820390625 0.7410226015625 0.499666578125 0.7740282656249999 0.5103318906250001 0.7867893609375 0.47852750625 0.7868719171875 0.47585145781250004 0.7312320359375 0.45143038750000003 0.724943571875 0.45053635 0.7198400296874999 0.4534798125
0 0.7037819140625 0.5352860859375 0.691567334375 0.5315016875 0.6878138296875 0.5329305578125 0.6765021359375 0.556749659375 0.67641958125 0.5594257078125 0.7244377703125 0.58067269375 0.7465957015625 0.5822443734375 0.7553380656249999 0.5718402171875 0.7568042796875 0.5600602953125 0.7548457171875 0.555302203125 0.7037819140625 0.5352860859375
0 0.7457365171875 0.6165941312500001 0.7491781015625001 0.6057776640625 0.7486353234374999 0.60062356875 0.7323881921875001 0.5894397375 0.688683096875 0.5681233375 0.68143981875 0.56730686875 0.6712327359375 0.5731937953124999 0.659278896875 0.5983294906250001 0.6568081875 0.6134223249999999 0.7269835609374999 0.6443895656249999 0.7303747140625 0.644957015625 0.7328936125000001 0.6429259890625 0.7457365171875 0.6165941312500001
0 0.4553539125 0.50756083125 0.46098417031250005 0.505417528125 0.4703526171875 0.48934284375 0.4724112921875 0.4794816734375 0.46918525000000005 0.4735621265625 0.4486578984375 0.4630070046875 0.40393149531250006 0.4487981578125 0.3879107390625 0.48227227656249994 0.4553539125 0.50756083125
0 0.1803581421875 0.276735678125 0.1691312484375 0.2734330078125 0.15950056562499998 0.27688475 0.1390849046875 0.304955753125 0.1342275359375 0.3161682234375 0.1346388234375 0.31908513437499997 0.1926653609375 0.3473865671875 0.206328596875 0.351334259375 0.21192598125 0.34863166093750003 0.23477947968750001 0.3049085265625 0.1803581421875 0.276735678125
0 0.197733040625 0.3764781109375 0.2068216921875 0.35972369843749996 0.20687137656250001 0.3564883546875 0.191562246875 0.34902159374999997 0.13453945625 0.325555821875 0.1314938421875 0.326786690625 0.1274766078125 0.33188976718749996 0.11501286250000001 0.3524306640625 0.11015549531249999 0.363643134375 0.1667991234375 0.392899865625 0.18018256562499999 0.39616783125 0.1841829921875 0.39485939375 0.197733040625 0.3764781109375
0 0.1735799375 0.41033191875 0.17387654218749998 0.40721700624999996 0.16966281562500002 0.40081573437499995 0.1657946296875 0.3962127796875 0.1285752359375 0.37914619374999997 0.10577590781249999 0.37074253281249997 0.10347105937500001 0.3723346953125 0.0872523140625 0.4106016125 0.08702145781250001 0.41483511718750005 0.1104293109375 0.429511465625 0.152999165625 0.44375501875 0.15671979687499998 0.441766853125 0.1735799375 0.41033191875
0 0.1302442875 0.489156040625 0.15084187031250001 0.45193830156250003 0.082691553125 0.4186991703125 0.07992573281250001 0.4206097671875 0.0648612828125 0.4377091625 0.0606453140625 0.45575361562500005 0.1262438609375 0.490464478125 0.1302442875 0.489156040625
0 0.025099457812499996 0.499805425 0.0958833546875 0.5370453515625 0.09886322187499999 0.534695890625 0.1190327078125 0.4983558796875 0.119971459375 0.493924375 0.0772540484375 0.473089703125 0.038388015625 0.4606526234375 0.024869346875 0.49589035312499996 0.025099457812499996 0.499805425
0 0 0.5473491921875 0.0003852703125 0.5485969296875 0.05663367500000001 0.5792906859375 0.0711531046875 0.5814829203125 0.073951796875 0.5801316203125 0.0779361609375 0.574469246875 0.094550128125 0.53476530625 0.018365337500000002 0.5117323296875 0.01131855 0.5224202109375 0 0.5462421046875 0 0.5473491921875
0 0 0.6137176203125 0.032363648437499996 0.631558396875 0.0385038125 0.6340098921874999 0.0428665890625 0.6307051343750001 0.06534092500000001 0.592772959375 0.06606562656250001 0.58878031875 0.0035945015625 0.558311115625 0 0.5568227484375 0 0.6137176203125
0 0 0.6738689515625 0.0109748703125 0.6797987609375 0.015287965625 0.6797293468750001 0.030353162500000003 0.654481375 0.034107415625 0.6449039296875 0.033696128125 0.64198701875 0 0.6233147906250001 0 0.6738689515625
0 0.087615046875 0.224982696875 0.084075590625 0.2259727015625 0.07510236718749999 0.2406103625 0.0657499828125 0.26103898124999997 0.080943684375 0.2706224953125 0.13355476093750002 0.29247979375 0.1449299578125 0.29422500937499996 0.153869559375 0.287176628125 0.1650665703125 0.2573257015625 0.163387803125 0.2532473375 0.087615046875 0.224982696875
0 0.055657582812499995 0.27295773125 0.054455848437499996 0.2729148703125 0.038616265625 0.3053908265625 0.1138447484375 0.344798521875 0.1161824703125 0.3437656546875 0.1206278046875 0.3377848484375 0.1291079328125 0.31475775 0.12816992968750002 0.3110406796875 0.055657582812499995 0.27295773125
0 0.093312165625 0.39128342968749996 0.1082626796875 0.3600036328125 0.1086747140625 0.35477196875 0.0354047921875 0.32012236562499996 0.031980765625000004 0.31899561875 0.0126009796875 0.36061015625000004 0.08880108437499999 0.39614564375 0.093312165625 0.39128342968749996
0 0 0.41259821875 0.0535678953125 0.441436475 0.060383076562500006 0.4431306734375 0.0787904921875 0.4135369203125 0.0789227328125 0.4076255296875 0.008254264062499999 0.36826885 0 0.38492152812499997 0 0.41259821875
0 0 0.4793375046875 0.001395746875 0.4800954125 0.0272406875 0.48726820625 0.0431299546875 0.45155690625 0.033286715625000005 0.43915036093750004 0.011096660937499999 0.42887080937500005 0 0.426103559375 0 0.4793375046875