0 0.6890625 0.7859375 0.103125 0.1171875
0 0.671875 0.67734375 0.1 0.1125
0 0.65546875 0.571875 0.1 0.1109375
0 0.63671875 0.46875 0.0953125 0.1078125
0 0.62109375 0.36796875 0.0890625 0.0984375
0 0.60546875 0.27265625 0.0921875 0.0984375
0 0.58828125 0.1828125 0.0859375 0.0953125
0 0.4890625 0.09296875 0.0921875 0.09375
0 0.50234375 0.18828125 0.09375 0.096875
0 0.51953125 0.284375 0.09375 0.1
0 0.5328125 0.378125 0.096875 0.1
0 0.54765625 0.47890625 0.096875 0.10625
0 0.5640625 0.58046875 0.103125 0.103125
0 0.58046875 0.68671875 0.1046875 0.115625
0 0.5953125 0.796875 0.10625 0.115625
0 0.4984375 0.80625 0.1078125 0.1203125
0 0.48671875 0.69765625 0.1046875 0.115625
0 0.47109375 0.5921875 0.103125 0.1125
0 0.4578125 0.48515625 0.103125 0.1109375
0 0.4421875 0.38828125 0.0984375 0.1
0 0.43046875 0.290625 0.0984375 0.0984375
0 0.41640625 0.2 0.090625 0.09375
0 0.709375 0.12421875 0.075 0.0859375
0 0.72734375 0.20625 0.0765625 0.08125
0 0.746875 0.28984375 0.078125 0.0859375
0 0.76328125 0.378125 0.08125 0.096875
0 0.784375 0.46796875 0.0828125 0.0984375
0 0.8046875 0.56171875 0.08125 0.09375
0 0.8265625 0.65859375 0.0859375 0.1046875
0 0.84453125 0.7640625 0.090625 0.1046875
0 0.934375 0.75703125 0.0859375 0.0984375
0 0.9125 0.65703125 0.08125 0.0984375
0 0.89140625 0.56796875 0.08125 0.096875
0 0.86953125 0.47421875 0.0796875 0.1046875
0 0.84453125 0.37890625 0.0734375 0.0859375
0 0.83046875 0.29375 0.08125 0.09375
0 0.81171875 0.209375 0.0765625 0.0890625
0 0.79375 0.13203125 0.0796875 0.084375
0 0.86171875 0.11796875 0.0640625 0.078125
0 0.88046875 0.196875 0.0734375 0.0859375
0 0.90078125 0.28125 0.075 0.0875
0 0.92265625 0.365625 0.071875 0.0890625
0 0.94765625 0.45390625 0.071875 0.0890625
0 0.96328125 0.54453125 0.0734375 0.1046875
0 0.9765625 0.64140625 0.046875 0.1015625