0 0.45078125 0.5984375 0.0921875 0.1
0 0.203125 0.20390625 0.0875 0.0859375
0 0.4578125 0.49765625 0.0890625 0.096875
0 0.33125 0.6984375 0.0953125 0.103125
0 0.3734375 0.22109375 0.0828125 0.0859375
0 0.26484375 0.40234375 0.0875 0.090625
0 0.46328125 0.40390625 0.0875 0.096875
0 0.28515625 0.21953125 0.0859375 0.0875
0 0.35625 0.40234375 0.0875 0.090625
0 0.17421875 0.3828125 0.0921875 0.0921875
0 0.33984375 0.59609375 0.090625 0.0984375
0 0.44453125 0.70234375 0.090625 0.1
0 0.36328125 0.3109375 0.0859375 0.0875
0 0.24765625 0.59921875 0.09375 0.1
0 0.16640625 0.47734375 0.09375 0.0984375
0 0.4375 0.8078125 0.09375 0.1046875
0 0.63359375 0.82109375 0.09375 0.10625
0 0.53828125 0.8171875 0.1 0.10625
0 0.25625 0.4953125 0.0875 0.0953125
0 0.29296875 0.1375 0.0828125 0.0796875
0 0.3484375 0.49609375 0.0890625 0.096875
0 0.19140625 0.29375 0.084375 0.0859375
0 0.1421875 0.68125 0.096875 0.10625
0 0.2765625 0.309375 0.0875 0.0875
0 0.54296875 0.71015625 0.0984375 0.0984375
0 0.1265625 0.7921875 0.1015625 0.109375
0 0.3234375 0.80703125 0.0984375 0.10625
0 0.465625 0.3078125 0.0890625 0.0890625
0 0.15546875 0.5765625 0.0921875 0.1
0 0.86796875 0.6390625 0.128125 0.1640625
0 0.871875 0.80703125 0.1328125 0.1734375
0 0.2234375 0.80234375 0.096875 0.1
0 0.86640625 0.4765625 0.1203125 0.153125
0 0.6359375 0.50546875 0.0921875 0.0984375
0 0.54765625 0.50078125 0.0921875 0.09375
0 0.2375 0.69921875 0.0953125 0.103125
0 0.21328125 0.1140625 0.084375 0.084375
0 0.55546875 0.3109375 0.0875 0.0875
0 0.63828125 0.41328125 0.090625 0.09375
0 0.63515625 0.6078125 0.09375 0.0953125
0 0.5078125 0.1296875 0.0796875 0.0859375
0 0.6375 0.31875 0.0796875 0.0859375
0 0.37890625 0.140625 0.08125 0.078125
0 0.55 0.40390625 0.0859375 0.0921875
0 0.475 0.21953125 0.08125 0.084375
0 0.63359375 0.7140625 0.09375 0.0984375
0 0.5609375 0.22109375 0.09375 0.0921875
0 0.63984375 0.225 0.078125 0.0890625
0 0.54296875 0.6015625 0.0953125 0.1015625
0 0.9609375 0.68203125 0.0625 0.1390625
0 0.96328125 0.54453125 0.0734375 0.1296875
0 0.01484375 0.45 0.0296875 0.1