0 0.64921875 0.2890625 0.1484375 0.11875
0 0.62578125 0.3703125 0.15 0.1140625
0 0.5984375 0.45546875 0.1546875 0.1171875
0 0.57109375 0.53359375 0.1578125 0.121875
0 0.54140625 0.628125 0.159375 0.125
0 0.50546875 0.7203125 0.1609375 0.121875
0 0.47421875 0.81953125 0.16875 0.1328125
0 0.79375 0.26015625 0.1328125 0.1
0 0.771875 0.33828125 0.128125 0.0953125
0 0.753125 0.41484375 0.140625 0.1109375
0 0.7296875 0.49921875 0.1453125 0.1140625
0 0.70234375 0.58203125 0.146875 0.109375
0 0.684375 0.67421875 0.15625 0.128125
0 0.64921875 0.76796875 0.1609375 0.125
0 0.61796875 0.8609375 0.159375 0.1265625
0 0.4 0.1171875 0.1390625 0.1109375
0 0.36796875 0.19375 0.140625 0.109375
0 0.3421875 0.2703125 0.140625 0.1109375
0 0.31015625 0.35234375 0.14375 0.1078125
0 0.2765625 0.43828125 0.1484375 0.1109375
0 0.24375 0.521875 0.1546875 0.1203125
0 0.209375 0.61640625 0.15625 0.1109375
0 0.17734375 0.709375 0.1546875 0.11875
0 0.3828125 0.5671875 0.153125 0.125
0 0.35 0.6640625 0.1578125 0.121875
0 0.31484375 0.75859375 0.165625 0.1265625