0 0.5328125 0.62109375 0.1703125 0.140625
0 0.503125 0.71484375 0.171875 0.14375
0 0.54296875 0.17265625 0.146875 0.1171875
0 0.51640625 0.24609375 0.15 0.1171875
0 0.34609375 0.28359375 0.1640625 0.1296875
0 0.46015625 0.40625 0.165625 0.13125
0 0.4359375 0.05703125 0.153125 0.1140625
0 0.7953125 0.34375 0.1484375 0.11875
0 0.3953125 0.5796875 0.1609375 0.1296875
0 0.47265625 0.8109375 0.1703125 0.140625
0 0.74375 0.50703125 0.153125 0.125
0 0.409375 0.13125 0.15625 0.1203125
0 0.62734375 0.86875 0.16875 0.140625
0 0.428125 0.490625 0.16875 0.134375
0 0.76953125 0.425 0.15 0.1234375
0 0.65703125 0.775 0.165625 0.134375
0 0.928125 0.31875 0.14375 0.1125
0 0.365625 0.66875 0.1640625 0.1359375
0 0.48984375 0.32578125 0.1515625 0.1203125
0 0.328125 0.76328125 0.16875 0.1375
0 0.690625 0.68359375 0.1609375 0.13125
0 0.7203125 0.59140625 0.159375 0.1265625
0 0.86796875 0.55625 0.1453125 0.11875
0 0.3796875 0.2046875 0.153125 0.1171875
0 0.17265625 0.72109375 0.171875 0.1390625
0 0.88984375 0.4734375 0.14375 0.11875
0 0.4625 0.0203125 0.1375 0.040625
0 0.2078125 0.62578125 0.1671875 0.134375
0 0.76875 0.9171875 0.1640625 0.1375
0 0.05859375 0.671875 0.1171875 0.1375
0 0.3140625 0.36484375 0.159375 0.1265625
0 0.84375 0.640625 0.140625 0.11875
0 0.9109375 0.3953125 0.1375 0.1109375
0 0.2828125 0.45078125 0.1703125 0.1359375
0 0.79609375 0.821875 0.165625 0.1359375
0 0.075 0.57734375 0.15 0.1328125
0 0.246875 0.5359375 0.1609375 0.128125
0 0.1546875 0.40234375 0.165625 0.1328125
0 0.82265625 0.73359375 0.1546875 0.1296875
0 0.97578125 0.4546875 0.0484375 0.09375
0 0.11171875 0.48984375 0.1609375 0.13125
0 0.9671875 0.52109375 0.065625 0.0890625
0 0.934375 0.6828125 0.08125 0.0921875
0 0.88203125 0.85234375 0.0734375 0.09375
0 0.90625 0.76640625 0.078125 0.1