0 0.1 0.2984375 0.1 0.10625
0 0.0984375 0.4203125 0.109375 0.10859375
0 0.09609375 0.528125 0.1171875 0.10625
0 0.1046875 0.64609375 0.1125 0.1015625
0 0.1203125 0.75 0.10703125 0.10625
0 0.1265625 0.853125 0.10546875 0.09453125
0 0.17734375 0.41328125 0.04296875 0.0484375
0 0.225 0.415625 0.0421875 0.0484375
0 0.17890625 0.465625 0.04453125 0.04609375
0 0.22578125 0.46875 0.04296875 0.053125
0 0.1796875 0.52109375 0.03828125 0.05078125
0 0.22578125 0.52578125 0.04296875 0.05546875
0 0.18359375 0.57421875 0.040625 0.04140625
0 0.2296875 0.57265625 0.04296875 0.0390625
0 0.184375 0.62421875 0.04453125 0.04375
0 0.2296875 0.62734375 0.04296875 0.04609375
0 0.18671875 0.67734375 0.046875 0.04375
0 0.23671875 0.675 0.0421875 0.0484375
0 0.234375 0.73046875 0.04609375 0.0390625
0 0.19453125 0.72890625 0.03828125 0.04609375
0 0.19921875 0.78203125 0.040625 0.04140625
0 0.2421875 0.77578125 0.0484375 0.05078125
0 0.19921875 0.821875 0.04296875 0.04609375
0 0.24375 0.8203125 0.04609375 0.0484375
0 0.20078125 0.87421875 0.04609375 0.04375
0 0.24296875 0.87421875 0.0421875 0.0484375
0 0.309375 0.72578125 0.11484375 0.321875
0 0.39375 0.2953125 0.09765625 0.11796875
0 0.39765625 0.4109375 0.1046875 0.10390625
0 0.40546875 0.52890625 0.103125 0.09921875
0 0.4140625 0.6421875 0.0953125 0.10859375
0 0.41796875 0.7546875 0.09765625 0.09296875
0 0.41953125 0.8578125 0.10078125 0.09921875
0 0.50234375 0.2890625 0.1015625 0.10625
0 0.50625 0.41171875 0.096875 0.1109375
0 0.51328125 0.5265625 0.10546875 0.09921875
0 0.51796875 0.6328125 0.1015625 0.0859375
0 0.52109375 0.73984375 0.08984375 0.09921875
0 0.5203125 0.84453125 0.096875 0.1015625
0 0.60859375 0.28125 0.1015625 0.11796875
0 0.60859375 0.40078125 0.109375 0.1109375
0 0.61640625 0.5140625 0.10546875 0.10625
0 0.6203125 0.63046875 0.0953125 0.10390625
0 0.61796875 0.7421875 0.096875 0.10859375
0 0.61796875 0.84921875 0.09375 0.08828125
0 0.71171875 0.46796875 0.06796875 0.17578125
0 0.7171875 0.646875 0.06015625 0.159375
0 0.715625 0.809375 0.06015625 0.15078125
0 0.80859375 0.2953125 0.10234375 0.11796875
0 0.9140625 0.29765625 0.09921875 0.11796875
0 0.81171875 0.41328125 0.10625 0.11796875
0 0.91171875 0.40625 0.0953125 0.09453125
0 0.80390625 0.52421875 0.103125 0.09453125
0 0.90859375 0.52109375 0.09140625 0.1015625
0 0.8015625 0.63046875 0.09453125 0.10390625
0 0.90078125 0.634375 0.0890625 0.10625
0 0.7984375 0.73828125 0.0953125 0.096875
0 0.8953125 0.73828125 0.0890625 0.096875
0 0.8015625 0.83359375 0.09140625 0.1015625
0 0.89140625 0.8390625 0.08671875 0.09453125