0 0.9375 0.390625 0.125 0.209375
0 0.90625 0.5734375 0.171875 0.1953125
0 0.85078125 0.75078125 0.1703125 0.209375
0 0.7984375 0.915625 0.165625 0.16875
0 0.66953125 0.89609375 0.1765625 0.2046875
0 0.721875 0.71484375 0.175 0.209375
0 0.7765625 0.53671875 0.1765625 0.196875
0 0.83203125 0.3515625 0.1734375 0.2046875
0 0.7 0.30859375 0.1796875 0.2140625
0 0.6453125 0.49296875 0.18125 0.2078125
0 0.58984375 0.67734375 0.184375 0.2125
0 0.534375 0.8625 0.184375 0.21875
0 0.396875 0.8265625 0.1828125 0.209375
0 0.4546875 0.64140625 0.1859375 0.2203125
0 0.50859375 0.45390625 0.1890625 0.2140625
0 0.5640625 0.265625 0.1859375 0.2203125
0 0.3109375 0.59921875 0.1953125 0.21875
0 0.253125 0.7921875 0.1953125 0.2234375