0 0.69296875 0.7375 0.0953125 0.0703125
0 0.59296875 0.70234375 0.0921875 0.0703125
0 0.73828125 0.571875 0.09375 0.06875
0 0.55546875 0.55234375 0.0875 0.059375
0 0.75078125 0.61875 0.09375 0.0703125
0 0.6796875 0.684375 0.09375 0.06875
0 0.72578125 0.521875 0.0921875 0.0703125
0 0.7859375 0.72890625 0.0984375 0.071875
0 0.50859375 0.73046875 0.0921875 0.06875
0 0.53359375 0.45859375 0.0921875 0.071875
0 0.5453125 0.5046875 0.0875 0.065625
0 0.51953125 0.78359375 0.09375 0.06875
0 0.18515625 0.7390625 0.096875 0.0734375
0 0.70859375 0.796875 0.09375 0.0703125
0 0.48984375 0.6265625 0.09375 0.065625
0 0.2734375 0.66953125 0.1 0.0703125
0 0.28046875 0.7234375 0.1015625 0.071875
0 0.1953125 0.79609375 0.1 0.075
0 0.3359375 0.50078125 0.0921875 0.071875
0 0.2609375 0.615625 0.1 0.0734375
0 0.76640625 0.671875 0.0921875 0.0703125
0 0.584375 0.6515625 0.0921875 0.065625
0 0.646875 0.28671875 0.0890625 0.065625
0 0.66640625 0.6328125 0.090625 0.0640625
0 0.2515625 0.5578125 0.096875 0.071875
0 0.640625 0.5265625 0.09375 0.0703125
0 0.4984375 0.6796875 0.090625 0.065625
0 0.48046875 0.5796875 0.090625 0.0609375
0 0.56953125 0.6015625 0.090625 0.065625
0 0.18125 0.684375 0.09375 0.06875
0 0.46953125 0.52890625 0.0890625 0.0609375
0 0.98125 0.6703125 0.0375 0.06875
0 0.34453125 0.553125 0.0921875 0.06875
0 0.16875 0.575 0.09375 0.06875
0 0.60546875 0.7625 0.0984375 0.0703125
0 0.6546875 0.58125 0.0921875 0.06875
0 0.79765625 0.7859375 0.0953125 0.0734375
0 0.28984375 0.7765625 0.0984375 0.071875
0 0.6640625 0.33359375 0.0890625 0.0625
0 0.3859375 0.82265625 0.09375 0.071875
0 0.4421875 0.440625 0.084375 0.059375
0 0.61015625 0.434375 0.0859375 0.0625
0 0.9734375 0.61484375 0.053125 0.0734375
0 0.59765625 0.3921875 0.08125 0.0578125
0 0.621875 0.8171875 0.1015625 0.071875
0 0.2984375 0.8328125 0.103125 0.075
0 0.7125 0.46875 0.090625 0.065625
0 0.1765625 0.62890625 0.0875 0.0640625
0 0.896875 0.60703125 0.0953125 0.06875
0 0.88125 0.5578125 0.0859375 0.065625
0 0.534375 0.84453125 0.096875 0.0734375
0 0.68125 0.375 0.0953125 0.0625
0 0.6265625 0.47890625 0.0859375 0.0625
0 0.990625 0.725 0.01875 0.071875
0 0.51796875 0.4078125 0.0890625 0.0640625
0 0.2453125 0.50390625 0.09375 0.06875
0 0.696875 0.421875 0.0984375 0.0671875
0 0.9484375 0.75234375 0.0890625 0.053125
0 0.3765625 0.76640625 0.090625 0.0703125
0 0.58359375 0.353125 0.0765625 0.0546875
0 0.45390625 0.4828125 0.0890625 0.0640625
0 0.86171875 0.5109375 0.0875 0.0640625
0 0.35390625 0.60703125 0.0953125 0.0703125
0 0.92890625 0.68125 0.0828125 0.0484375
0 0.2046875 0.8515625 0.09375 0.0671875
0 0.39921875 0.88203125 0.1046875 0.075
0 0.11953125 0.8453125 0.09375 0.0671875
0 0.50546875 0.36640625 0.0875 0.0578125
0 0.846875 0.465625 0.0859375 0.0640625
0 0.20859375 0.91015625 0.0984375 0.0640625
0 0.303125 0.89609375 0.1109375 0.0765625
0 0.490625 0.32890625 0.0828125 0.059375
0 0.36640625 0.659375 0.10625 0.0703125
0 0.809375 0.34140625 0.0828125 0.0609375
0 0.88125 0.33046875 0.078125 0.059375
0 0.36953125 0.71171875 0.096875 0.0703125
0 0.85859375 0.24765625 0.078125 0.0640625
0 0.965625 0.55859375 0.06875 0.0640625
0 0.9359375 0.7140625 0.075 0.046875
0 0.9546875 0.5125 0.090625 0.071875
0 0.91875 0.6484375 0.0796875 0.0484375
0 0.9390625 0.46328125 0.1015625 0.0703125
0 0.1046875 0.94765625 0.05625 0.1046875
0 0.825 0.3859375 0.078125 0.0546875
0 0.86484375 0.290625 0.0796875 0.0546875
0 0.834375 0.4203125 0.0796875 0.059375
0 0.89921875 0.37109375 0.078125 0.05625
0 0.4453125 0.79375 0.0703125 0.165625
0 0.8 0.32265625 0.0734375 0.046875
0 0.91640625 0.4125 0.090625 0.0671875