0 0.603125 0.684375 0.159375 0.1109375
0 0.609375 0.7890625 0.1625 0.1125
0 0.5890625 0.58203125 0.15625 0.1078125
0 0.553125 0.31171875 0.1421875 0.0890625
0 0.7203125 0.48828125 0.1390625 0.096875
0 0.7484375 0.67734375 0.1453125 0.1046875
0 0.428125 0.771875 0.1546875 0.1953125
0 0.70859375 0.40078125 0.1359375 0.0921875
0 0.27109375 0.5921875 0.1453125 0.1859375
0 0.28203125 0.78359375 0.1546875 0.2
0 0.69453125 0.31640625 0.1375 0.090625
0 0.68671875 0.2296875 0.1296875 0.0859375
0 0.57734375 0.4859375 0.1453125 0.1
0 0.56484375 0.39765625 0.1390625 0.0921875
0 0.41171875 0.57890625 0.15625 0.1859375
0 0.403125 0.3984375 0.146875 0.1765625
0 0.55078125 0.2296875 0.1359375 0.0890625
0 0.75859375 0.77578125 0.14375 0.103125
0 0.73203125 0.5796875 0.1390625 0.1
0 0.93515625 0.82890625 0.084375 0.059375
0 0.9234375 0.77265625 0.084375 0.0578125
0 0.97421875 0.70859375 0.0515625 0.0609375
0 0.91328125 0.721875 0.08125 0.05625
0 0.903125 0.6703125 0.0796875 0.05625
0 0.94375 0.87890625 0.084375 0.059375
0 0.03125 0.709375 0.0390625 0.121875
0 0.03828125 0.83984375 0.03125 0.13125
0 0.02734375 0.58046875 0.0515625 0.121875
0 0.98515625 0.81796875 0.0296875 0.1515625