0 0.6234375 0.45 0.11953125 0.140625
0 0.759375 0.50859375 0.1296875 0.13125
0 0.76875 0.646875 0.13125 0.1375
0 0.778125 0.7921875 0.134375 0.14921875
0 0.63359375 0.78125 0.128125 0.165625
0 0.62890625 0.609375 0.1203125 0.16015625
0 0.3859375 0.20390625 0.0984375 0.0828125
0 0.39296875 0.29765625 0.08515625 0.08125
0 0.3953125 0.39375 0.0875 0.0921875
0 0.39609375 0.49296875 0.08984375 0.09453125
0 0.39765625 0.5953125 0.08984375 0.0953125
0 0.396875 0.70234375 0.0890625 0.1046875
0 0.396875 0.8125 0.09296875 0.115625
0 0.3015625 0.20078125 0.0671875 0.07734375
0 0.30625 0.3046875 0.0859375 0.0921875
0 0.3046875 0.3984375 0.090625 0.0921875
0 0.3046875 0.49375 0.08984375 0.1
0 0.303125 0.5953125 0.0921875 0.1
0 0.3015625 0.70234375 0.0953125 0.10859375
0 0.3 0.81640625 0.0984375 0.1109375
0 0.20078125 0.81171875 0.09609375 0.10234375
0 0.20546875 0.7046875 0.08984375 0.0984375
0 0.20703125 0.59765625 0.09453125 0.1015625
0 0.21171875 0.5015625 0.090625 0.090625
0 0.2140625 0.4 0.08671875 0.09453125
0 0.21796875 0.303125 0.0859375 0.090625
0 0.22109375 0.2140625 0.07578125 0.0765625
0 0.22438186875000002 0.091796875 0.21993192968750003 0.162109375 0.289150653125 0.1494140625 0.2929961390625 0.06640625 0.22438186875000002 0.091796875
0 0.13203125 0.14140625 0.084375 0.0765625
0 0.12734375 0.22421875 0.084375 0.08515625
0 0.1203125 0.31484375 0.08359375 0.0890625
0 0.11640625 0.40703125 0.08203125 0.08984375
0 0.1109375 0.5015625 0.08671875 0.09453125
0 0.103125 0.60234375 0.0859375 0.1015625
0 0.0953125 0.70703125 0.0890625 0.10546875
0 0.0859375 0.8171875 0.0921875 0.1046875
0 0.04453125 0.1453125 0.08828125 0.0796875
0 0.0421875 0.2265625 0.08359375 0.0765625