0 0.28125 0.4421875 0.2390625 0.1953125
0 0.49296875 0.165625 0.171875 0.18515625
0 0.48984375 0.346875 0.16484375 0.16484375
0 0.48125 0.51484375 0.1625 0.16171875
0 0.47578125 0.67109375 0.15859375 0.140625
0 0.471875 0.8171875 0.15 0.13671875
0 0.6484375 0.51640625 0.16015625 0.14609375
0 0.63984375 0.67265625 0.15390625 0.15
0 0.63203125 0.82421875 0.1453125 0.13203125
0 0.34296875 0.59140625 0.09453125 0.07421875
0 0.34140625 0.65703125 0.0953125 0.0578125
0 0.3421875 0.71484375 0.09375 0.0546875
0 0.340625 0.77578125 0.096875 0.059375
0 0.3390625 0.84375 0.09375 0.059375
0 0.23203125 0.58515625 0.10859375 0.06171875
0 0.23359375 0.6546875 0.0984375 0.05546875
0 0.23671875 0.7171875 0.10078125 0.053125
0 0.23515625 0.78125 0.10078125 0.0578125
0 0.23359375 0.84140625 0.10546875 0.05546875
0 0.1296875 0.6421875 0.10546875 0.0640625
0 0.128125 0.71015625 0.1015625 0.0515625
0 0.13125 0.778125 0.096875 0.0515625
0 0.13125 0.83671875 0.09453125 0.0578125
0 0.1203125 0.4015625 0.0765625 0.175
0 0.64140625 0.17421875 0.11796875 0.146875