0 0.71015625 0.25078125 0.1359375 0.1390625
0 0.7671875 0.346875 0.134375 0.134375
0 0.8203125 0.44296875 0.1296875 0.1328125
0 0.871875 0.534375 0.125 0.1203125
0 0.91796875 0.62578125 0.125 0.1296875
0 0.971875 0.57734375 0.05625 0.1296875
0 0.946875 0.48671875 0.10625 0.1296875
0 0.9078125 0.39453125 0.13125 0.134375
0 0.8546875 0.29765625 0.13125 0.1328125
0 0.79921875 0.20390625 0.128125 0.1328125
0 0.86640625 0.16484375 0.0734375 0.096875
0 0.91796875 0.26015625 0.0828125 0.1078125
0 0.96484375 0.35859375 0.0703125 0.1109375
0 0.990625 0.4515625 0.01875 0.103125
0 0.6375 0.090625 0.09375 0.0703125
0 0.65078125 0.12421875 0.0859375 0.0640625
0 0.66640625 0.15078125 0.0875 0.065625
0 0.68046875 0.178125 0.090625 0.0703125
0 0.75546875 0.1296875 0.0796875 0.0578125
0 0.740625 0.10234375 0.090625 0.0703125
0 0.428125 0.30390625 0.15 0.15625
0 0.4890625 0.40703125 0.1359375 0.1359375
0 0.5484375 0.5046875 0.1390625 0.1421875
0 0.6046875 0.59921875 0.1359375 0.1359375
0 0.65859375 0.69375 0.134375 0.134375
0 0.7125 0.78359375 0.13125 0.128125
0 0.3328125 0.35625 0.1453125 0.146875
0 0.39609375 0.459375 0.1390625 0.140625
0 0.45703125 0.55546875 0.1390625 0.1390625
0 0.51328125 0.65 0.13125 0.1328125
0 0.5671875 0.73984375 0.13125 0.1296875
0 0.621875 0.83203125 0.1296875 0.1296875
0 0.2421875 0.4078125 0.1421875 0.1453125
0 0.30703125 0.5109375 0.1390625 0.14375
0 0.3671875 0.61015625 0.140625 0.1390625
0 0.425 0.703125 0.134375 0.1359375
0 0.48125 0.7921875 0.1328125 0.128125
0 0.53671875 0.87734375 0.1234375 0.1234375
0 0.25234375 0.60546875 0.140625 0.178125
0 0.35546875 0.75 0.1296875 0.1703125
0 0.44765625 0.89375 0.13125 0.1640625
0 0.06171875 0.49453125 0.1234375 0.1453125
0 0.13046875 0.5953125 0.134375 0.1359375
0 0.20078125 0.69453125 0.128125 0.1359375
0 0.26640625 0.7875 0.128125 0.128125
0 0.32421875 0.87734375 0.1265625 0.13125
0 0.38046875 0.95234375 0.1296875 0.0953125
0 0.01875 0.54140625 0.0375 0.1328125
0 0.053125 0.64453125 0.10625 0.1390625
0 0.11328125 0.74375 0.1296875 0.1390625
0 0.1734375 0.8390625 0.1375 0.1421875
0 0.2375 0.9265625 0.1328125 0.1390625
0 0.29765625 0.97578125 0.1234375 0.0484375
0 0.18984375 0.953125 0.0609375 0.09375