0 0.8527888375 0.48046875 0.853887546875 0.525390625 0.924205171875 0.5224609375 0.92530388125 0.478515625 0.8527888375 0.48046875
0 0.8538877375 0.53125 0.85169031875 0.576171875 0.9340933703125 0.5712890625 0.93354420625 0.5205078125 0.8538877375 0.53125
0 0.8489435437499999 0.583984375 0.8527889328124999 0.630859375 0.934642915625 0.62890625 0.9340935609375001 0.5751953125 0.8489435437499999 0.583984375
0 0.8549864484375 0.6376953125 0.8544845437499999 0.69140625 0.9417845312500001 0.6875 0.9406858203124999 0.630859375 0.8549864484375 0.6376953125
0 0.8511409625 0.697265625 0.8517370046874999 0.751953125 0.9412351749999999 0.7490234375 0.9395871109374999 0.693359375 0.8511409625 0.697265625
0 0.8516901265625 0.7529296875 0.8533844953124999 0.798828125 0.9428786515625 0.8017578125 0.9445313046875 0.7509765625 0.8516901265625 0.7529296875
0 0.861074509375 0.8076171875 0.8593812875 0.8564453125 0.95221806875 0.8544921875 0.9511235640625 0.8095703125 0.861074509375 0.8076171875
0 0.7572331359375 0.7275390625 0.7566519109375001 0.7763671875 0.8385012109375 0.7685546875 0.8379564437499999 0.7197265625 0.7572331359375 0.7275390625
0 0.7835394234375 0.7848815921875001 0.795655921875 0.93359375 0.8087768000000001 0.9306640625 0.7989520515625 0.7861328125 0.7835394234375 0.7848815921875001
0 0.7830207578125 0.794921875 0.765437384375 0.7958984375 0.7709349484375 0.935546875 0.792909146875 0.935546875 0.7830207578125 0.794921875
0 0.7484115859375 0.71875 0.7500594609375 0.6748046875 0.6720512484375 0.6787109375 0.6731499578125 0.7275390625 0.7484115859375 0.71875
0 0.6764460875 0.734375 0.6764643828125 0.78125 0.75335578125 0.7763671875 0.7544544906249999 0.7314453125 0.6764460875 0.734375
0 0.678668659375 0.7822265625 0.679759078125 0.8330078125 0.7577506203125 0.8330078125 0.7577504296875001 0.7802734375 0.678668659375 0.7822265625
0 0.685785121875 0.8369140625 0.683038346875 0.8896484375 0.7648880296875 0.884765625 0.7632441703125 0.833984375 0.685785121875 0.8369140625
0 0.6863344765625 0.890625 0.6874329953125 0.94140625 0.768737625 0.9423828125 0.7648922359375 0.8857421875 0.6863344765625 0.890625
0 0.6139890015625 0.4599609375 0.615087903125 0.44677734375 0.6161868046875 0.3798828125 0.6131648265625 0.3759765625 0.6095933984374999 0.375 0.4766263640625 0.3740234375 0.4749780125 0.375 0.4744285625 0.37841796875 0.4730549359375 0.41650390625 0.47168130937499997 0.4609375 0.47332966093750006 0.462890625 0.6109670234375 0.46337890625 0.6139890015625 0.4599609375
0 0.6241520203124999 0.74609375 0.6268992734375 0.7421875 0.6271739984375 0.6591796875 0.6266245484375 0.64990234375 0.624976196875 0.6474609375 0.47992125156250004 0.6484375 0.47854762500000003 0.650390625 0.4763498234375 0.689453125 0.474426746875 0.7353515625 0.474426746875 0.7412109375 0.4760750984375 0.74560546875 0.6241520203124999 0.74609375
0 0.4670117453125 0.27294921875 0.4763524046875 0.26953125 0.47800075625 0.2666015625 0.481297459375 0.20947265625 0.47909965625 0.19384765625 0.47552822812500006 0.1904296875 0.42909965625 0.18310546875 0.396682075 0.18310546875 0.3524513046875 0.1875 0.3428359203125 0.18994140625 0.34146229375 0.1943359375 0.3387150421875 0.24951171875 0.3392644921875 0.26953125 0.34146229375 0.2724609375 0.4670117453125 0.27294921875
0 0.46756100468749995 0.3525390625 0.46975880625000005 0.349609375 0.47168188281249995 0.32763671875 0.47195660781250004 0.283203125 0.46838517968750004 0.27197265625 0.3362423234375 0.2705078125 0.3340445203125 0.2724609375 0.33212144375 0.29150390625 0.329648915625 0.35009765625 0.33267089375 0.3544921875 0.45904452031250004 0.35546875 0.46756100468749995 0.3525390625
0 0.4672853234375 0.44140625 0.4692084 0.4384765625 0.47250510312499994 0.369140625 0.4711314765625 0.35986328125 0.466186421875 0.35693359375 0.33321938906250004 0.35693359375 0.3299226859375 0.359375 0.327999609375 0.38330078125 0.32635125781249996 0.44140625 0.328549059375 0.443359375 0.4571204875 0.443359375 0.4672853234375 0.44140625
0 0.38129602500000004 0.5361328125 0.464812509375 0.53173828125 0.46728503593750004 0.53076171875 0.4689333875 0.52587890625 0.47085646406250004 0.45361328125 0.4689333875 0.44580078125 0.46316415781250003 0.44091796875 0.3266256953125 0.4423828125 0.32415316875 0.45263671875 0.3225048171875 0.474609375 0.3194828390625 0.5283203125 0.321955365625 0.53369140625 0.3260762453125 0.5361328125 0.38129602500000004 0.5361328125
0 0.44255890156250005 0.63720703125 0.46810835156249997 0.63525390625 0.469756703125 0.6328125 0.4716797796875 0.61962890625 0.4747017578125 0.54248046875 0.4716797796875 0.5361328125 0.4683830765625 0.53466796875 0.3236028578125 0.53857421875 0.32140505468749997 0.55322265625 0.3186578015625 0.6162109375 0.3181083515625 0.6328125 0.319207253125 0.63623046875 0.3211303296875 0.63671875 0.44255890156250005 0.63720703125
0 0.3694814046875 0.7431640625 0.4667341515625 0.74169921875 0.47140448125 0.7392578125 0.47250338281250004 0.7353515625 0.47607481093750004 0.64208984375 0.47112975625000003 0.63623046875 0.3225033828125 0.638671875 0.32140448125 0.64013671875 0.318931953125 0.681640625 0.3167341515625 0.72998046875 0.3167341515625 0.73681640625 0.318931953125 0.74072265625 0.3694814046875 0.7431640625
0 0.4639865171875 0.84814453125 0.46838212031250004 0.845703125 0.46975574687500005 0.84228515625 0.4738766265625 0.74658203125 0.46673376875 0.74365234375 0.318656846875 0.74462890625 0.31700849375 0.74609375 0.3150854171875 0.7568359375 0.313437065625 0.77978515625 0.3106898125 0.833984375 0.3109645390625 0.8447265625 0.312887615625 0.8466796875 0.4639865171875 0.84814453125
0 0.2804707984375 0.46728515625 0.2867894796875 0.46044921875 0.28953673125 0.4462890625 0.2975037640625 0.359375 0.2999762921875 0.30908203125 0.2933828859375 0.3017578125 0.2870642046875 0.29833984375 0.185141128125 0.29833984375 0.17387739062500002 0.298828125 0.1661850828125 0.30224609375 0.161240028125 0.30908203125 0.1502510171875 0.44140625 0.15052574218749998 0.4609375 0.160141128125 0.4677734375 0.27497629218749997 0.4697265625 0.2804707984375 0.46728515625
0 0.610149253125 0.3701171875 0.6120723296875 0.3681640625 0.6131712312500001 0.30078125 0.6112481546875 0.29052734375 0.6087756265625 0.2880859375 0.5054789234375 0.28564453125 0.4810283734375 0.2861328125 0.47525914374999995 0.2880859375 0.472511890625 0.34765625 0.472786615625 0.3662109375 0.4744349671875 0.369140625 0.610149253125 0.3701171875
0 0.6178406046875 0.6455078125 0.61976368125 0.623046875 0.61948895625 0.56005859375 0.6178406046875 0.55419921875 0.6117966484374999 0.55224609375 0.47745598906250003 0.55126953125 0.4755329125 0.55517578125 0.471686759375 0.6015625 0.47196148437499996 0.63916015625 0.4736098359375 0.64404296875 0.4769065390625 0.646484375 0.6178406046875 0.6455078125
0 0.150163946875 0.474609375 0.131506753125 0.6611328125 0.27871300625 0.654296875 0.28970010468749996 0.4765625 0.150163946875 0.474609375
0 0.2721657109375 0.8623046875 0.284755909375 0.6630859375 0.1380781375 0.6669921875 0.1259922328125 0.857421875 0.2721657109375 0.8623046875
0 0.6112534125 0.55224609375 0.615099565625 0.544921875 0.614824840625 0.47265625 0.614550115625 0.466796875 0.6129017640625001 0.46484375 0.4758138515625 0.4609375 0.47361605000000007 0.46240234375 0.47196769843749997 0.52490234375 0.47306659843750004 0.5478515625 0.4752644015625 0.5517578125 0.6112534125 0.55224609375
0 0.622522596875 0.8408203125 0.622797321875 0.83203125 0.621973146875 0.75341796875 0.61977534375 0.75 0.6137313890625 0.74755859375 0.478017103125 0.7490234375 0.47636875156249997 0.75048828125 0.47499512499999996 0.759765625 0.47169842187500005 0.81005859375 0.4711489703125 0.84375 0.472797321875 0.84521484375 0.6208742453125 0.84326171875 0.622522596875 0.8408203125
0 0.6109846140624999 0.27734375 0.6118087890624999 0.21044921875 0.6101604375 0.20556640625 0.606863734375 0.2021484375 0.5769186796875 0.19970703125 0.5337868109375 0.19873046875 0.47994065781249995 0.20166015625 0.4774681296875 0.2041015625 0.4763692296875 0.2412109375 0.4769186796875 0.2822265625 0.6082373609375 0.2841796875 0.6101604375 0.28271484375 0.6109846140624999 0.27734375