0 0.63984375 0.21875 0.0921875 0.0890625
0 0.6296875 0.30703125 0.0890625 0.090625
0 0.61953125 0.40625 0.090625 0.09375
0 0.6109375 0.5046875 0.09375 0.0984375
0 0.6 0.6125 0.090625 0.0984375
0 0.58828125 0.71640625 0.0984375 0.0984375
0 0.57734375 0.8265625 0.103125 0.115625
0 0.72421875 0.2296875 0.090625 0.0921875
0 0.715625 0.32109375 0.0953125 0.0953125
0 0.70859375 0.41484375 0.0921875 0.090625
0 0.70078125 0.5140625 0.1015625 0.096875
0 0.69375 0.621875 0.103125 0.103125
0 0.684375 0.7296875 0.10625 0.103125
0 0.6734375 0.840625 0.109375 0.10625
0 0.80546875 0.2390625 0.0859375 0.0828125
0 0.803125 0.3328125 0.0875 0.084375
0 0.79375 0.43046875 0.090625 0.09375
0 0.790625 0.5265625 0.090625 0.0953125
0 0.78828125 0.6296875 0.0890625 0.09375
0 0.77890625 0.74296875 0.0890625 0.1
0 0.77109375 0.85546875 0.096875 0.10625