0 0.109375 0.1828125 0.08359375 0.08046875
0 0.1 0.27421875 0.08125 0.0734375
0 0.0921875 0.37109375 0.08984375 0.09140625
0 0.0828125 0.47265625 0.09296875 0.08984375
0 0.0765625 0.58125 0.0921875 0.10078125
0 0.07109375 0.7 0.096875 0.10390625
0 0.0625 0.81796875 0.09140625 0.1015625
0 0.20078125 0.175 0.08125 0.0796875
0 0.19765625 0.27265625 0.0859375 0.0796875
0 0.190625 0.3734375 0.0890625 0.090625
0 0.184375 0.471875 0.09296875 0.08828125
0 0.18046875 0.57734375 0.09375 0.07890625
0 0.1796875 0.6953125 0.08984375 0.11015625
0 0.17421875 0.8171875 0.08671875 0.1
0 0.2921875 0.1765625 0.0828125 0.096875
0 0.290625 0.26953125 0.08515625 0.0734375
0 0.2859375 0.36328125 0.084375 0.08046875
0 0.28359375 0.475 0.0890625 0.09453125
0 0.28046875 0.58046875 0.08671875 0.09921875
0 0.27421875 0.69921875 0.09140625 0.09296875
0 0.275 0.81171875 0.0875 0.09921875
0 0.73515625 0.60234375 0.41640625 0.475