0 0.784375 0.44453125 0.165625 0.1453125
0 0.7796875 0.59609375 0.17109375 0.1390625
0 0.76015625 0.734375 0.15 0.1296875
0 0.75390625 0.87109375 0.16328125 0.1265625
0 0.59921875 0.871875 0.13515625 0.1265625
0 0.60234375 0.7328125 0.14140625 0.134375
0 0.60234375 0.58984375 0.14296875 0.13671875
0 0.5921875 0.265625 0.10703125 0.1140625
0 0.590625 0.38359375 0.109375 0.10703125
0 0.4765625 0.27421875 0.10703125 0.11015625
0 0.47734375 0.3890625 0.10703125 0.103125
0 0.478125 0.4953125 0.10390625 0.09453125
0 0.45546875 0.73203125 0.14140625 0.13515625
0 0.46015625 0.86796875 0.13515625 0.11796875
0 0.74765625 0.2765625 0.13671875 0.1234375
0 0.2984375 0.2953125 0.13828125 0.2203125
0 0.26640625 0.58203125 0.14375 0.2453125
0 0.27734375 0.83046875 0.14921875 0.23125
0 0.0921875 0.30859375 0.184375 0.2546875
0 0.09609375 0.56328125 0.190625 0.23828125
0 0.0953125 0.796875 0.190625 0.215625