0 0.5 0.709375 0.146875 0.1171875
0 0.48125 0.8046875 0.159375 0.1296875
0 0.353125 0.6796875 0.153125 0.11875
0 0.55703125 0.3671875 0.140625 0.103125
0 0.4125 0.421875 0.146875 0.1171875
0 0.3734375 0.59140625 0.1515625 0.1140625
0 0.50703125 0.61796875 0.1484375 0.109375
0 0.53984375 0.4515625 0.140625 0.1046875
0 0.52265625 0.5296875 0.1421875 0.10625
0 0.39375 0.50234375 0.1421875 0.1046875
0 0.3421875 0.77734375 0.1625 0.128125
0 0.571875 0.290625 0.1328125 0.1
0 0.4546875 0.259375 0.1375 0.1046875
0 0.43203125 0.3359375 0.140625 0.10625
0 0.3328125 0.11953125 0.14375 0.1015625
0 0.30859375 0.19921875 0.146875 0.10625
0 0.171875 0.15546875 0.15625 0.1140625
0 0.14296875 0.7375 0.178125 0.1390625
0 0.14375 0.2359375 0.159375 0.115625
0 0.28828125 0.278125 0.15 0.1078125
0 0.05625 0.6078125 0.1125 0.128125
0 0.115625 0.325 0.1625 0.11875
0 0.03828125 0.70546875 0.0765625 0.1234375
0 0.06953125 0.50390625 0.1390625 0.1265625
0 0.17734375 0.6390625 0.16875 0.13125
0 0.20859375 0.5421875 0.159375 0.1234375
0 0.08828125 0.4109375 0.165625 0.1265625
0 0.25546875 0.3640625 0.146875 0.109375
0 0.23203125 0.45 0.1546875 0.11875