0 0.734375 0.10859375 0.13125 0.0953125
0 0.76171875 0.1828125 0.1265625 0.0953125
0 0.790625 0.25390625 0.1359375 0.1015625
0 0.8234375 0.33515625 0.1453125 0.10625
0 0.85546875 0.42109375 0.14375 0.109375
0 0.8828125 0.5078125 0.1515625 0.10625
0 0.909375 0.59765625 0.15625 0.1171875
0 0.93046875 0.69296875 0.1390625 0.1234375
0 0.634375 0.203125 0.1359375 0.1015625
0 0.659375 0.28203125 0.1453125 0.1078125
0 0.69375 0.37265625 0.15 0.11875
0 0.71640625 0.45859375 0.1453125 0.10625
0 0.74375 0.54453125 0.1578125 0.115625
0 0.76875 0.63828125 0.1625 0.1234375
0 0.79765625 0.73671875 0.159375 0.1234375
0 0.57734375 0.58515625 0.1515625 0.1171875
0 0.6046875 0.678125 0.1609375 0.128125
0 0.63359375 0.77734375 0.1625 0.1296875
0 0.328125 0.2078125 0.1390625 0.1078125
0 0.3515625 0.2859375 0.1390625 0.109375
0 0.37421875 0.36640625 0.146875 0.1125
0 0.39375 0.45 0.15 0.109375
0 0.41875 0.53671875 0.15 0.1125
0 0.4421875 0.6296875 0.153125 0.1203125
0 0.46640625 0.7234375 0.159375 0.125
0 0.4921875 0.82109375 0.159375 0.1171875
0 0.1375 0.621875 0.146875 0.115625
0 0.15546875 0.7171875 0.14375 0.1046875
0 0.175 0.8140625 0.1453125 0.1125
0 0.19140625 0.9140625 0.1515625 0.1265625
0 0.178125 0.1765625 0.134375 0.1046875
0 0.19296875 0.24921875 0.134375 0.103125
0 0.2125 0.3328125 0.1421875 0.109375
0 0.23125 0.41484375 0.1453125 0.1140625
0 0.25546875 0.5 0.1421875 0.103125
0 0.27734375 0.58671875 0.1515625 0.1125
0 0.296875 0.67578125 0.1546875 0.115625
0 0.315625 0.771875 0.1546875 0.128125
0 0.33828125 0.871875 0.1546875 0.11875