0 0.590625 0.14375 0.1015625 0.103125
0 0.63359375 0.22421875 0.103125 0.1109375
0 0.67578125 0.31171875 0.10625 0.115625
0 0.7203125 0.40078125 0.1109375 0.1171875
0 0.76875 0.48984375 0.1125 0.115625
0 0.81875 0.58671875 0.1171875 0.1296875
0 0.8625 0.6859375 0.121875 0.1234375
0 0.95625 0.640625 0.0875 0.125
0 0.90625 0.54765625 0.1234375 0.128125
0 0.8578125 0.45078125 0.1125 0.1171875
0 0.81015625 0.36171875 0.1109375 0.1171875
0 0.75703125 0.27890625 0.1046875 0.1125
0 0.7140625 0.19375 0.10625 0.109375
0 0.66484375 0.1125 0.1046875 0.10625
0 0.7375 0.08203125 0.09375 0.1
0 0.7875 0.1609375 0.096875 0.1078125
0 0.82734375 0.24453125 0.103125 0.103125
0 0.88203125 0.3265625 0.103125 0.1140625
0 0.9375 0.41484375 0.1 0.11875
0 0.96953125 0.51015625 0.0609375 0.1203125
0 0.334375 0.5578125 0.66875 0.765625