0 0.8453125 0.26640625 0.12734375 0.178125
0 0.84375 0.45078125 0.12421875 0.17109375
0 0.84609375 0.63984375 0.1234375 0.175
0 0.846875 0.828125 0.1203125 0.171875
0 0.709375 0.2609375 0.12109375 0.17109375
0 0.70625 0.45 0.13046875 0.175
0 0.709375 0.64453125 0.1265625 0.17890625
0 0.7109375 0.83359375 0.1375 0.16796875
0 0.565625 0.2625 0.13046875 0.17421875
0 0.56953125 0.453125 0.12734375 0.17578125
0 0.56953125 0.646875 0.13359375 0.18359375
0 0.56640625 0.83828125 0.12265625 0.17734375
0 0.4234375 0.25859375 0.13984375 0.18828125
0 0.42421875 0.45625 0.13671875 0.178125
0 0.42578125 0.65 0.1390625 0.18984375
0 0.425 0.84765625 0.134375 0.18203125
0 0.27265625 0.6546875 0.1546875 0.1859375
0 0.2734375 0.85859375 0.15625 0.18828125