0 0.6203125 0.134375 0.16953125 0.19453125
0 0.79375 0.14765625 0.16640625 0.190625
0 0.78515625 0.30703125 0.165625 0.1828125
0 0.61875 0.3171875 0.16640625 0.15859375
0 0.61171875 0.48359375 0.16015625 0.1703125
0 0.7765625 0.49453125 0.14609375 0.1625
0 0.6078125 0.65234375 0.1515625 0.16328125
0 0.76875 0.653125 0.14375 0.15234375
0 0.61015625 0.8203125 0.159375 0.165625
0 0.76328125 0.81875 0.13984375 0.16171875
0 0.25703125 0.1359375 0.13046875 0.14921875
0 0.3890625 0.1421875 0.13046875 0.1421875
0 0.39140625 0.29375 0.125 0.14296875
0 0.2640625 0.2921875 0.13046875 0.13359375
0 0.27109375 0.43515625 0.125 0.1296875
0 0.39453125 0.4421875 0.11328125 0.13203125
0 0.39140625 0.58125 0.1140625 0.11875
0 0.3921875 0.70390625 0.1171875 0.12421875
0 0.39375 0.834375 0.1125 0.11328125
0 0.26796875 0.57109375 0.12578125 0.13046875
0 0.271875 0.709375 0.11640625 0.109375
0 0.278125 0.83359375 0.125 0.11171875
0 0.066612403125 0.0617283828125 0.0775812671875 0.2207865171875 0.1928104734375 0.21091370937499998 0.18795142812500001 0.07269566093749999 0.066612403125 0.0617283828125
0 0.07827535625000001 0.229425065625 0.080357834375 0.3688773265625 0.19489295 0.356536421875 0.19489295 0.21955235156250003 0.07827535625000001 0.229425065625
0 0.0752929578125 0.3672839390625 0.0886876390625 0.5033931125 0.205305234375 0.49352044375000004 0.1976696234375 0.36270687343749997 0.0752929578125 0.3672839390625
0 0.0997941171875 0.629270396875 0.2046111453125 0.6329726109375 0.2046111453125 0.4959885875 0.0866052671875 0.5021590406249999 0.0997941171875 0.629270396875
0 0.09701755 0.6477817531250001 0.10048831250000001 0.7600839671874999 0.2177999953125 0.7563816578125 0.210164278125 0.6317385390625 0.09701755 0.6477817531250001
0 0.10133462499999998 0.7654320875 0.1136771625 0.8896636546875 0.2198824734375 0.9007702984374999 0.21224675624999997 0.76625441875 0.10133462499999998 0.7654320875