0 0.10703125 0.33515625 0.115625 0.1953125
0 0.196875 0.3546875 0.1125 0.2046875
0 0.29765625 0.35625 0.1171875 0.2
0 0.27109375 0.5515625 0.109375 0.1828125
0 0.178125 0.54453125 0.1078125 0.1953125
0 0.08828125 0.53125 0.115625 0.19375
0 0.15625 0.73828125 0.1125 0.1765625
0 0.059375 0.70859375 0.1140625 0.1890625
0 0.38515625 0.6125 0.159375 0.1875
0 0.41875 0.40234375 0.1328125 0.2671875
0 0.52265625 0.59609375 0.1234375 0.2375
0 0.49765625 0.79921875 0.14375 0.1796875
0 0.3640625 0.77265625 0.153125 0.171875
0 0.80234375 0.61171875 0.13125 0.1421875
0 0.70703125 0.8203125 0.103125 0.184375
0 0.6140625 0.809375 0.10625 0.1984375
0 0.64609375 0.61640625 0.1125 0.1890625
0 0.1203125 0.2125 0.08125 0.05625
0 0.1234375 0.1640625 0.084375 0.053125
0 0.13125 0.12109375 0.084375 0.053125
0 0.30859375 0.18515625 0.1 0.0515625
0 0.3109375 0.22578125 0.0875 0.0453125