0 0.9329946609374999 0.3623046875 0.9412349843750001 0.404296875 1 0.39453125 0.9967038703125001 0.3505859375 0.9329946609374999 0.3623046875
0 0.8369376875000001 0.31640625 0.8407068515624999 0.3583984375 0.9170633671875 0.3408203125 0.9121191718749999 0.3017578125 0.8369376875000001 0.31640625
0 0.8501232578125 0.3623046875 0.853887546875 0.404296875 0.9329946609374999 0.3837890625 0.928050465625 0.3388671875 0.8501232578125 0.3623046875
0 0.8610291609375 0.404296875 0.8687239546875001 0.44506478281249995 0.9434324046875 0.431640625 0.9395869187500001 0.3837890625 0.8610291609375 0.404296875
0 0.8692694859375001 0.451171875 0.8699013750000001 0.4931640625 0.9522220828125001 0.48046875 0.9483765984374999 0.4365234375 0.8692694859375001 0.451171875
0 0.872565615625 0.4951171875 0.8786123437500001 0.54645481875 0.9566169234374999 0.53125 0.9549688578125 0.486328125 0.872565615625 0.4951171875
0 0.8769604546875 0.548828125 0.8786912453125 0.5888671875 0.9604624078124999 0.578125 0.9593636984374999 0.53515625 0.8769604546875 0.548828125
0 0.887947553125 0.587890625 0.8896778671875 0.638671875 0.97419628125 0.626953125 0.9719988624999999 0.5751953125 0.887947553125 0.587890625
0 0.8945398125 0.640625 0.8951715124999999 0.689453125 0.9802391859374999 0.6806640625 0.978041765625 0.62890625 0.8945398125 0.640625
0 0.898934653125 0.6923828125 0.8995660640625 0.744140625 0.98518338125 0.73828125 0.983535315625 0.6865234375 0.898934653125 0.6923828125
0 0.89947631875 0.7421875 0.9027801375 0.796875 0.9928743499999999 0.794921875 0.990127575 0.7373046875 0.89947631875 0.7421875
0 0.9104551421875 0.802734375 0.911086171875 0.8603515625 1 0.857421875 0.997253225 0.798828125 0.9104551421875 0.802734375
0 0.825386703125 0.806640625 0.8258704437500001 0.8623046875 0.9165140109375001 0.8603515625 0.9154153015625001 0.80078125 0.825386703125 0.806640625
0 0.8144006562499999 0.76171875 0.813784634375 0.8076171875 0.901681428125 0.8017578125 0.9005827171874999 0.748046875 0.8144006562499999 0.76171875
0 0.8143378140624999 0.705078125 0.8143339890625001 0.7578125 0.8994840078124999 0.7470703125 0.89508916875 0.7001953125 0.8143378140624999 0.705078125
0 0.80780925625 0.650390625 0.8088404406249999 0.701171875 0.8917930390625 0.6943359375 0.8912436828124999 0.6435546875 0.80780925625 0.650390625
0 0.8056118375000001 0.599609375 0.8055443109375 0.65234375 0.8901449734375 0.6376953125 0.8890462640625 0.591796875 0.8056118375000001 0.599609375
0 0.8011494718750001 0.5546875 0.8016988265625 0.6015625 0.8797072296874999 0.5927734375 0.877509809375 0.5439453125 0.8011494718750001 0.5546875
0 0.7924277953125001 0.5048828125 0.8000507609374999 0.5498046875 0.874763034375 0.5419921875 0.8742136796875 0.490234375 0.7924277953125001 0.5048828125
0 0.7874155968750001 0.4609375 0.789616840625 0.50390625 0.8692694859375001 0.4912109375 0.8670720656249999 0.439453125 0.7874155968750001 0.4609375
0 0.777595690625 0.4169921875 0.7764284984375001 0.4580078125 0.8555356109375 0.439453125 0.85223948125 0.4072265625 0.777595690625 0.4169921875
0 0.7681881734375 0.4853515625 0.7659909453125 0.44140625 0.6835875109375 0.447265625 0.684136865625 0.4931640625 0.7681881734375 0.4853515625
0 0.68853170625 0.5009765625 0.6874329953125 0.5419921875 0.7703857843749999 0.5400390625 0.7709349484375 0.49609375 0.68853170625 0.5009765625
0 0.6890810609375 0.548828125 0.688576384375 0.6025390625 0.768737528125 0.5947265625 0.771484303125 0.5419921875 0.6890810609375 0.548828125
0 0.694574609375 0.603515625 0.69187175 0.6484375 0.7720336578125 0.6474609375 0.7742310781249999 0.59765625 0.694574609375 0.603515625
0 0.693476090625 0.6533203125 0.6918278359375 0.6982421875 0.7780767546875 0.701171875 0.7791752734374999 0.6513671875 0.693476090625 0.6533203125
0 0.6916831765625 0.703125 0.6929267359375 0.7548828125 0.7742310781249999 0.7529296875 0.7775272078125 0.701171875 0.6916831765625 0.703125
0 0.6984202859375 0.7607421875 0.696703015625 0.8115234375 0.7819220484375 0.8154296875 0.784668821875 0.7626953125 0.6984202859375 0.7607421875
0 0.6956733203125001 0.8154296875 0.6934758999999999 0.8583984375 0.7813726921875 0.869140625 0.7819220484375 0.8173828125 0.6956733203125001 0.8154296875
0 0.5984676421875 0.4296875 0.59569071875 0.48046875 0.681939446875 0.470703125 0.684136865625 0.423828125 0.5984676421875 0.4296875
0 0.6028323328125 0.482421875 0.599015753125 0.5283203125 0.6857805328125 0.5244140625 0.6857805328125 0.4755859375 0.6028323328125 0.482421875
0 0.6006349125 0.5361328125 0.5990145109375 0.580078125 0.68742898125 0.5849609375 0.6879783359375 0.5341796875 0.6006349125 0.5361328125
0 0.6039266453125001 0.5869140625 0.60228345625 0.6396484375 0.6912784796875 0.6396484375 0.688527690625 0.5849609375 0.6039266453125001 0.5869140625
0 0.599536203125 0.6455078125 0.599562528125 0.69140625 0.690729125 0.689453125 0.690729125 0.642578125 0.599536203125 0.6455078125
0 0.6006349125 0.7001953125 0.59953668125 0.7451171875 0.68963089375 0.748046875 0.6912784796875 0.6953125 0.6006349125 0.7001953125
0 0.603377290625 0.7568359375 0.6022785796875 0.8056640625 0.6918278359375 0.810546875 0.694574609375 0.7529296875 0.603377290625 0.7568359375
0 0.6017336234374999 0.80859375 0.6028563625000001 0.8564453125 0.692377190625 0.8603515625 0.6940252546875 0.814453125 0.6017336234374999 0.80859375
0 0.7989525296875 0.544921875 0.7715436078125 0.5419921875 0.7791752734374999 0.6923828125 0.8066430203125 0.693359375 0.7989525296875 0.544921875
0 0.8154327 0.869140625 0.8121365703125001 0.6962890625 0.782416596875 0.6962890625 0.7846693 0.8662109375 0.8154327 0.869140625
0 0.51278805625 0.4873046875 0.511090246875 0.53515625 0.5962402640625 0.52734375 0.5973389734375 0.4833984375 0.51278805625 0.4873046875
0 0.521527990625 0.537109375 0.5193305703125 0.58203125 0.6000857484375001 0.578125 0.601184459375 0.5263671875 0.521527990625 0.537109375
0 0.5121889562499999 0.58984375 0.5105408921875 0.6396484375 0.5978883296874999 0.634765625 0.5973389734375 0.5810546875 0.5121889562499999 0.58984375
0 0.5143863765625001 0.6435546875 0.513884471875 0.697265625 0.601184459375 0.693359375 0.6000857484375001 0.63671875 0.5143863765625001 0.6435546875
0 0.5099915359375 0.6962890625 0.510587578125 0.7509765625 0.6000857484375001 0.748046875 0.598437684375 0.6923828125 0.5099915359375 0.6962890625
0 0.5105408921875 0.755859375 0.5078402296875 0.8017578125 0.5973343859375 0.8046875 0.5989870390625 0.75390625 0.5105408921875 0.755859375
0 0.5078392734375 0.8076171875 0.5061460515625 0.8564453125 0.5989828328125 0.8544921875 0.5978883296874999 0.8095703125 0.5078392734375 0.8076171875
0 0.4204785484375 0.734375 0.41989732343749997 0.783203125 0.5017466234375 0.775390625 0.5012018578124999 0.7265625 0.4204785484375 0.734375
0 0.45121055625000006 0.7890625 0.45395312499999996 0.9384765625 0.4802625375 0.93359375 0.47922765937499995 0.7841796875 0.45121055625000006 0.7890625
0 0.44241667187499994 0.80078125 0.4226398921875 0.8017578125 0.42538666718749996 0.947265625 0.44571700625000005 0.943359375 0.44241667187499994 0.80078125
0 0.41934796875 0.7294921875 0.42102838125000003 0.6796875 0.34298763125 0.689453125 0.344086340625 0.73828125 0.41934796875 0.7294921875
0 0.3396915015625 0.7353515625 0.3397097953125 0.7822265625 0.41660119375000004 0.77734375 0.4176999046875 0.732421875 0.3396915015625 0.7353515625
0 0.34023665 0.7880859375 0.33586287656249997 0.8349609375 0.41385442031249997 0.8349609375 0.4160518390625 0.7802734375 0.34023665 0.7880859375
0 0.3418889203125 0.8408203125 0.3391421453125 0.8935546875 0.420991828125 0.888671875 0.41934796875 0.837890625 0.3418889203125 0.8408203125
0 0.342438275 0.896484375 0.33970759687499996 0.947265625 0.4176999046875 0.9482421875 0.420996034375 0.8916015625 0.342438275 0.896484375
0 0.2977861375 0.28759765625 0.2994344890625 0.28369140625 0.30355536875 0.21923828125 0.3019070171875 0.21044921875 0.29586306093750003 0.208984375 0.1736103140625 0.20849609375 0.1714125109375 0.212890625 0.170038884375 0.22900390625 0.16591800625 0.28369140625 0.16646745624999998 0.28857421875 0.29366525781249997 0.2890625 0.2977861375 0.28759765625
0 0.2947635859375 0.3671875 0.29696138906249997 0.353515625 0.299159190625 0.3251953125 0.299159190625 0.30517578125 0.2977855640625 0.30029296875 0.2947635859375 0.296875 0.287071278125 0.294921875 0.1659174328125 0.29345703125 0.1637196296875 0.294921875 0.16262072968750002 0.2998046875 0.158774575 0.34619140625 0.1579504 0.373046875 0.1606976515625 0.37646484375 0.2917416078125 0.37646484375 0.2947635859375 0.3671875
0 0.2318510203125 0.4658203125 0.2824004703125 0.46337890625 0.28624662500000003 0.46142578125 0.29338948125000003 0.44384765625 0.2977850859375 0.392578125 0.2944883828125 0.3818359375 0.289818053125 0.3779296875 0.15849937187500002 0.3779296875 0.15465321875 0.3876953125 0.14998288906249999 0.43896484375 0.14970816250000002 0.4580078125 0.152455415625 0.46337890625 0.1571257453125 0.46533203125 0.2318510203125 0.4658203125
0 0.2856968875 0.548828125 0.28871886562500004 0.52685546875 0.2870705140625 0.46728515625 0.1497078765625 0.46435546875 0.148059525 0.466796875 0.14201556875000002 0.541015625 0.14201556875000002 0.55078125 0.1461364484375 0.5537109375 0.282125459375 0.5537109375 0.2856968875 0.548828125
0 0.28322416875 0.64501953125 0.2848725203125 0.62744140625 0.285971421875 0.60302734375 0.2848725203125 0.56005859375 0.28294944375000003 0.5576171875 0.14531208125 0.55615234375 0.142564828125 0.5595703125 0.136246146875 0.61474609375 0.1343230703125 0.6455078125 0.13926812500000002 0.64990234375 0.279652740625 0.64990234375 0.28322416875 0.64501953125
0 0.2733334859375 0.75048828125 0.2810257921875 0.74951171875 0.2832235953125 0.7451171875 0.285696121875 0.673828125 0.2834983203125 0.658203125 0.28157524375 0.65576171875 0.141465353125 0.65576171875 0.1370697484375 0.65673828125 0.135146671875 0.66259765625 0.1280038140625 0.7421875 0.1280038140625 0.74755859375 0.1299268921875 0.75048828125 0.2733334859375 0.75048828125
0 0.2716852296875 0.8466796875 0.276905009375 0.84423828125 0.2782786359375 0.8388671875 0.28102588906250003 0.76123046875 0.2777291859375 0.75537109375 0.258498415625 0.75341796875 0.138992921875 0.75537109375 0.13514676718750002 0.759765625 0.13075116250000002 0.78857421875 0.127454459375 0.84423828125 0.1291028109375 0.8486328125 0.1755313828125 0.849609375 0.2716852296875 0.8466796875
0 0.06593406562500001 0.27880859375 0.1302197796875 0.27880859375 0.1612637359375 0.2763671875 0.165109890625 0.27490234375 0.1678571421875 0.27099609375 0.17445055 0.20654296875 0.16950549374999999 0.19677734375 0.158791209375 0.19482421875 0.10549450625000001 0.193359375 0.0370879125 0.19580078125 0.034340659375 0.19775390625 0.0326923078125 0.205078125 0.0299450546875 0.2421875 0.0291208796875 0.2705078125 0.03131868125 0.27392578125 0.0365384609375 0.2763671875 0.06593406562500001 0.27880859375
0 0.15054945 0.36474609375 0.1543956046875 0.35986328125 0.15686813125000001 0.35302734375 0.1604395609375 0.31787109375 0.1604395609375 0.2900390625 0.15686813125000001 0.28125 0.1516483515625 0.27734375 0.025 0.28173828125 0.0203296703125 0.28955078125 0.01923076875 0.2958984375 0.012637362499999999 0.35498046875 0.0167582421875 0.361328125 0.0239010984375 0.3642578125 0.15054945 0.36474609375
0 0.146428571875 0.4384765625 0.15054945 0.37939453125 0.15 0.36865234375 0.1480769234375 0.36474609375 0.14368131875 0.36376953125 0.009065934375 0.3642578125 0.006868131249999999 0.36669921875 0.003021978125 0.392578125 0.000274725 0.43017578125 0 0.44873046875 0.0082417578125 0.451171875 0.1423076921875 0.45068359375 0.146428571875 0.4384765625