0 0.18671875 0.0875 0.08984375 0.07578125
0 0.09921875 0.1859375 0.08984375 0.07734375
0 0.0890625 0.28203125 0.08984375 0.0796875
0 0.0796875 0.37890625 0.08671875 0.0875
0 0.075 0.4765625 0.08515625 0.09765625
0 0.06796875 0.5875 0.08828125 0.10859375
0 0.0578125 0.69921875 0.08671875 0.09296875
0 0.05078125 0.8171875 0.08984375 0.09453125
0 0.18828125 0.184375 0.06796875 0.07421875
0 0.18046875 0.284375 0.08203125 0.0734375
0 0.1765625 0.38203125 0.08203125 0.0828125
0 0.175 0.484375 0.08515625 0.0828125
0 0.16875 0.59140625 0.0890625 0.09296875
0 0.16171875 0.69921875 0.09453125 0.0890625
0 0.15390625 0.8109375 0.09296875 0.10078125
0 0.2734375 0.1875 0.08203125 0.09453125
0 0.27109375 0.28671875 0.08515625 0.078125
0 0.2703125 0.3828125 0.08828125 0.084375
0 0.2703125 0.4828125 0.07890625 0.08984375
0 0.2640625 0.590625 0.08515625 0.10078125
0 0.26328125 0.696875 0.08359375 0.09765625
0 0.26015625 0.81171875 0.0765625 0.10234375
0 0.43203125 0.14609375 0.0796875 0.07578125
0 0.4328125 0.23671875 0.08203125 0.07109375
0 0.434375 0.31796875 0.07578125 0.0734375
0 0.43359375 0.40703125 0.08046875 0.08046875
0 0.4359375 0.50078125 0.0796875 0.0765625
0 0.4359375 0.59765625 0.08515625 0.090625
0 0.43671875 0.70390625 0.08671875 0.10234375
0 0.43671875 0.8109375 0.08828125 0.096875
0 0.515625 0.16171875 0.071875 0.0671875
0 0.515625 0.2390625 0.08046875 0.08125
0 0.51875 0.33203125 0.08046875 0.08125
0 0.51875 0.421875 0.08359375 0.084375
0 0.52265625 0.51328125 0.0828125 0.0828125
0 0.52578125 0.60390625 0.0828125 0.078125
0 0.528125 0.70703125 0.08203125 0.09921875
0 0.52734375 0.81484375 0.08671875 0.09296875
0 0.5953125 0.16015625 0.07421875 0.0703125
0 0.59609375 0.23671875 0.07578125 0.0609375
0 0.60078125 0.33046875 0.07421875 0.078125
0 0.60390625 0.41640625 0.075 0.075
0 0.60859375 0.509375 0.07265625 0.09140625
0 0.61328125 0.609375 0.075 0.08046875
0 0.6171875 0.70546875 0.0828125 0.0859375
0 0.62421875 0.81171875 0.08515625 0.09296875
0 0.72734375 0.1375 0.09375 0.0703125
0 0.70625 0.2265625 0.08359375 0.071875
0 0.715625 0.3140625 0.090625 0.059375
0 0.71484375 0.4078125 0.08203125 0.0765625
0 0.7203125 0.50234375 0.08203125 0.0703125
0 0.72578125 0.6015625 0.08203125 0.06953125
0 0.7359375 0.70703125 0.08671875 0.08359375
0 0.740625 0.80390625 0.08359375 0.084375
0 0.790625 0.228125 0.06640625 0.084375
0 0.8 0.31640625 0.06953125 0.0703125
0 0.8140625 0.4046875 0.0765625 0.07578125
0 0.81953125 0.50390625 0.075 0.06953125
0 0.8234375 0.59921875 0.0796875 0.09375
0 0.83203125 0.70625 0.07265625 0.0875
0 0.83359375 0.8078125 0.08125 0.1
0 0.8390625 0.171875 0.00234375 0.00078125
0 0.8671875 0.221875 0.08046875 0.0765625
0 0.8796875 0.31171875 0.06796875 0.08515625
0 0.89453125 0.4078125 0.065625 0.08203125
0 0.89921875 0.49609375 0.06796875 0.075
0 0.9125 0.596875 0.0734375 0.07890625
0 0.925 0.70078125 0.071875 0.0859375
0 0.93359375 0.8078125 0.075 0.090625