0 1 0.3120370375 0.9522786453125001 0.3120370375 0.9354385046875 0.5490740734374999 1 0.5522986796875 1 0.3120370375
0 1 0.5601429421875 0.9402994796874999 0.5574074078125 0.93179330625 0.703703703125 1 0.7073511453125 1 0.5601429421875
0 1 0.7165303359374999 0.9392578125 0.7138888890625 0.9291895921875 0.853703703125 1 0.8616837296875 1 0.7165303359374999
0 0.7845703125 0.715740740625 0.77713271875 0.8620370375 0.9276273640625 0.8583333328125 0.9359592484375 0.715740740625 0.7845703125 0.715740740625
0 0.8667004671875 0.503703703125 0.8729493796875 0.371296296875 0.7585286453125 0.36296296250000004 0.7563030109375 0.4166666671875 0.76463489375 0.42129629687500003 0.7625519234375 0.4990740734375 0.8667004671875 0.503703703125
0 0.7625519234375 0.502777778125 0.7533203125 0.63148148125 0.8682626953125 0.628703703125 0.8708664078125 0.5120370375000001 0.7625519234375 0.502777778125
0 0.67890625 0.49921875 0.1546875 0.1515625
0 0.671875 0.65390625 0.14765625 0.14453125
0 0.6703125 0.80546875 0.14765625 0.13515625
0 0.51875 0.796875 0.14765625 0.13125
0 0.515625 0.65234375 0.15234375 0.14921875
0 0.51875 0.4921875 0.15625 0.1453125
0 0.35625 0.79609375 0.15 0.13828125
0 0.20703125 0.78671875 0.14453125 0.13203125
0 0.19765625 0.64296875 0.15078125 0.14375
0 0.19296875 0.4890625 0.159375 0.1546875
0 0.1875 0.32734375 0.16015625 0.1640625
0 0.0876953125 0.0509259265625 0.095480503125 0.22777777812500002 0.3006531328125 0.234259259375 0.3022153609375 0.0740740734375 0.0876953125 0.0509259265625
0 0.3235658125 0.5046296296875 0.3235658125 0.621296296875 0.4365669828125 0.627777778125 0.438649953125 0.50555555625 0.3235658125 0.5046296296875
0 0 0.22993078906250003 0.0939453125 0.2370370375 0.0850656484375 0.061111110937500004 0 0.05934205625 0 0.22993078906250003
0 0 0.3946161953125 0.10329164375 0.3981481484375 0.09602864531250001 0.2398148140625 0 0.23097021562500003 0 0.3946161953125
0 0 0.552780596875 0.1100911453125 0.553703703125 0.101729415625 0.4018518515625 0 0.4018518515625 0 0.552780596875
0 0 0.692702409375 0.1147786453125 0.7018518515625 0.10693684218749999 0.5620370375 0 0.5574662921875 0 0.692702409375
0 0 0.8343734390625 0.12516283749999998 0.8379629625 0.1179036453125 0.70648148125 0 0.6991596265625 0 0.8343734390625