0 0.91328125 0.59921875 0.1609375 0.2046875
0 0.93046875 0.7859375 0.1390625 0.19375
0 0.7734375 0.81953125 0.228125 0.2125
0 0.7453125 0.625 0.225 0.21875
0 0.70859375 0.4328125 0.2296875 0.2109375
0 0.63125 0.759375 0.0875 0.3453125
0 0.5109375 0.73203125 0.2375 0.4546875
0 0.29140625 0.30390625 0.13125 0.1453125
0 0.31171875 0.42578125 0.1265625 0.13125
0 0.33359375 0.5546875 0.1265625 0.1390625
0 0.35234375 0.678125 0.1296875 0.134375
0 0.3734375 0.80390625 0.125 0.134375
0 0.3984375 0.9234375 0.1234375 0.134375
0 0.28671875 0.94140625 0.1265625 0.1171875
0 0.26328125 0.828125 0.128125 0.134375
0 0.24140625 0.7 0.128125 0.1421875
0 0.2234375 0.57265625 0.1265625 0.1359375
0 0.203125 0.44921875 0.125 0.14375