0 0.296875 0.4984375 0.084375 0.0921875
0 0.46875 0.325 0.0796875 0.08203125
0 0.4703125 0.415625 0.07578125 0.0859375
0 0.46875 0.23515625 0.075 0.08046875
0 0.296875 0.4078125 0.0828125 0.0859375
0 0.29140625 0.703125 0.08671875 0.09921875
0 0.75390625 0.40625 0.08125 0.08984375
0 0.584375 0.50234375 0.08359375 0.08828125
0 0.2953125 0.59921875 0.0859375 0.0921875
0 0.30390625 0.228125 0.078125 0.07890625
0 0.3015625 0.31640625 0.07890625 0.0859375
0 0.3859375 0.4203125 0.08046875 0.08359375
0 0.58671875 0.6046875 0.0828125 0.09375
0 0.38046875 0.81953125 0.08828125 0.09296875
0 0.38359375 0.7140625 0.08515625 0.096875
0 0.46875 0.153125 0.07421875 0.07265625
0 0.47109375 0.5078125 0.08203125 0.08984375
0 0.3046875 0.1421875 0.07734375 0.08046875
0 0.3828125 0.51328125 0.07890625 0.0875
0 0.38671875 0.32890625 0.078125 0.08359375
0 0.596875 0.809375 0.08828125 0.096875
0 0.3828125 0.61171875 0.07890625 0.0875
0 0.2875 0.81328125 0.08828125 0.10078125
0 0.5921875 0.70703125 0.084375 0.0921875
0 0.475 0.7109375 0.0875 0.103125
0 0.478125 0.81796875 0.0859375 0.090625
0 0.471875 0.60625 0.08125 0.0890625
0 0.7453125 0.31328125 0.0765625 0.08125
0 0.3875 0.15859375 0.0765625 0.07421875
0 0.76953125 0.6 0.08515625 0.090625
0 0.38828125 0.2421875 0.078125 0.0796875
0 0.58046875 0.41015625 0.08125 0.08203125
0 0.66171875 0.3125 0.078125 0.07890625
0 0.78359375 0.80703125 0.0859375 0.10078125
0 0.5765625 0.31640625 0.078125 0.08046875
0 0.778125 0.70078125 0.0796875 0.09296875
0 0.690625 0.81171875 0.08515625 0.09921875
0 0.678125 0.59921875 0.0796875 0.0921875
0 0.675 0.49765625 0.07734375 0.0875
0 0.6671875 0.40234375 0.08046875 0.08515625
0 0.76171875 0.4984375 0.0796875 0.090625
0 0.684375 0.70390625 0.08828125 0.09453125
0 0.1234375 0.38046875 0.0875 0.0953125
0 0.0359375 0.3796875 0.071875 0.08984375
0 0.73359375 0.2203125 0.0796875 0.08125
0 0.57265625 0.22734375 0.0734375 0.07421875
0 0.1265625 0.28125 0.0828125 0.084375
0 0.5984375 0.13359375 0.08125 0.08125
0 0.03984375 0.28203125 0.0796875 0.084375
0 0.11640625 0.484375 0.08203125 0.09375
0 0.13203125 0.18671875 0.07890625 0.08203125
0 0.6546875 0.22421875 0.071875 0.07890625
0 0.03203125 0.4828125 0.0640625 0.096875
0 0.04375 0.18515625 0.0796875 0.0828125
0 0.03125 0.5890625 0.0609375 0.0953125
0 0.01953125 0.81171875 0.03515625 0.10859375
0 0.97109375 0.6125 0.0578125 0.15625
0 0.04453125 0.08671875 0.08671875 0.08671875
0 0.96484375 0.45703125 0.0703125 0.1421875
0 0.1109375 0.590625 0.08828125 0.0984375
0 0.08984375 0.81484375 0.08984375 0.1109375
0 0.02421875 0.6984375 0.0453125 0.10390625
0 0.103125 0.70078125 0.08671875 0.103125