0 0.48671875 0.09765625 0.08515625 0.0796875
0 0.40078125 0.19609375 0.08203125 0.08203125
0 0.40234375 0.28828125 0.08359375 0.08984375
0 0.4015625 0.384375 0.0859375 0.0890625
0 0.40234375 0.4828125 0.08984375 0.09296875
0 0.40234375 0.58984375 0.090625 0.0953125
0 0.40234375 0.696875 0.09140625 0.109375
0 0.40078125 0.80625 0.09296875 0.1109375
0 0.496875 0.8078125 0.09609375 0.103125
0 0.496875 0.69609375 0.09140625 0.10234375
0 0.49609375 0.5890625 0.0921875 0.0921875
0 0.49296875 0.48359375 0.0875 0.0921875
0 0.49296875 0.38515625 0.08359375 0.08515625
0 0.490625 0.2875 0.08203125 0.08515625
0 0.4875 0.1921875 0.0828125 0.08671875
0 0.57265625 0.19609375 0.08203125 0.0765625
0 0.57734375 0.290625 0.08046875 0.08671875
0 0.58203125 0.38515625 0.08515625 0.09453125
0 0.58515625 0.4875 0.0828125 0.09765625
0 0.58828125 0.590625 0.084375 0.0984375
0 0.59140625 0.69765625 0.09140625 0.10078125
0 0.59453125 0.8078125 0.09140625 0.109375
0 0.70390625 0.15234375 0.07109375 0.0765625
0 0.7125 0.23671875 0.06875 0.07890625
0 0.71953125 0.3234375 0.0703125 0.0828125
0 0.7265625 0.41171875 0.07109375 0.08515625
0 0.73359375 0.503125 0.0734375 0.08984375
0 0.740625 0.60078125 0.078125 0.08515625
0 0.74765625 0.69921875 0.07734375 0.09765625
0 0.75390625 0.80625 0.07890625 0.1
0 0.84453125 0.8125 0.084375 0.08984375
0 0.8359375 0.70703125 0.0765625 0.0875
0 0.8265625 0.6140625 0.07265625 0.096875
0 0.8171875 0.51640625 0.07109375 0.090625
0 0.80625 0.42421875 0.06484375 0.08671875
0 0.8015625 0.33515625 0.07109375 0.07890625
0 0.79453125 0.24609375 0.0703125 0.078125
0 0.78203125 0.16875 0.0671875 0.075
0 0.85625 0.165625 0.06484375 0.07421875
0 0.86796875 0.24453125 0.06484375 0.075
0 0.87578125 0.33125 0.06484375 0.07890625
0 0.8859375 0.42109375 0.06484375 0.0859375
0 0.896875 0.509375 0.0640625 0.0859375
0 0.9078125 0.60546875 0.0640625 0.09375
0 0.91953125 0.70625 0.06875 0.09453125
0 0.93046875 0.8078125 0.075 0.09375