0 0.88984375 0.196875 0.15 0.2015625
0 0.928125 0.38359375 0.14375 0.2078125
0 0.94765625 0.56796875 0.1046875 0.1921875
0 0.9625 0.75 0.075 0.19375
0 0.79765625 0.80625 0.16875 0.2
0 0.7609375 0.61875 0.1703125 0.209375
0 0.7265625 0.42890625 0.16875 0.196875
0 0.69140625 0.24296875 0.16875 0.2125
0 0.5546875 0.26875 0.1734375 0.21875
0 0.5875 0.45703125 0.1765625 0.203125
0 0.62265625 0.6453125 0.1703125 0.215625
0 0.66015625 0.83203125 0.1703125 0.1984375
0 0.409375 0.2921875 0.171875 0.20625
0 0.45 0.48828125 0.1703125 0.2015625
0 0.4890625 0.68125 0.16875 0.2015625
0 0.52421875 0.865625 0.171875 0.2078125
0 0.37890625 0.90078125 0.1765625 0.1984375
0 0.34375 0.709375 0.1828125 0.21875
0 0.30625 0.5140625 0.1796875 0.20625
0 0.26875 0.321875 0.18125 0.215625
0 0.1171875 0.34296875 0.1828125 0.221875
0 0.15703125 0.53984375 0.1796875 0.2015625
0 0.1984375 0.7359375 0.1796875 0.21875
0 0.23359375 0.91484375 0.1765625 0.1703125