0 0 0.3934833609375 0.09860333437499999 0.8345031531249999 0.255699084375 0.807746696875 0.2538308109375 0.789293246875 0.15186231562500002 0.2420253765625 0 0.26449421093750003 0 0.3934833609375
0 0.26953125 0.28671875 0.1515625 0.109375
0 0.2608377140625 0.5472542625 0.2639003421875 0.5898927031250001 0.3233992765625 0.8823336015625 0.4525910125 0.8524969625000001 0.42974081249999996 0.7248706 0.4159717484375 0.6745532140625 0.35903225 0.3217090078125 0.2184479484375 0.345850309375 0.2608377140625 0.5472542625
0 0.38125 0.2859375 0.0578125 0.1109375
0 0.428125 0.2828125 0.05625 0.1046875
0 0.42421875 0.39765625 0.1171875 0.125
0 0.44140625 0.509375 0.1140625 0.1140625
0 0.45859375 0.61640625 0.1125 0.1171875
0 0.48359375 0.71953125 0.1109375 0.1140625
0 0.50078125 0.82421875 0.1078125 0.109375
0 0.49921875 0.38671875 0.0484375 0.0515625
0 0.5453125 0.37734375 0.046875 0.053125
0 0.55234375 0.43203125 0.0484375 0.0515625
0 0.50703125 0.43984375 0.0453125 0.0515625
0 0.51484375 0.49140625 0.046875 0.0453125
0 0.55859375 0.48671875 0.0484375 0.05625
0 0.56484375 0.534375 0.0484375 0.0484375
0 0.52109375 0.540625 0.046875 0.0453125
0 0.53125 0.5921875 0.046875 0.0515625
0 0.575 0.58359375 0.05 0.0515625
0 0.5421875 0.63984375 0.04375 0.0484375
0 0.584375 0.6328125 0.0453125 0.05
0 0.59296875 0.68359375 0.04375 0.0453125
0 0.55078125 0.6890625 0.046875 0.046875
0 0.55703125 0.734375 0.0453125 0.0390625
0 0.60078125 0.7296875 0.0453125 0.0421875
0 0.6078125 0.77578125 0.0453125 0.04375
0 0.5640625 0.78203125 0.04375 0.0421875
0 0.57265625 0.83125 0.0453125 0.046875
0 0.61484375 0.81953125 0.04375 0.0453125
0 0.66328125 0.67265625 0.1453125 0.3171875
0 0.7875 0.78046875 0.1015625 0.096875
0 0.88046875 0.7640625 0.1 0.0984375
0 0.9609375 0.7453125 0.078125 0.10625
0 0.95625 0.6375 0.0875 0.115625
0 0.94921875 0.53515625 0.1015625 0.1109375
0 0.9359375 0.4203125 0.1140625 0.1234375
0 0.91796875 0.30859375 0.109375 0.1125
0 0.90078125 0.18984375 0.1125 0.1203125
0 0.7984375 0.20625 0.1171875 0.1328125
0 0.8171875 0.3296875 0.1109375 0.1125
0 0.83515625 0.44140625 0.1125 0.1234375
0 0.853125 0.55234375 0.10625 0.1046875
0 0.8703125 0.65859375 0.1109375 0.1171875
0 0.7734375 0.678125 0.1078125 0.109375
0 0.75390625 0.5671875 0.1109375 0.1140625
0 0.6791218531250001 0.421944096875 0.699379546875 0.5265443796875 0.7908151812499999 0.4980003828125 0.7745923484375 0.3955734421875 0.7731942 0.39673235625 0.6791218531250001 0.421944096875
0 0.6601972515625001 0.3124453328125 0.6797957671875 0.416212553125 0.77475193125 0.3899233625 0.7553937734375 0.276743396875 0.6601972515625001 0.3124453328125
0 0.6387452 0.18366005937500002 0.6594079625 0.3041331359375 0.7549729843749999 0.268372834375 0.73511523125 0.148709721875 0.7350491921875 0.1459077796875 0.6387452 0.18366005937500002