0 0.6170329671875 0.525390625 0.61813186875 0.5234375 0.616208790625 0.4033203125 0.6148351640625 0.373046875 0.6137362640624999 0.36962890625 0.53104395625 0.3671875 0.5296703296875 0.37255859375 0.5299450546875 0.49365234375 0.5313186812499999 0.52099609375 0.6 0.525390625 0.6170329671875 0.525390625
0 0.6137362640624999 0.69189453125 0.615384615625 0.68994140625 0.6140109890625001 0.5283203125 0.5291208796875 0.5283203125 0.5271978015625 0.52978515625 0.5266483515625 0.53564453125 0.52554945 0.67138671875 0.5263736265625 0.68798828125 0.5887362640625 0.69189453125 0.6137362640624999 0.69189453125
0 0.6164835171874999 0.869140625 0.6200549453125 0.8671875 0.6178571421875 0.6953125 0.534615384375 0.69384765625 0.528571428125 0.697265625 0.5291208796875 0.86572265625 0.53186813125 0.86767578125 0.591208790625 0.869140625 0.6164835171874999 0.869140625
0 0.7200549453125 0.87109375 0.8008241765624999 0.87109375 0.8068681312500001 0.8681640625 0.8043956046874999 0.7783203125 0.8002747250000001 0.703125 0.7980769234375 0.697265625 0.65604395625 0.69287109375 0.6228021984375001 0.69287109375 0.61895604375 0.69482421875 0.61840659375 0.75048828125 0.6206043953125 0.8681640625 0.6469780218750001 0.87060546875 0.7200549453125 0.87109375
0 0.622527471875 0.69140625 0.7879120875 0.69580078125 0.79423076875 0.6953125 0.7958791203125 0.69287109375 0.796703296875 0.67578125 0.79450549375 0.60595703125 0.7917582421875 0.53759765625 0.7903846156250001 0.53173828125 0.7824175828125 0.52978515625 0.628846153125 0.52587890625 0.61868131875 0.52587890625 0.6159340656250001 0.529296875 0.6164835171874999 0.66748046875 0.6173076921875 0.68310546875 0.6192307687499999 0.689453125 0.622527471875 0.69140625
0 0.7505494500000001 0.52685546875 0.753846153125 0.521484375 0.753571428125 0.43896484375 0.7530219781249999 0.42138671875 0.7510989015625 0.41796875 0.74313186875 0.4140625 0.7197802203125 0.41357421875 0.65604395625 0.41357421875 0.61840659375 0.416015625 0.61950549375 0.51953125 0.6208791203125 0.52392578125 0.7450549453125 0.52783203125 0.7505494500000001 0.52685546875
0 0.48626373593750005 0.74755859375 0.4857142859375 0.71875 0.48406593437499995 0.70849609375 0.39423076875 0.71044921875 0.3928571421875 0.75439453125 0.39203296718749997 0.87841796875 0.44368131875000005 0.88330078125 0.48351648281250004 0.87939453125 0.48626373593750005 0.74755859375
0 0.390934065625 0.87744140625 0.3923076921875 0.82080078125 0.39313186875 0.71142578125 0.39203296718749997 0.708984375 0.30357142812500004 0.7099609375 0.30164835156250003 0.71728515625 0.29917582343750004 0.791015625 0.2980769234375 0.83203125 0.29917582343750004 0.88134765625 0.3898351640625 0.87939453125 0.390934065625 0.87744140625
0 0.3019230765625 0.7099609375 0.21565934062499997 0.7099609375 0.2131868125 0.7177734375 0.2104395609375 0.77734375 0.2074175828125 0.87890625 0.3 0.88134765625 0.302747253125 0.71728515625 0.3019230765625 0.7099609375
0 0.2384615390625 0.69287109375 0.2620879125 0.69580078125 0.2675824171875 0.693359375 0.27142857187499997 0.6865234375 0.27280219843750003 0.67578125 0.2739010984375 0.57421875 0.2582417578125 0.572265625 0.2043956046875 0.57275390625 0.2016483515625 0.5830078125 0.20082417656249998 0.615234375 0.20054945000000002 0.650390625 0.2071428578125 0.6630859375 0.22884615312499998 0.68701171875 0.2384615390625 0.69287109375
0 0.18296703281249999 0.87158203125 0.1854395609375 0.8681640625 0.16868131875 0.71630859375 0.15604395625 0.69873046875 0.022802198437499997 0.69873046875 0.015659340625 0.787109375 0.0131868125 0.837890625 0.012912087499999999 0.86572265625 0.014010989062500001 0.86962890625 0.0170329671875 0.87158203125 0.18296703281249999 0.87158203125