0 0.48203125 0.20078125 0.13125 0.1265625
0 0.4953125 0.771875 0.253125 0.2546875
0 0.6671875 0.759375 0.1515625 0.1515625
0 0.5921875 0.52109375 0.14375 0.1375
0 0.62890625 0.6375 0.15 0.1484375
0 0.52109375 0.3015625 0.1375 0.13125
0 0.38828125 0.390625 0.228125 0.221875
0 0.378125 0.24609375 0.125 0.1265625
0 0.4390625 0.5734375 0.2375 0.2328125
0 0.55546875 0.409375 0.1375 0.13125
0 0.95703125 0.621875 0.0859375 0.203125
0 0.921875 0.44921875 0.15625 0.2015625
0 0.9421875 0.2640625 0.0640625 0.1609375
0 0.0796875 0.434375 0.159375 0.08125