0 0.36875 0.1296875 0.10625 0.10625
0 0.3390625 0.22109375 0.1109375 0.1109375
0 0.30625 0.3140625 0.1140625 0.1171875
0 0.275 0.40625 0.11875 0.1203125
0 0.24375 0.509375 0.1203125 0.1265625
0 0.20703125 0.6203125 0.1203125 0.128125
0 0.1765625 0.73046875 0.121875 0.1296875
0 0.27265625 0.759375 0.128125 0.1296875
0 0.30390625 0.6484375 0.121875 0.128125
0 0.33828125 0.5375 0.1234375 0.125
0 0.36796875 0.434375 0.1203125 0.125
0 0.39765625 0.33828125 0.1140625 0.1140625
0 0.42578125 0.24609375 0.1125 0.1140625
0 0.4546875 0.15703125 0.1078125 0.1109375
0 0.53984375 0.1796875 0.10625 0.1125
0 0.51328125 0.27109375 0.10625 0.1125
0 0.48515625 0.36640625 0.1109375 0.115625
0 0.45859375 0.4640625 0.1140625 0.1234375
0 0.43203125 0.56796875 0.121875 0.128125
0 0.4 0.678125 0.1234375 0.1375
0 0.36953125 0.78671875 0.1265625 0.1390625