0 0.7109375 0.81953125 0.1671875 0.209375
0 0.728125 0.5359375 0.1296875 0.16875
0 0.77421875 0.3734375 0.14375 0.2
0 0.66953125 0.34609375 0.1375 0.1875
0 0.628125 0.51328125 0.140625 0.184375
0 0.4359375 0.7546875 0.1734375 0.2453125
0 0.5390625 0.31640625 0.1359375 0.1765625
0 0.503125 0.4875 0.13125 0.1671875
0 0.35078125 0.525 0.1796875 0.23125
0 0.3015625 0.72265625 0.1671875 0.2109375
0 0.16171875 0.69921875 0.1671875 0.2203125
0 0.21171875 0.48515625 0.1796875 0.23125
0 0.25625 0.26328125 0.1875 0.2421875
0 0.08046875 0.453125 0.1609375 0.225
0 0.05859375 0.6515625 0.1171875 0.21875