0 0.8953125 0.240625 0.13125 0.1875
0 0.90703125 0.43046875 0.1375 0.171875
0 0.91484375 0.615625 0.13125 0.1875
0 0.92734375 0.8 0.13125 0.1703125
0 0.7953125 0.8140625 0.140625 0.1796875
0 0.78203125 0.62578125 0.1359375 0.1859375
0 0.771875 0.440625 0.1421875 0.171875
0 0.76171875 0.246875 0.1359375 0.1828125
0 0.62265625 0.2515625 0.140625 0.190625
0 0.63359375 0.44375 0.14375 0.1828125
0 0.64453125 0.63671875 0.146875 0.1875
0 0.65625 0.82890625 0.1453125 0.19375
0 0.51484375 0.8421875 0.1453125 0.1828125
0 0.50546875 0.6484375 0.1453125 0.1953125
0 0.4921875 0.453125 0.1515625 0.1875
0 0.48046875 0.2578125 0.146875 0.1953125
0 0.35625 0.6578125 0.1578125 0.190625
0 0.36796875 0.85859375 0.15625 0.1953125