0 0.91015625 0.61875 0.140625 0.325
0 0.78984375 0.6125 0.2875 0.4453125
0 0.51875 0.2390625 0.1328125 0.1453125
0 0.5625 0.3578125 0.1328125 0.140625
0 0.60078125 0.47421875 0.128125 0.1375
0 0.640625 0.58984375 0.13125 0.1390625
0 0.67890625 0.7046875 0.125 0.134375
0 0.7203125 0.81328125 0.1265625 0.1359375
0 0.62734375 0.8546875 0.1328125 0.140625
0 0.584375 0.74140625 0.1328125 0.1421875
0 0.54296875 0.6234375 0.134375 0.1421875
0 0.50234375 0.51015625 0.1328125 0.1375
0 0.46015625 0.39453125 0.1328125 0.1453125
0 0.3421875 0.56015625 0.140625 0.1453125
0 0.38515625 0.678125 0.1390625 0.15
0 0.42578125 0.80234375 0.140625 0.15
0 0.46484375 0.92265625 0.1359375 0.14375
0 0.18984375 0.47265625 0.15 0.1609375
0 0.23359375 0.5984375 0.14375 0.1484375
0 0.2796875 0.72109375 0.14375 0.153125
0 0.3234375 0.8421875 0.1375 0.14375
0 0.3625 0.94375 0.1375 0.1125