0 0.55390625 0.171875 0.1515625 0.1546875
0 0.61796875 0.29453125 0.153125 0.153125
0 0.68046875 0.39765625 0.1453125 0.15
0 0.73515625 0.4953125 0.1484375 0.153125
0 0.7984375 0.603125 0.1375 0.1328125
0 0.85078125 0.6984375 0.134375 0.1359375
0 0.653125 0.121875 0.15 0.153125
0 0.71953125 0.2359375 0.1453125 0.146875
0 0.77890625 0.34609375 0.1609375 0.1640625
0 0.8390625 0.45234375 0.146875 0.1515625
0 0.8984375 0.55625 0.140625 0.1453125
0 0.94140625 0.65234375 0.1171875 0.1359375
0 0.95859375 0.50546875 0.0828125 0.1421875
0 0.93125 0.39453125 0.1375 0.1453125
0 0.88125 0.29453125 0.14375 0.140625
0 0.81796875 0.17734375 0.146875 0.15
0 0.50390625 0.36328125 0.1375 0.1375
0 0.56875 0.465625 0.14375 0.1453125
0 0.63046875 0.56875 0.1453125 0.15
0 0.690625 0.67421875 0.140625 0.1453125
0 0.7515625 0.77421875 0.1328125 0.1328125
0 0.41015625 0.4203125 0.153125 0.15625
0 0.471875 0.52109375 0.146875 0.146875
0 0.37421875 0.5796875 0.146875 0.1484375
0 0.53359375 0.62421875 0.1484375 0.1515625
0 0.44140625 0.68125 0.15 0.1546875
0 0.5046875 0.77578125 0.1453125 0.140625
0 0.6 0.73359375 0.1359375 0.1390625
0 0.65859375 0.828125 0.1296875 0.13125
0 0.5625 0.87265625 0.146875 0.1546875
0 0.2734375 0.4 0.0984375 0.071875
0 0.35234375 0.3453125 0.0953125 0.071875
0 0.33671875 0.3171875 0.090625 0.071875
0 0.253125 0.36640625 0.0921875 0.0671875
0 0.23515625 0.33671875 0.1 0.0765625
0 0.21796875 0.303125 0.1 0.075