0 0.8369027359375 0.6550926109375 0.836412190625 0.6589506109375 0.826490403125 0.8047839437500001 0.9045828984375 0.814043203125 0.9123921484374999 0.6566357968750001 0.8369027359375 0.6550926109375
0 0.6577894296875 0.5922067875 0.65633555625 0.6458333781250001 0.7253172609375 0.652777821875 0.7279203437499999 0.5918210078125 0.6577894296875 0.5922067875
0 0.6486748453125 0.6500771578125 0.6489601671874999 0.7037037484375 0.7188095531250001 0.7067901203125 0.719243453125 0.652777821875 0.6486748453125 0.6500771578125
0 0.6459232234375001 0.7060185625 0.6446216828125 0.7623456765625 0.711000303125 0.7646604906250001 0.7136033859375 0.7098765640625 0.6459232234375001 0.7060185625
0 0.7326592203125 0.595679009375 0.7279203437499999 0.65586419375 0.79950513125 0.6550926375 0.8016743937499999 0.6010802671875 0.7326592203125 0.595679009375
0 0.7254977625000001 0.6604938234375 0.72401571875 0.7106481921875 0.79212978125 0.7129630078125 0.7951666859375 0.661265453125 0.7254977625000001 0.6604938234375
0 0.7189873453125 0.71141975 0.7162064703125 0.7638889328125 0.7856220734375 0.7662037484375 0.78779125625 0.715277821875 0.7189873453125 0.71141975
0 0.5757581796875 0.2472993796875 0.5743384375 0.337191378125 0.6528647921874999 0.3410493796875 0.65633555625 0.2507716015625 0.5757581796875 0.2472993796875
0 0.5738050546875 0.3479938234375 0.5717353546874999 0.43364197187500003 0.6498278484375 0.4344136015625 0.6524309328125 0.3510802671875 0.5738050546875 0.3479938234375
0 0.5709842875 0.44058641718749997 0.5686984890625 0.5262345640625 0.645923303125 0.5285493796875 0.6502617484375001 0.44290123125 0.5709842875 0.44058641718749997
0 0.5692477625000001 0.5343364171875 0.564793825 0.61496915625 0.6407170578125 0.6203703796875 0.6450555437500001 0.5385802671875 0.5692477625000001 0.5343364171875
0 0.5620863046875 0.62461419375 0.559587659375 0.70447530625 0.6346432109375 0.7067901203125 0.638547834375 0.6234567875 0.5620863046875 0.62461419375
0 0.5588310953125 0.7091049359375 0.5582861171875 0.7854938234375 0.6316062671875 0.78703708125 0.63420935 0.7083333781250001 0.5588310953125 0.7091049359375
0 0.48916963750000003 0.2692901203125 0.4867013296875 0.356481490625 0.5699999921875001 0.36496915625000004 0.5717353546874999 0.268518528125 0.48916963750000003 0.2692901203125
0 0.5691322703125 0.45833334218750005 0.5704228687499999 0.3688146546875 0.4885185953125 0.3665123421875 0.48583360937500003 0.45447530625 0.5691322703125 0.45833334218750005
0 0.153504753125 0.247530859375 0.17213497656250001 0.5635802796875 0.3241550328125 0.561111125 0.3123544109375 0.237654353125 0.153504753125 0.247530859375
0 0.17642142031250002 0.5753086374999999 0.17977072968750002 0.6932099093749999 0.3186018109375 0.6993827109375 0.314436878125 0.5734567859374999 0.17642142031250002 0.5753086374999999
0 0.1805880859375 0.7141975265625 0.18740641875 0.8413580578125 0.311660234375 0.8425926625000001 0.31027194375 0.7166667375 0.1805880859375 0.7141975265625
0 0.038921420312499996 0.7253086375 0.047186984375000005 0.8462963671875 0.18393566249999999 0.8413580578125 0.176299909375 0.711728428125 0.038921420312499996 0.7253086375