0 0.26484375 0.465625 0.2234375 0.18984375
0 0.26484375 0.66640625 0.22890625 0.20859375
0 0.2640625 0.86484375 0.22265625 0.1828125
0 0.45 0.6640625 0.14140625 0.18515625
0 0.44921875 0.865625 0.15078125 0.18515625
0 0.58984375 0.665625 0.14140625 0.1828125
0 0.590625 0.8484375 0.13671875 0.178125
0 0.58984375 0.4828125 0.1375 0.178125
0 0.5890625 0.28671875 0.140625 0.18515625
0 0.73046875 0.290625 0.13203125 0.1921875
0 0.72734375 0.47578125 0.1359375 0.178125
0 0.725 0.6609375 0.13359375 0.1828125
0 0.72265625 0.8484375 0.11953125 0.16875
0 0.8625 0.8578125 0.12421875 0.1734375
0 0.86484375 0.66328125 0.1296875 0.178125
0 0.8640625 0.4734375 0.13125 0.1828125
0 0.8609375 0.2890625 0.12734375 0.18046875
0 0.1359375 0.7859375 0.04140625 0.35859375
0 0.05390625 0.7359375 0.1015625 0.44453125
0 0.65234375 0.14921875 0.1953125 0.08125
0 0.96640625 0.2890625 0.0671875 0.18984375
0 0.965625 0.84375 0.06875 0.1921875
0 0.96640625 0.66171875 0.0671875 0.18046875
0 0.9671875 0.4765625 0.065625 0.18046875