0 0.51796875 0.61640625 0.140625 0.1015625
0 0.6 0.18515625 0.13125 0.0890625
0 0.6453125 0.515625 0.1390625 0.1
0 0.634375 0.428125 0.1359375 0.0984375
0 0.74453125 0.2453125 0.1375 0.0921875
0 0.51015625 0.52578125 0.1375 0.103125
0 0.73359375 0.16953125 0.1265625 0.0890625
0 0.52734375 0.71171875 0.1453125 0.1046875
0 0.61015625 0.26796875 0.1328125 0.0921875
0 0.67890625 0.79296875 0.15 0.1078125
0 0.590625 0.1125 0.1328125 0.0890625
0 0.65625 0.60703125 0.15 0.10625
0 0.66875 0.69765625 0.1453125 0.1078125
0 0.53828125 0.80625 0.15 0.1125
0 0.78671875 0.4921875 0.1390625 0.0984375
0 0.62109375 0.3453125 0.134375 0.09375
0 0.77265625 0.40703125 0.1359375 0.09375
0 0.81796875 0.6703125 0.146875 0.1078125
0 0.93359375 0.56484375 0.1328125 0.1015625
0 0.94296875 0.65625 0.1140625 0.10625
0 0.58125 0.040625 0.125 0.08125
0 0.76484375 0.325 0.14375 0.096875
0 0.95078125 0.75078125 0.0984375 0.1046875
0 0.80078125 0.5828125 0.1390625 0.0984375
0 0.2578125 0.865625 0.096875 0.0671875
0 0.15078125 0.625 0.0796875 0.05625
0 0.35078125 0.79296875 0.096875 0.0671875
0 0.15625 0.67421875 0.0828125 0.0578125
0 0.834375 0.76484375 0.153125 0.1109375
0 0.35234375 0.853125 0.1015625 0.0703125
0 0.1578125 0.72734375 0.0921875 0.065625
0 0.25625 0.80625 0.0953125 0.0640625
0 0.22890625 0.3484375 0.078125 0.05625
0 0.32265625 0.5734375 0.0921875 0.0640625
0 0.35390625 0.73125 0.096875 0.0671875
0 0.33125 0.62578125 0.09375 0.0625
0 0.1515625 0.57421875 0.08125 0.0640625
0 0.34296875 0.678125 0.0984375 0.0640625
0 0.25078125 0.6921875 0.0953125 0.0640625
0 0.23125 0.39765625 0.0765625 0.0515625
0 0.24375 0.63671875 0.09375 0.0640625
0 0.25625 0.74765625 0.0984375 0.0671875
0 0.2375 0.58515625 0.090625 0.0625
0 0.23203125 0.440625 0.0828125 0.053125
0 0.31953125 0.5140625 0.0921875 0.0640625
0 0.1671875 0.884375 0.0796875 0.0453125
0 0.234375 0.5296875 0.0875 0.0609375
0 0.234375 0.484375 0.084375 0.0515625
0 0.14609375 0.4421875 0.08125 0.0578125
0 0.1671875 0.84453125 0.078125 0.04375
0 0.16640625 0.7765625 0.08125 0.05
0 0.31484375 0.46796875 0.0875 0.0546875
0 0.0234375 0.36328125 0.046875 0.0578125
0 0.14765625 0.534375 0.0796875 0.0453125
0 0.309375 0.421875 0.0828125 0.0453125
0 0.14921875 0.490625 0.0796875 0.046875
0 0.17109375 0.81484375 0.0765625 0.04375
0 0.0265625 0.4140625 0.053125 0.05