0 0.475 0.765625 0.2484375 0.234375
0 0.5328125 0.43984375 0.14375 0.1453125
0 0.5515625 0.30078125 0.153125 0.1546875
0 0.42421875 0.5109375 0.078125 0.1015625
0 0.18046875 0.5609375 0.1203125 0.184375
0 0.16953125 0.7359375 0.11875 0.16875
0 0.07109375 0.71875 0.1125 0.1640625
0 0.0765625 0.54453125 0.11875 0.184375
0 0.2546875 0.33828125 0.0625 0.1453125
0 0.1890625 0.32734375 0.0859375 0.15
0 0.028125 0.34296875 0.0484375 0.1921875
0 0.01796875 0.53359375 0.0359375 0.1828125
0 0.01171875 0.70703125 0.0234375 0.1578125
0 0.85703125 0.34375 0.2515625 0.2640625
0 0.81328125 0.5796875 0.2546875 0.24375
0 0.775 0.8 0.2390625 0.2390625
0 0.8853815328125 0.9428597968749999 0.9479329515625 0.95463339375 0.9739377765624999 0.7428410796875 0.9313773765625 0.732079340625 0.8853815328125 0.9428597968749999
0 1 0.5015810171874999 0.9837992671875 0.4959672765625 0.9314272828125001 0.730219709375 0.9758744640625 0.7270680281249999 1 0.530581303125 1 0.5015810171874999