0 0.19375 0.54453125 0.3875 0.4828125
0 0.3546875 0.82890625 0.415625 0.3421875
0 0.37890625 0.296875 0.2421875 0.2546875
0 0.48125 0.4609375 0.234375 0.25
0 0.57734375 0.63046875 0.234375 0.24375
0 0.675 0.79921875 0.2390625 0.2453125
0 0.5390625 0.2015625 0.2328125 0.25
0 0.628125 0.3796875 0.240625 0.2546875
0 0.72109375 0.55 0.234375 0.2515625
0 0.81953125 0.71953125 0.2296875 0.24375
0 0.6859375 0.13125 0.2328125 0.246875
0 0.77421875 0.3 0.2375 0.2515625
0 0.871875 0.47265625 0.2359375 0.2484375
0 0.9234375 0.6421875 0.153125 0.246875
0 0.79609375 0.0921875 0.1640625 0.184375
0 0.88984375 0.246875 0.15 0.1953125
0 0.95078125 0.41640625 0.0984375 0.2046875