0 0.47578125 0.40390625 0.1421875 0.203125
0 0.5375 0.58359375 0.14375 0.1984375
0 0.584375 0.76484375 0.134375 0.1921875
0 0.6765625 0.73203125 0.1390625 0.1890625
0 0.62265625 0.559375 0.1328125 0.19375
0 0.5640625 0.3765625 0.14375 0.2078125
0 0.4328125 0.2890625 0.0859375 0.0671875
0 0.41875 0.246875 0.0890625 0.0671875
0 0.40625 0.20234375 0.090625 0.0703125
0 0.59453125 0.178125 0.0875 0.0640625
0 0.61015625 0.22265625 0.090625 0.0671875
0 0.65234375 0.33828125 0.14375 0.209375
0 0.7078125 0.525 0.1421875 0.2
0 0.76171875 0.7015625 0.134375 0.1890625
0 0.34921875 0.86796875 0.1390625 0.196875
0 0.25625 0.90078125 0.1375 0.1984375
0 0.24609375 0.4578125 0.1234375 0.1765625
0 0.7827941328125 0.44767297812500007 0.87116986875 0.408429265625 0.80455903125 0.1845870578125 0.7162942125 0.2188961859375 0.7827941328125 0.44767297812500007
0 0.9229191234374999 0.574714909375 0.8778219109375 0.4149522890625 0.753908196875 0.46251559531249997 0.7982686421875 0.620573346875 0.9229191234374999 0.574714909375
0 0.8449858375 0.7699757890625001 0.9651123500000001 0.727643225 0.9236325609374999 0.5783863671875 0.8008410343750001 0.6216461578125 0.8449858375 0.7699757890625001
0 1 0.4230765640625 0.9838237765625 0.3693495328125 0.9664152546875 0.3187915125 0.87967083125 0.34674544531249996 0.8812272984374999 0.34914734531249997 0.944060971875 0.5625387953125001 1 0.5451129984375 1 0.4230765640625
0 1 0.5508712296875 0.9311735078125001 0.5757898109374999 0.972196475 0.7242246859375 1 0.714875396875 1 0.5508712296875
0 0 0.58247084375 0.027606160937500002 0.6616789640625 0.0863893390625 0.6404590156250001 0.035293221875 0.51605745 0 0.525620840625 0 0.58247084375
0 0.2346837265625 0.556101696875 0.16570720156250002 0.582790053125 0.22126906875 0.7330737328125 0.2393762984375 0.7248803578125 0.260166459375 0.6716956453125 0.26724054218750004 0.6506535546875 0.2346837265625 0.556101696875