0 1 0.3321215078125 0.9965857281250001 0.33093326875 0.9479225031249999 0.318296934375 0.921356965625 0.314692778125 0.9120878250000001 0.3143946390625 0.9096312421875 0.316298290625 0.9070899734375001 0.3242195796875 0.8984761578124999 0.3723948453125 0.8963289546875 0.3934983484375 1 0.420186209375 1 0.3321215078125
0 1 0.41630285625 0.906424975 0.390480046875 0.89967304375 0.3903062890625 0.8941995625000001 0.39749649374999996 0.8908314109375001 0.4087342234375 0.883162603125 0.453119271875 0.8818119671875 0.4698923171875 0.8829388515625001 0.4721861984375 1 0.5042100421875 1 0.41630285625
0 1 0.5041234515624999 0.9562138499999999 0.48944924843750004 0.900619940625 0.4750849 0.88761889375 0.47385629218750003 0.8803672703125001 0.4790934703125 0.8719990828125 0.5399107109375 0.873820040625 0.560997128125 0.9924716703125 0.5915867609375 1 0.5613922812500001 1 0.5041234515624999
0 0.8744984812500001 0.5571404484375 0.8618715109374999 0.6259539828125 0.8652615421875 0.6464251546875001 0.9716815078125001 0.67497155 0.9930623000000001 0.589217875 0.9305952078124999 0.570623703125 0.8744984812500001 0.5571404484375
0 0.820803084375 0.9337553984375001 0.8354288203125 0.843298121875 0.8357497609375001 0.83633293125 0.8343259968750001 0.832958571875 0.8252899828125001 0.8271830343750001 0.7080621140625001 0.7999677625 0.696366703125 0.8025872906249999 0.6767002984375 0.8837361171874999 0.6746043453125 0.8932781234375 0.675407165625 0.8980073531249999 0.6858638171875 0.90262740625 0.8156808546875001 0.9349944296875 0.820803084375 0.9337553984375001
0 0.8512839375000001 0.732011734375 0.7822133515624999 0.7137840453125001 0.715160284375 0.701091671875 0.7015548671875 0.7681515640625001 0.697693275 0.7938599140625 0.6986142203125 0.7981153671875 0.79786725 0.8258813015625 0.8307728421875 0.8335823578125 0.8347106875 0.83255125625 0.8427066875 0.790260703125 0.8512839375000001 0.732011734375
0 0.8642162203125 0.63358379375 0.7910290375 0.61483295 0.7313519687500001 0.605489309375 0.713824334375 0.6962295187499999 0.714566528125 0.698930715625 0.8200080484375001 0.7257234671874999 0.8426357390625 0.7303587265625 0.8487939156250001 0.7283715265625 0.8600368140624999 0.6707871796875 0.8649312265625 0.6398008171875 0.8642162203125 0.63358379375
0 0.8762672453125001 0.545503946875 0.8751403609375 0.5432100656250001 0.74645020625 0.5131369234375 0.7380935796875 0.547789121875 0.73001289375 0.5960973125 0.7297494546875 0.60056069375 0.7312913437499999 0.6034612765625 0.8376203703125 0.628965621875 0.8621715140624999 0.631564303125 0.87585849375 0.55395693125 0.8762672453125001 0.545503946875
0 0.8611911796875 0.5412418328124999 0.8671131046875 0.5402021875 0.878670690625 0.46659296250000004 0.8778072453125001 0.4598357 0.7573199734375 0.42979484843750004 0.7560174625 0.4304765546875 0.7495236625 0.4610641453125 0.7433361171875 0.5063217421874999 0.74348768125 0.511391825 0.7462745796875 0.5161125109375 0.8208824 0.533707871875 0.8611911796875 0.5412418328124999
0 0.8896345218749999 0.3908227796875 0.8907823421875 0.3805411484375 0.88950701875 0.377707028125 0.7705888234375 0.3470509328125 0.76774755 0.3493619 0.7603662421874999 0.381237896875 0.7561899624999999 0.422971125 0.7595099921874999 0.42782473593750003 0.8657815171875001 0.455830890625 0.8749628453125 0.45761682343750004 0.8796700734374999 0.455771090625 0.8896345218749999 0.3908227796875
0 0.89690708125 0.3730100890625 0.8993636640625 0.3711064375 0.9089737359375001 0.3075794578125 0.9076043484375 0.2971734453125 0.8703093421875 0.2798230859375 0.8311243218750001 0.2700531640625 0.7965043421875 0.26695695625 0.7900492875 0.2678636765625 0.7867658234375 0.27308376875 0.782519540625 0.299199434375 0.7794001453125 0.32760898125 0.77905514375 0.3426198421875 0.8853569828125 0.37164001406249997 0.89690708125 0.3730100890625
0 0.5979317640625 0.5012685828125 0.6061377718750001 0.5058307171875 0.6826418578125 0.524905328125 0.72665223125 0.532355740625 0.758821228125 0.3738074703125 0.744038915625 0.3660959921875 0.6439799390625 0.32907098437500004 0.6381155140625 0.32760881875000003 0.63243609375 0.3367605953125 0.626675109375 0.35645985156250004 0.6171100359375 0.3993656484375 0.6030018015625 0.46730663281249996 0.597425821875 0.4976198328125 0.5979317640625 0.5012685828125
0 0.69137851875 0.697678359375 0.7231931406250001 0.5405514203124999 0.717592153125 0.5346258734375 0.707283940625 0.530546059375 0.645292478125 0.5145866234375001 0.5992374 0.5051167203125 0.591273896875 0.5086667171875 0.5773956625000001 0.5666004609375 0.5531589125 0.6763003015625 0.5531620390625 0.6808301453125 0.5647152625 0.6867300640625 0.6875075515625 0.7097971796875 0.69137851875 0.697678359375
0 0.6877166156250001 0.7123654515625 0.6844269015625 0.7085258578125 0.6726980515625 0.705601528125 0.5863341953125001 0.6885976640625 0.5552976828125 0.685891684375 0.5519232781250001 0.688069728125 0.5501785781249999 0.691660559375 0.5115064031250001 0.8672068890625001 0.51186390625 0.8703154015625 0.5573586671874999 0.88316820625 0.6499141390625 0.90372873125 0.6880741203125 0.7154739640625001 0.6877166156250001 0.7123654515625
0 0.41585400000000006 0.6501180109375 0.36909706875000003 0.8251582734375 0.36871550468750003 0.8300954328125 0.37268678906249997 0.8346081906249999 0.385630334375 0.8383386078124999 0.51127015 0.86815444375 0.5521260921875 0.6815783140625 0.4218637375 0.6475905734375 0.4175108890625 0.6480149734375 0.41585400000000006 0.6501180109375
0 0.46856004218749997 0.47052227812499997 0.46512501406249995 0.47067228749999995 0.4624624921875 0.47453751093749996 0.4209124796875 0.6423211046875 0.5368409625 0.6747479265624999 0.5497238828125 0.6764503125 0.5524470328125 0.6746131234375 0.5706656109375 0.59813560625 0.5888748125000001 0.5080685593750001 0.582386321875 0.5034314203125 0.46856004218749997 0.47052227812499997
0 0.3496794125 0.2109062125 0.3777446109375 0.11423841406249999 0.26941708124999997 0.08320349375 0.2386701671875 0.177189746875 0.3496794125 0.2109062125
0 0.3247031296875 0.322434584375 0.357559778125 0.21790330156249998 0.243605096875 0.184458915625 0.20919306093749998 0.288602396875 0.3247031296875 0.322434584375
0 0.2930941546875 0.43331569999999997 0.325769203125 0.3227003859375 0.208913084375 0.28953905 0.17331839843750002 0.39841995625000004 0.2930941546875 0.43331569999999997
0 0.2925611171875 0.43318279843749996 0.17220999374999998 0.3981436 0.1348993421875 0.5116289609375 0.25680891250000004 0.547056725 0.2925611171875 0.43318279843749996
0 0.22224385 0.6652524734374999 0.25710569843750003 0.5481371796875 0.13545225 0.513779734375 0.096189659375 0.632817175 0.22224385 0.6652524734374999
0 0.180991440625 0.789832546875 0.219227228125 0.670539096875 0.0929551078125 0.6365397749999999 0.054402450000000005 0.7572639078125001 0.180991440625 0.789832546875