0 0.42109375 0.80703125 0.15 0.1078125
0 0.409375 0.71171875 0.15 0.1046875
0 0.4015625 0.61953125 0.14375 0.096875
0 0.38828125 0.28203125 0.13125 0.0984375
0 0.3953125 0.5328125 0.1390625 0.09375
0 0.39453125 0.4515625 0.134375 0.0921875
0 0.38828125 0.36328125 0.13125 0.0890625
0 0.55703125 0.69765625 0.140625 0.10625
0 0.5609375 0.79921875 0.14375 0.1109375
0 0.5359375 0.609375 0.140625 0.1
0 0.53046875 0.52109375 0.1359375 0.09375
0 0.52421875 0.440625 0.13125 0.090625
0 0.5171875 0.35859375 0.1328125 0.1
0 0.5109375 0.27578125 0.1296875 0.0984375