0 0.6640625 0.7484375 0.0890625 0.16875
0 0.42578125 0.7875 0.0984375 0.1953125
0 0.41484375 0.3859375 0.078125 0.1328125
0 0.7119367234375 0.6517068 0.7112302140625 0.4923276625 0.6267242078125 0.49799229375 0.632263084375 0.6562549875 0.7119367234375 0.6517068
0 0.8030862390625 0.66670238125 0.7178870953125001 0.6724033390625 0.7194882687499999 0.8278510656250001 0.8045505796875 0.8272775671874999 0.8030862390625 0.66670238125
0 0.8017338593750001 0.4949993484375 0.7196777796875 0.4943565671875 0.7208449390625 0.654703265625 0.801376921875 0.66061304375 0.8017338593750001 0.4949993484375
0 0.7989777734375 0.309776178125 0.7164868 0.314099346875 0.716354290625 0.46949928593749995 0.7990556265625 0.47042402499999997 0.7989777734375 0.309776178125
0 0.7051505671875 0.4691664609375 0.7024763890625 0.29876837031250003 0.6193728390625 0.3107771328125 0.6263840515625 0.4782375 0.7051505671875 0.4691664609375
0 0.8813567843750001 0.31658085625 0.8062973046874999 0.3168072625 0.8146924140625 0.45507363749999996 0.8823517984375 0.45493658281249993 0.8813567843750001 0.31658085625
0 0.8802553937500001 0.6404140609375 0.880612221875 0.4748002765625 0.8076390609375 0.486349840625 0.8114992624999999 0.6415457921875001 0.8802553937500001 0.6404140609375
0 0.8772547765625 0.8086381203125 0.879643953125 0.6552754765625 0.8124034859375 0.6587994 0.8129163390624999 0.8144812953124999 0.8772547765625 0.8086381203125
0 0.281639953125 0.7175101390624999 0.29787254375 0.8946125374999999 0.380042996875 0.885819159375 0.3659520921875 0.7081483734375 0.281639953125 0.7175101390624999
0 0.1758557578125 0.7415908140624999 0.084241303125 0.7575142015624999 0.1037335140625 0.8879373046874999 0.1921657578125 0.8803796828125 0.1758557578125 0.7415908140624999
0 0.11358293906250001 0.388948640625 0.129070625 0.5253089765625 0.20175899843749998 0.50264939375 0.1901407546875 0.3775216359375 0.11358293906250001 0.388948640625
0 0.031415009375000004 0.3994337984375 0.0363581828125 0.5202815203125 0.12422565781249999 0.515984709375 0.109053490625 0.3953649390625 0.031415009375000004 0.3994337984375