0 0.54140625 0.4796875 0.0890625 0.0953125
0 0.35234375 0.4796875 0.09296875 0.09609375
0 0.53984375 0.37890625 0.08515625 0.09140625
0 0.54609375 0.5859375 0.09140625 0.10078125
0 0.3515625 0.58515625 0.0953125 0.10234375
0 0.53828125 0.28125 0.0828125 0.0875
0 0.4515625 0.58359375 0.0921875 0.10234375
0 0.553125 0.81171875 0.09453125 0.1078125
0 0.35546875 0.37734375 0.08828125 0.090625
0 0.35546875 0.28046875 0.084375 0.08828125
0 0.5484375 0.696875 0.09375 0.10546875
0 0.446875 0.37578125 0.0859375 0.090625
0 0.44375 0.18671875 0.08203125 0.0828125
0 0.35078125 0.815625 0.1015625 0.10859375
0 0.446875 0.4765625 0.08828125 0.096875
0 0.44921875 0.2796875 0.08515625 0.08828125
0 0.53359375 0.18671875 0.08125 0.084375
0 0.35625 0.18671875 0.08203125 0.08515625
0 0.45234375 0.8171875 0.09296875 0.1046875
0 0.3515625 0.7 0.1015625 0.1015625
0 0.45 0.69765625 0.09296875 0.1078125