0 0.24453125 0.503125 0.084375 0.08984375
0 0.25078125 0.3171875 0.0828125 0.08515625
0 0.25546875 0.22578125 0.08046875 0.08203125
0 0.5421875 0.70234375 0.08515625 0.0953125
0 0.53984375 0.596875 0.0890625 0.09140625
0 0.35 0.60078125 0.08515625 0.09453125
0 0.44453125 0.5984375 0.0921875 0.09609375
0 0.35 0.70625 0.0875 0.1
0 0.25 0.409375 0.0828125 0.0859375
0 0.92265625 0.7953125 0.1375 0.1390625
0 0.909375 0.64765625 0.134375 0.134375
0 0.4453125 0.49609375 0.09140625 0.090625
0 0.08125 0.21796875 0.08125 0.08125
0 0.53671875 0.496875 0.08515625 0.08984375
0 0.53046875 0.303125 0.07734375 0.08828125
0 0.5484375 0.8125 0.0875 0.103125
0 0.16640625 0.22890625 0.08125 0.08359375
0 0.76484375 0.4515625 0.115625 0.15
0 0.07578125 0.309375 0.08046875 0.084375
0 0.1578125 0.41640625 0.08359375 0.08828125
0 0.24296875 0.6078125 0.0875 0.0921875
0 0.35234375 0.30625 0.08203125 0.08515625
0 0.08515625 0.13125 0.0796875 0.078125
0 0.44375 0.3046875 0.08359375 0.08125
0 0.059375 0.496875 0.08515625 0.09296875
0 0.34765625 0.81640625 0.0890625 0.10078125
0 0.2375 0.7109375 0.08515625 0.09453125
0 0.784375 0.77890625 0.1265625 0.1671875
0 0.9 0.5078125 0.13125 0.13046875
0 0.1640625 0.321875 0.08203125 0.084375
0 0.446875 0.70546875 0.09453125 0.1
0 0.353125 0.4046875 0.08203125 0.0890625
0 0.14765625 0.61328125 0.0875 0.09609375
0 0.134375 0.8234375 0.08828125 0.09375
0 0.77421875 0.6125 0.125 0.15703125
0 0.53125 0.39609375 0.08828125 0.08828125
0 0.140625 0.715625 0.08828125 0.09375
0 0.440625 0.3984375 0.0828125 0.0875
0 0.065625 0.40078125 0.0859375 0.0875
0 0.040625 0.81875 0.08125 0.10390625
0 0.353125 0.49921875 0.08515625 0.0921875
0 0.446875 0.81796875 0.0953125 0.10234375
0 0.15078125 0.51015625 0.0859375 0.0921875
0 0.17265625 0.146875 0.0765625 0.07265625
0 0.38671875 0.12265625 0.07265625 0.07890625
0 0.2578125 0.14375 0.0796875 0.07578125
0 0.234375 0.8203125 0.08515625 0.0984375
0 0.5203125 0.21015625 0.08125 0.0796875
0 0.3546875 0.21640625 0.075 0.0796875
0 0.0453125 0.70546875 0.0859375 0.10234375
0 0.0546875 0.59921875 0.0875 0.09296875
0 0.4375 0.2140625 0.071875 0.07890625