0 0.34453125 0.7875 0.090625 0.05625
0 0.56796875 0.675 0.0828125 0.0515625
0 0.56875 0.73046875 0.08671875 0.0546875
0 0.34140625 0.84375 0.0921875 0.05859375
0 0.6546875 0.7171875 0.0859375 0.05703125
0 0.74453125 0.71484375 0.0828125 0.0546875
0 0.746875 0.7703125 0.08515625 0.0578125
0 0.346875 0.72890625 0.0875 0.05390625
0 0.25546875 0.72890625 0.08984375 0.05625
0 0.2671875 0.50390625 0.08359375 0.05078125
0 0.25703125 0.67109375 0.0875 0.053125
0 0.64453125 0.51796875 0.0796875 0.05390625
0 0.834375 0.7828125 0.08515625 0.0515625
0 0.25 0.84140625 0.09375 0.05859375
0 0.659375 0.77578125 0.0875 0.05625
0 0.2609375 0.61484375 0.08515625 0.05390625
0 0.57265625 0.84140625 0.08203125 0.05390625
0 0.8171875 0.56953125 0.08046875 0.053125
0 0.35703125 0.45390625 0.0859375 0.0515625
0 0.34921875 0.671875 0.08671875 0.0546875
0 0.83046875 0.7265625 0.08671875 0.0578125
0 0.6609375 0.83203125 0.0890625 0.05
0 0.653125 0.66328125 0.08671875 0.053125
0 0.7375 0.66484375 0.08046875 0.04765625
0 0.26640625 0.55859375 0.084375 0.053125
0 0.8203125 0.6203125 0.0828125 0.05234375
0 0.43828125 0.734375 0.0890625 0.05703125
0 0.56796875 0.784375 0.084375 0.04921875
0 0.08046875 0.8171875 0.07734375 0.05234375
0 0.43515625 0.7921875 0.08671875 0.05546875
0 0.8375 0.83515625 0.0828125 0.0515625
0 0.5625 0.57734375 0.084375 0.0484375
0 0.640625 0.465625 0.08203125 0.0515625
0 0.74765625 0.83125 0.08515625 0.053125
0 0.165625 0.75703125 0.08046875 0.05078125
0 0.734375 0.55625 0.084375 0.05234375
0 0.08359375 0.765625 0.0765625 0.04765625
0 0.353125 0.61953125 0.0890625 0.05390625
0 0.353125 0.5625 0.0890625 0.05859375
0 0.5671875 0.62421875 0.0828125 0.0484375
0 0.56328125 0.52109375 0.0859375 0.053125
0 0.35625 0.50390625 0.0859375 0.05234375
0 0.7359375 0.6125 0.08125 0.0515625
0 0.07734375 0.86953125 0.075 0.0515625
0 0.8140625 0.51796875 0.08125 0.0515625
0 0.8265625 0.67109375 0.084375 0.05078125
0 0.253125 0.7828125 0.08671875 0.05078125
0 0.63515625 0.41640625 0.084375 0.04921875
0 0.65234375 0.61484375 0.0828125 0.0515625
0 0.434375 0.8484375 0.09453125 0.053125
0 0.78671875 0.325 0.0765625 0.05078125
0 0.646875 0.5671875 0.08046875 0.0484375
0 0.4359375 0.67890625 0.08671875 0.0546875
0 0.07734375 0.9265625 0.07421875 0.0515625
0 0.715625 0.41796875 0.07109375 0.0421875
0 0.71953125 0.4609375 0.075 0.046875
0 0.80859375 0.46640625 0.0859375 0.05078125
0 0.7109375 0.37734375 0.0734375 0.04453125
0 0.43984375 0.57421875 0.0828125 0.053125
0 0.44140625 0.6265625 0.0921875 0.0515625
0 0.7265625 0.50625 0.08046875 0.046875
0 0.79375 0.37265625 0.08515625 0.04453125
0 0.090625 0.71015625 0.07734375 0.05234375
0 0.44453125 0.465625 0.08203125 0.053125
0 0.62265625 0.32890625 0.08046875 0.04921875
0 0.8 0.41640625 0.08359375 0.04375
0 0.44375 0.5171875 0.0859375 0.04765625
0 0.5546875 0.434375 0.0796875 0.05078125
0 0.97578125 0.83203125 0.0484375 0.0390625
0 0.628125 0.371875 0.08359375 0.04765625
0 0.95390625 0.5875 0.08046875 0.053125
0 0.5609375 0.471875 0.0796875 0.04375
0 0.9765625 0.7984375 0.046875 0.03359375
0 0.975 0.765625 0.0453125 0.02890625
0 0.959375 0.6359375 0.0765625 0.046875
0 0.975 0.72890625 0.046875 0.0359375
0 0.9609375 0.68515625 0.07578125 0.0546875
0 0.946875 0.53984375 0.07578125 0.046875
0 0.4953125 0.60859375 0.0296875 0.125
0 0.13125 0.87578125 0.028125 0.15078125
0 0.1828125 0.86015625 0.03125 0.1546875
0 0.9296875 0.4140625 0.07109375 0.0421875
0 0.93203125 0.459375 0.06484375 0.034375
0 0.92421875 0.384375 0.06484375 0.02421875
0 0.98203125 0.328125 0.0359375 0.04609375
0 0.940625 0.49921875 0.075 0.0390625