0 0.63359375 0.76640625 0.1703125 0.178125
0 0.5828125 0.6078125 0.1828125 0.2046875
0 0.53203125 0.40625 0.171875 0.2625
0 0.70703125 0.53125 0.175 0.2640625
0 0.76796875 0.72421875 0.178125 0.19375
0 0.45625 0.6109375 0.14375 0.209375
0 0.3953125 0.41484375 0.1421875 0.20625
0 0.30234375 0.4609375 0.1578125 0.2265625
0 0.36640625 0.64609375 0.15625 0.2234375
0 0.2109375 0.48515625 0.1359375 0.2
0 0.51328125 0.7890625 0.1328125 0.1859375
0 0.425 0.821875 0.1453125 0.2
0 0.27578125 0.6703125 0.14375 0.2015625
0 0.33125 0.8546875 0.1390625 0.1890625
0 0.8956569968749999 0.580031740625 0.844542878125 0.389023803125 0.7559764859375 0.4152056078125 0.802965909375 0.5988718359375 0.8956569968749999 0.580031740625
0 0.942957621875 0.7593029578125 0.8976374500000001 0.5793882515625 0.8185952859375 0.6132650671875 0.8624159265625 0.7854725421875 0.942957621875 0.7593029578125
0 1 0.595419415625 0.9902675578125001 0.554481321875 0.905849321875 0.5784240031250001 0.9434864734374999 0.7474525125 1 0.7307840484375 1 0.595419415625
0 0.35 0.30234375 0.096875 0.0640625
0 0.33125 0.253125 0.0953125 0.0640625
0 0.1671875 0.37109375 0.0953125 0.0609375
0 0.15 0.321875 0.096875 0.065625
0 0.13671875 0.278125 0.1015625 0.0765625