0 0.93125 0.35078125 0.1328125 0.10625
0 0.9046875 0.425 0.1296875 0.10625
0 0.88046875 0.4984375 0.1390625 0.1140625
0 0.85390625 0.58125 0.1484375 0.11875
0 0.82265625 0.66796875 0.146875 0.121875
0 0.78828125 0.75234375 0.153125 0.1203125
0 0.75078125 0.83828125 0.1609375 0.13125
0 0.7125 0.93125 0.1609375 0.1375
0 0.79375 0.35859375 0.1390625 0.1140625
0 0.7625 0.43515625 0.1484375 0.1203125
0 0.7296875 0.52734375 0.1546875 0.1328125
0 0.69296875 0.60703125 0.1484375 0.1203125
0 0.6578125 0.690625 0.1609375 0.1296875
0 0.6171875 0.77890625 0.1671875 0.1390625
0 0.57578125 0.87265625 0.1640625 0.1375
0 0.5046875 0.61484375 0.15625 0.13125
0 0.465625 0.70390625 0.165625 0.1421875
0 0.42421875 0.7984375 0.16875 0.14375
0 0.55625 0.165625 0.1421875 0.1203125
0 0.52421875 0.240625 0.14375 0.121875
0 0.4890625 0.31640625 0.1515625 0.125
0 0.45078125 0.39375 0.1546875 0.1234375
0 0.4140625 0.47578125 0.153125 0.1265625
0 0.37265625 0.56171875 0.1578125 0.1328125
0 0.33046875 0.64921875 0.1640625 0.1390625
0 0.2875 0.740625 0.1640625 0.1328125
0 0.14375 0.36015625 0.1515625 0.128125
0 0.09609375 0.4453125 0.146875 0.11875
0 0.06171875 0.53203125 0.1234375 0.1265625
0 0.0375 0.61796875 0.075 0.1390625
0 0.46171875 0.0515625 0.1390625 0.103125
0 0.4265625 0.1109375 0.1375 0.1140625
0 0.38671875 0.1875 0.1453125 0.121875
0 0.3484375 0.26171875 0.15 0.128125
0 0.3125 0.34296875 0.1453125 0.1171875
0 0.2734375 0.4234375 0.1546875 0.1265625
0 0.23125 0.5046875 0.1578125 0.1296875
0 0.184375 0.5890625 0.1609375 0.140625
0 0.13671875 0.68125 0.159375 0.1328125