0 0.11484375 0.68359375 0.2296875 0.4640625
0 0.22265625 0.74609375 0.09375 0.3546875
0 0.4015625 0.45390625 0.2359375 0.215625
0 0.37109375 0.653125 0.23125 0.2171875
0 0.34140625 0.84921875 0.2296875 0.203125
0 0.54921875 0.684375 0.1578125 0.1875
0 0.51875 0.87578125 0.1640625 0.2015625
0 0.83359375 0.19453125 0.196875 0.0953125
0 0.74921875 0.3234375 0.1515625 0.1859375
0 0.721875 0.5140625 0.1484375 0.1890625
0 0.68828125 0.6984375 0.1515625 0.1859375
0 0.659375 0.88828125 0.1546875 0.1859375
0 0.8828125 0.34453125 0.15 0.19375
0 0.85078125 0.5359375 0.1484375 0.184375
0 0.821875 0.721875 0.1484375 0.1890625
0 0.78984375 0.90703125 0.14375 0.18125