0 0.28671875 0.51484375 0.1375 0.09453125
0 0.296875 0.60625 0.13671875 0.07421875
0 0.29765625 0.6953125 0.125 0.0765625
0 0.29921875 0.78671875 0.12109375 0.06953125
0 0.3 0.865625 0.121875 0.08359375
0 0.46640625 0.71640625 0.184375 0.36796875
0 0.63125 0.353125 0.11328125 0.1828125
0 0.6296875 0.54765625 0.115625 0.1921875
0 0.765625 0.4328125 0.10859375 0.18984375
0 0.76328125 0.6328125 0.11953125 0.1875
0 0.63125 0.771875 0.14140625 0.25703125
0 0.7671875 0.815625 0.125 0.16875
0 0.17734375 0.846875 0.09375 0.153125
0 0.075 0.86796875 0.1 0.16171875
0 0.07265625 0.69921875 0.1 0.153125
0 0.06640625 0.53125 0.1078125 0.16875
0 0.0671875 0.365625 0.1078125 0.153125
0 0.94453125 0.36796875 0.10390625 0.1296875
0 0.93984375 0.49453125 0.1 0.11796875
0 0.94140625 0.61484375 0.09453125 0.11796875
0 0.93046875 0.7359375 0.09453125 0.10625
0 0.9296875 0.85078125 0.1 0.13203125