0 0.1640625 0.13046875 0.22265625 0.09453125
0 0.0890625 0.278125 0.15390625 0.19921875
0 0.090625 0.47890625 0.16171875 0.18515625
0 0.0921875 0.6828125 0.1578125 0.19453125
0 0.09453125 0.87734375 0.1546875 0.18046875
0 0.24296875 0.2765625 0.14921875 0.2015625
0 0.2421875 0.47421875 0.146875 0.19453125
0 0.24296875 0.678125 0.14453125 0.19921875
0 0.2453125 0.87265625 0.1453125 0.18046875
0 0.39375 0.290625 0.1453125 0.1921875
0 0.39453125 0.478125 0.146875 0.196875
0 0.39375 0.6734375 0.1453125 0.18984375
0 0.39296875 0.87265625 0.13671875 0.16640625
0 0.53125 0.28828125 0.13359375 0.1921875
0 0.53671875 0.4765625 0.14296875 0.19453125
0 0.5359375 0.67578125 0.1390625 0.18984375
0 0.5328125 0.8609375 0.1375 0.18515625
0 0.67421875 0.853125 0.13984375 0.1734375
0 0.6765625 0.66640625 0.13671875 0.18984375
0 0.671875 0.4765625 0.13515625 0.18046875
0 0.6734375 0.278125 0.1375 0.18984375
0 0.81328125 0.28828125 0.1390625 0.1828125
0 0.81328125 0.47421875 0.13359375 0.18046875
0 0.8140625 0.66640625 0.13515625 0.18984375
0 0.81015625 0.853125 0.13515625 0.1828125