0 0.80703125 0.4109375 0.1484375 0.1265625
0 0.83984375 0.49609375 0.15625 0.1265625
0 0.81875 0.14140625 0.14375 0.115625
0 0.784375 0.07109375 0.140625 0.1140625
0 0.89140625 0.28828125 0.1390625 0.11875
0 0.9453125 0.453125 0.109375 0.11875
0 0.8765625 0.5796875 0.1578125 0.1328125
0 0.7484375 0.0296875 0.134375 0.059375
0 0.65703125 0.72890625 0.103125 0.0828125
0 0.925 0.3703125 0.1359375 0.11875
0 0.6765625 0.7859375 0.103125 0.0828125
0 0.53828125 0.6890625 0.0984375 0.0828125
0 0.85625 0.21328125 0.140625 0.115625
0 0.375 0.90625 0.096875 0.08125
0 0.3546875 0.85 0.1 0.084375
0 0.965625 0.534375 0.06875 0.121875
0 0.28984375 0.94296875 0.096875 0.08125
0 0.49765625 0.5953125 0.0875 0.071875
0 0.3484375 0.57890625 0.096875 0.0765625
0 0.51640625 0.6390625 0.090625 0.071875
0 0.33828125 0.79765625 0.096875 0.0796875
0 0.28515625 0.6453125 0.0953125 0.078125
0 0.3328125 0.5296875 0.1015625 0.0828125
0 0.21171875 0.96875 0.1015625 0.0625
0 0.7640625 0.75078125 0.1078125 0.0890625
0 0.30390625 0.696875 0.0953125 0.0796875
0 0.63671875 0.68046875 0.103125 0.084375
0 0.440625 0.8265625 0.103125 0.084375
0 0.3703125 0.625 0.0953125 0.0765625
0 0.740625 0.6953125 0.103125 0.084375
0 0.32109375 0.7484375 0.09375 0.075
0 0.915625 0.66796875 0.1578125 0.13125
0 0.47734375 0.32578125 0.0828125 0.0703125
0 0.27265625 0.8875 0.0984375 0.08125
0 0.72109375 0.64140625 0.103125 0.0859375
0 0.4203125 0.77421875 0.103125 0.0859375
0 0.5421875 0.4875 0.096875 0.08125
0 0.45859375 0.884375 0.1015625 0.0859375
0 0.5953125 0.82890625 0.0828125 0.059375
0 0.3875 0.6734375 0.096875 0.0796875
0 0.19765625 0.91796875 0.0828125 0.0703125
0 0.61328125 0.63046875 0.1015625 0.0828125
0 0.240625 0.7796875 0.0953125 0.075
0 0.4046875 0.721875 0.0953125 0.0765625
0 0.26875 0.596875 0.0875 0.06875
0 0.4921875 0.37109375 0.0796875 0.0625
0 0.56171875 0.5328125 0.096875 0.0796875
0 0.9859375 0.621875 0.028125 0.1125
0 0.47890625 0.55078125 0.0859375 0.0703125
0 0.253125 0.5546875 0.08125 0.0671875
0 0.590625 0.58125 0.1 0.08125
0 0.25546875 0.83125 0.0984375 0.0828125
0 0.69453125 0.5921875 0.1015625 0.084375
0 0.5078125 0.40859375 0.08125 0.065625
0 0.17890625 0.5875 0.0953125 0.0765625
0 0.64453125 0.503125 0.096875 0.08125
0 0.5734375 0.7578125 0.08125 0.059375
0 0.66796875 0.55 0.0984375 0.078125
0 0.278125 0.39765625 0.090625 0.0734375
0 0.3140625 0.48203125 0.09375 0.06875
0 0.16171875 0.5390625 0.1 0.0828125
0 0.22734375 0.72890625 0.0890625 0.075
0 0.240625 0.5125 0.078125 0.0625
0 0.43359375 0.434375 0.0828125 0.0671875
0 0.29765625 0.4421875 0.0921875 0.0703125
0 0.19609375 0.634375 0.0875 0.071875
0 0.1328125 0.4671875 0.096875 0.0796875
0 0.62109375 0.45 0.1 0.0828125
0 0.5234375 0.44609375 0.0859375 0.0640625
0 0.2109375 0.68203125 0.0828125 0.065625
0 0.44921875 0.475 0.0828125 0.0625
0 0.584375 0.79296875 0.08125 0.059375
0 0.1375 0.71953125 0.09375 0.071875
0 0.5578125 0.7265625 0.0828125 0.059375
0 0.18203125 0.86796875 0.0859375 0.0765625
0 0.16640625 0.8203125 0.0859375 0.0734375
0 0.12109375 0.67265625 0.09375 0.075
0 0.22421875 0.475 0.08125 0.065625
0 0.10546875 0.62578125 0.084375 0.065625
0 0.57578125 0.375 0.0796875 0.0578125
0 0.1484375 0.76796875 0.0921875 0.075
0 0.09140625 0.58125 0.0734375 0.0609375
0 0.4640625 0.51171875 0.0828125 0.0625
0 0.42265625 0.40390625 0.0671875 0.040625
0 0.596875 0.4125 0.0875 0.065625