0 0.87890625 0.38671875 0.06484375 0.121875
0 0.87578125 0.515625 0.0734375 0.11640625
0 0.87265625 0.64140625 0.065625 0.12109375
0 0.871875 0.7640625 0.0671875 0.11328125
0 0.940625 0.765625 0.0578125 0.1109375
0 0.94140625 0.64375 0.059375 0.12109375
0 0.94609375 0.515625 0.0703125 0.11953125
0 0.95 0.3890625 0.0734375 0.1265625
0 0.8828125 0.25078125 0.06875 0.1265625
0 0.75703125 0.384375 0.0671875 0.1234375
0 0.75546875 0.515625 0.06953125 0.12890625
0 0.75390625 0.64140625 0.0640625 0.11328125
0 0.75546875 0.76875 0.06796875 0.11953125
0 0.6859375 0.775 0.06328125 0.11484375
0 0.68515625 0.646875 0.0640625 0.125
0 0.68203125 0.51796875 0.07109375 0.1203125
0 0.57890625 0.509375 0.09765625 0.23125
0 0.5796875 0.740625 0.09765625 0.22421875
0 0.54609375 0.26328125 0.04921875 0.0953125
0 0.6015625 0.26171875 0.05078125 0.09609375
0 0.46328125 0.571875 0.10703125 0.13828125
0 0.46875 0.40078125 0.09375 0.1234375
0 0.46484375 0.7078125 0.1078125 0.13203125
0 0.35 0.7796875 0.08046875 0.1703125
0 0.26171875 0.778125 0.08671875 0.1734375
0 0.25390625 0.59453125 0.075 0.1765625
0 0.2515625 0.47109375 0.075 0.03828125
0 0.13828125 0.58984375 0.08359375 0.221875
0 0.15390625 0.7796875 0.12578125 0.15
0 0.0390625 0.778125 0.078125 0.146875
0 0.034375 0.6171875 0.06875 0.159375
0 0.025 0.41953125 0.05 0.2390625