0 0.646875 0.65390625 0.19375 0.2765625
0 0.54375 0.40625 0.196875 0.284375
0 0.425 0.73125 0.1734375 0.1734375
0 0.34296875 0.45078125 0.1328125 0.134375
0 0.2578125 0.3265625 0.140625 0.1921875
0 0.32109375 0.29453125 0.1484375 0.203125
0 0.38984375 0.2671875 0.140625 0.1984375
0 0.1796875 0.54453125 0.15625 0.1640625
0 0.11953125 0.41796875 0.1671875 0.1734375
0 0.0390625 0.4625 0.078125 0.153125
0 0.07890625 0.58125 0.1578125 0.175
0 0.20546875 0.7453125 0.18125 0.190625
0 0.27890625 0.88359375 0.175 0.1890625