0 0.73125 0.41875 0.1953125 0.2140625
0 0.66640625 0.60078125 0.1921875 0.215625
0 0.60234375 0.77578125 0.196875 0.2171875
0 0.52109375 0.11484375 0.246875 0.15625
0 0.49765625 0.20078125 0.2515625 0.1609375
0 0.4671875 0.2828125 0.253125 0.1609375
0 0.4375 0.3625 0.2484375 0.153125
0 0.40703125 0.44375 0.25 0.1609375
0 0.3765625 0.5203125 0.2453125 0.146875
0 0.3453125 0.6 0.2453125 0.1546875
0 0.3171875 0.678125 0.2453125 0.1484375
0 0.28984375 0.7578125 0.2515625 0.159375
0 0.2609375 0.8359375 0.24375 0.1421875
0 0.1375 0.43359375 0.275 0.1796875
0 0.11796875 0.63671875 0.2359375 0.3890625