0 0.7953125 0.4671875 0.1515625 0.178125
0 0.9 0.39921875 0.2 0.2265625
0 0.884375 0.61015625 0.159375 0.175
0 0.9484375 0.54921875 0.103125 0.2015625
0 0.8125 0.30078125 0.1421875 0.1453125
0 0.70625 0.3203125 0.1546875 0.184375
0 0.77109375 0.6796875 0.18125 0.215625
0 0.68984375 0.72890625 0.1765625 0.2046875
0 0.60078125 0.77109375 0.175 0.20625
0 0.4734375 0.83203125 0.2265625 0.23125
0 0.3640625 0.89921875 0.171875 0.2015625
0 0.33515625 0.72734375 0.2484375 0.228125
0 0.4765625 0.6609375 0.1140625 0.13125
0 0.365625 0.4546875 0.2578125 0.30625