0 0.584375 0.63125 0.5390625 0.5765625
0 0.2625 0.09140625 0.109375 0.1109375
0 0.2328125 0.184375 0.10625 0.109375
0 0.20078125 0.27890625 0.109375 0.115625
0 0.16328125 0.37265625 0.1125 0.11875
0 0.12890625 0.47578125 0.115625 0.1203125
0 0.08984375 0.58046875 0.121875 0.134375
0 0.0546875 0.6953125 0.109375 0.125
0 0.1765625 0.06484375 0.10625 0.1109375
0 0.14375 0.15546875 0.109375 0.1140625
0 0.10703125 0.25078125 0.109375 0.1140625
0 0.07265625 0.34453125 0.115625 0.11875
0 0.046875 0.446875 0.09375 0.121875
0 0.025 0.5578125 0.05 0.128125