0 0.61484375 0.67890625 0.128125 0.175
0 0.715625 0.6453125 0.1203125 0.1625
0 0.54140625 0.34140625 0.1296875 0.2046875
0 0.43515625 0.73125 0.13125 0.171875
0 0.39140625 0.57421875 0.134375 0.1796875
0 0.81328125 0.2109375 0.128125 0.2109375
0 0.765625 0.43046875 0.125 0.1953125
0 0.57578125 0.51796875 0.13125 0.190625
0 0.8015625 0.61015625 0.11875 0.18125
0 0.7265625 0.2375 0.1328125 0.2125
0 0.85078125 0.40546875 0.1265625 0.2
0 0.3453125 0.40234375 0.1484375 0.1984375
0 0.49765625 0.15078125 0.1421875 0.2203125
0 0.2984375 0.21953125 0.15 0.2
0 0.8828125 0.5859375 0.1171875 0.1734375
0 0.9578125 0.565625 0.084375 0.1625
0 0.48359375 0.5765625 0.0546875 0.13125
0 0.021875 0.3109375 0.04375 0.046875
0 0.9015625 0.21484375 0.0984375 0.1359375
0 0.69609375 0.5375 0.0828125 0.0625
0 0.15390625 0.78125 0.2203125 0.2078125
0 0.096875 0.525 0.19375 0.353125
0 0.2703125 0.09765625 0.1046875 0.078125
0 0.51484375 0.5703125 0.0578125 0.134375
0 0.77890625 0.09375 0.084375 0.065625
0 0.54609375 0.7 0.0609375 0.1390625
0 0.51640625 0.7078125 0.053125 0.1296875
0 0.6984375 0.10859375 0.0875 0.059375
0 0.17734375 0.48359375 0.1453125 0.3171875
0 0.6875 0.06015625 0.0890625 0.0609375
0 0.03203125 0.23828125 0.0640625 0.1203125
0 0.02578125 0.33359375 0.0515625 0.0484375
0 0.271875 0.7296875 0.1265625 0.2609375
0 0.0296875 0.35625 0.059375 0.053125