0 0.66328125 0.6625 0.1 0.0875
0 0.79375 0.53828125 0.1 0.0859375
0 0.77109375 0.66875 0.103125 0.0890625
0 0.58984375 0.709375 0.096875 0.0828125
0 0.63984375 0.6140625 0.0984375 0.084375
0 0.77109375 0.49765625 0.1 0.0859375
0 0.61484375 0.56875 0.096875 0.0828125
0 0.64140625 0.815625 0.0984375 0.0875
0 0.61328125 0.7578125 0.096875 0.084375
0 0.56640625 0.66640625 0.096875 0.08125
0 0.5421875 0.61640625 0.0984375 0.084375
0 0.74375 0.6203125 0.1 0.0859375
0 0.8015625 0.721875 0.1 0.0859375
0 0.85546875 0.6390625 0.103125 0.0890625
0 0.365625 0.76328125 0.10625 0.0890625
0 0.68984375 0.71171875 0.109375 0.0921875
0 0.71328125 0.57421875 0.096875 0.0828125
0 0.34296875 0.7125 0.10625 0.0890625
0 0.66171875 0.48046875 0.1 0.0859375
0 0.88359375 0.68828125 0.1015625 0.0890625
0 0.6890625 0.52890625 0.096875 0.084375
0 0.58984375 0.525 0.0890625 0.0734375
0 0.74453125 0.4546875 0.096875 0.084375
0 0.7171875 0.76796875 0.109375 0.0921875
0 0.3203125 0.6625 0.10625 0.090625
0 0.27421875 0.5609375 0.0984375 0.084375
0 0.28359375 0.803125 0.1 0.0859375
0 0.71875 0.4078125 0.096875 0.0828125
0 0.540625 0.4375 0.0953125 0.0796875
0 0.2625 0.75078125 0.1015625 0.0875
0 0.56484375 0.4828125 0.09375 0.0828125
0 0.6109375 0.39921875 0.0890625 0.0765625
0 0.63515625 0.4390625 0.0921875 0.078125
0 0.3828125 0.58125 0.1015625 0.0875
0 0.29453125 0.6078125 0.1015625 0.0875
0 0.58515625 0.3625 0.0828125 0.06875
0 0.82265625 0.5875 0.1 0.0859375
0 0.51875 0.57109375 0.096875 0.08125
0 0.61015625 0.24453125 0.0921875 0.0796875
0 0.359375 0.53359375 0.1015625 0.0875
0 0.221875 0.64609375 0.096875 0.0828125
0 0.3875 0.81328125 0.1046875 0.0890625
0 0.3046875 0.85390625 0.1046875 0.090625
0 0.63515625 0.28671875 0.0921875 0.075
0 0.6875 0.36484375 0.1015625 0.084375
0 0.49453125 0.52734375 0.096875 0.0828125
0 0.66015625 0.3234375 0.0953125 0.078125
0 0.98671875 0.61875 0.0265625 0.06875
0 0.5125 0.3984375 0.0984375 0.0828125
0 0.24453125 0.696875 0.09375 0.0796875
0 0.41015625 0.8671875 0.1109375 0.090625
0 0.90625 0.446875 0.096875 0.08125
0 0.56015625 0.328125 0.08125 0.06875
0 0.93203125 0.4890625 0.1046875 0.0875
0 0.2421875 0.9234375 0.0953125 0.08125
0 0.3484375 0.96015625 0.103125 0.0796875
0 0.84453125 0.36796875 0.0953125 0.084375
0 0.47109375 0.48515625 0.09375 0.0796875
0 0.49609375 0.8296875 0.1 0.0859375
0 0.4484375 0.4453125 0.0859375 0.071875
0 0.871875 0.40859375 0.096875 0.0828125
0 0.4359375 0.92265625 0.115625 0.096875
0 0.990625 0.478125 0.01875 0.075
0 0.9703125 0.553125 0.059375 0.0625
0 0.45390625 0.72421875 0.11875 0.096875
0 0.4109375 0.63203125 0.1109375 0.09375
0 0.51953125 0.884375 0.103125 0.090625
0 0.48984375 0.35859375 0.0921875 0.0765625
0 0.4734375 0.778125 0.1 0.0890625
0 0.9578125 0.38515625 0.084375 0.0828125
0 0.46484375 0.32578125 0.0921875 0.0765625
0 0.328125 0.90625 0.0953125 0.08125
0 0.98046875 0.5828125 0.0390625 0.0625
0 0.43515625 0.6765625 0.115625 0.090625
0 0.775 0.26015625 0.0875 0.0765625
0 0.97578125 0.43046875 0.0484375 0.0734375
0 0.2125 0.9859375 0.05 0.028125
0 0.81953125 0.32734375 0.0859375 0.0734375
0 0.92890625 0.340625 0.1015625 0.0859375
0 0.190625 0.95390625 0.05 0.05625
0 0.8421875 0.23046875 0.0828125 0.071875
0 0.81640625 0.1953125 0.08125 0.0671875
0 0.9625 0.52109375 0.075 0.0640625
0 0.79921875 0.1546875 0.084375 0.0765625
0 0.90078125 0.2984375 0.0984375 0.084375
0 0.88828125 0.20390625 0.0484375 0.0453125
0 0.8 0.29921875 0.0765625 0.0625
0 0.54453125 0.79453125 0.1140625 0.171875
0 0.871875 0.2625 0.0828125 0.06875
0 0.30078125 0.96953125 0.0953125 0.0609375
0 0.1703125 0.90625 0.0625 0.065625
0 0.91328125 0.24375 0.05 0.059375