0 0.89296875 0.6625 0.1328125 0.1859375
0 0.8890625 0.85078125 0.13125 0.175
0 0.7203125 0.85859375 0.20234375 0.18359375
0 0.72265625 0.66171875 0.1984375 0.18984375
0 0.71640625 0.46640625 0.2046875 0.18046875
0 0.5890625 0.7765625 0.034375 0.34375
0 0.47421875 0.73046875 0.171875 0.43359375
0 0.325 0.2734375 0.11171875 0.1296875
0 0.32578125 0.39765625 0.109375 0.115625
0 0.32734375 0.528125 0.10859375 0.1234375
0 0.3265625 0.653125 0.11328125 0.11796875
0 0.32734375 0.78046875 0.10703125 0.11953125
0 0.33359375 0.90234375 0.10546875 0.11953125
0 0.21953125 0.9140625 0.10859375 0.125
0 0.21484375 0.78671875 0.11015625 0.11875
0 0.21328125 0.65703125 0.11015625 0.1265625
0 0.215625 0.52890625 0.10859375 0.12109375
0 0.21484375 0.403125 0.10703125 0.128125