0 0.840625 0.2984375 0.0921875 0.134375
0 0.86875 0.42421875 0.1 0.13125
0 0.89609375 0.546875 0.09375 0.1328125
0 0.925 0.66640625 0.0921875 0.1265625
0 0.975 0.65 0.05 0.121875
0 0.959375 0.5328125 0.08125 0.13125
0 0.93671875 0.40703125 0.096875 0.1328125
0 0.91015625 0.28359375 0.1015625 0.140625
0 0.8109375 0.165625 0.096875 0.1390625
0 0.72109375 0.32578125 0.0953125 0.1359375
0 0.7515625 0.453125 0.0984375 0.1421875
0 0.78046875 0.57578125 0.0890625 0.125
0 0.81328125 0.69921875 0.0953125 0.1328125
0 0.746875 0.721875 0.0890625 0.1265625
0 0.71484375 0.59765625 0.0921875 0.1375
0 0.68125 0.4734375 0.0984375 0.134375
0 0.57890625 0.48984375 0.15 0.2484375
0 0.63515625 0.7140625 0.1484375 0.240625
0 0.4875 0.259375 0.0703125 0.1046875
0 0.540625 0.24453125 0.071875 0.10625
0 0.48203125 0.57890625 0.1375 0.159375
0 0.4453125 0.4109375 0.1203125 0.1421875
0 0.51640625 0.71015625 0.1359375 0.1546875
0 0.421875 0.8078125 0.11875 0.184375
0 0.3359375 0.82734375 0.1265625 0.1890625
0 0.284375 0.6515625 0.115625 0.1890625
0 0.2515625 0.53203125 0.0828125 0.0546875
0 0.17109375 0.675 0.134375 0.2359375
0 0.23203125 0.85546875 0.1578125 0.1765625
0 0.1203125 0.88125 0.1109375 0.1609375
0 0.0765625 0.7265625 0.1046875 0.171875
0 0.0359375 0.5359375 0.071875 0.24375