0 0.7046875 0.746875 0.1765625 0.153125
0 0.56171875 0.80546875 0.175 0.1515625
0 0.66875 0.65390625 0.16875 0.1421875
0 0.52578125 0.71015625 0.16875 0.1421875
0 0.49296875 0.61328125 0.1703125 0.140625
0 0.63203125 0.55859375 0.159375 0.1359375
0 0.59140625 0.478125 0.1546875 0.1265625
0 0.55859375 0.390625 0.153125 0.1296875
0 0.5234375 0.315625 0.15625 0.1328125
0 0.4875 0.23984375 0.1421875 0.1140625
0 0.4546875 0.16796875 0.14375 0.115625
0 0.359375 0.27890625 0.1484375 0.1265625
0 0.39296875 0.36015625 0.1578125 0.128125
0 0.42578125 0.440625 0.1625 0.1296875
0 0.46015625 0.528125 0.1625 0.1359375
0 0.3359375 0.6734375 0.165625 0.1359375
0 0.3734375 0.771875 0.1640625 0.1359375
0 0.4078125 0.86640625 0.1765625 0.15
0 0.896875 0.64609375 0.20625 0.1859375
0 0.80625 0.59375 0.1515625 0.1296875
0 0.93515625 0.53671875 0.1296875 0.1265625
0 0.88828125 0.4609375 0.1421875 0.1171875
0 0.76796875 0.5125 0.153125 0.125
0 0.73125 0.43828125 0.15 0.1265625
0 0.84765625 0.38515625 0.1390625 0.11875
0 0.68984375 0.3578125 0.1421875 0.121875
0 0.8078125 0.31015625 0.1359375 0.1140625
0 0.7703125 0.23515625 0.1375 0.1203125
0 0.7375 0.16640625 0.1328125 0.1140625
0 0.62265625 0.21171875 0.134375 0.109375
0 0.65390625 0.28515625 0.134375 0.1109375
0 0.2671875 0.928125 0.1703125 0.1421875
0 0.23515625 0.82734375 0.171875 0.134375
0 0.20546875 0.74140625 0.1703125 0.1453125
0 0.175 0.64609375 0.1640625 0.1328125
0 0.06953125 0.315625 0.1390625 0.11875
0 0.08828125 0.39765625 0.1484375 0.1234375
0 0.11640625 0.4765625 0.153125 0.128125
0 0.1421875 0.55703125 0.1546875 0.125