0 0.7265625 0.32578125 0.13125 0.234375
0 0.71875 0.55078125 0.1234375 0.20390625
0 0.7078125 0.76328125 0.12421875 0.2015625
0 0.84609375 0.7609375 0.12265625 0.1953125
0 0.920857709375 0.659259259375 0.9371744796874999 0.4370370375 0.7984831703124999 0.43981481406249995 0.7865060875000001 0.6601851859375001 0.920857709375 0.659259259375
0 0.8095703125 0.19537037031249999 0.7964002 0.42870370312499995 0.9370007328125001 0.43240740781250003 0.9521022718750001 0.2 0.8095703125 0.19537037031249999
0 0.634449215625 0.652777778125 0.5027013078125 0.646296296875 0.50009759375 0.8546296296874999 0.627679559375 0.859259259375 0.634449215625 0.652777778125
0 0.4975911453125 0.6453703703125 0.3641837453125 0.6388888890625 0.363142259375 0.8509259265625 0.4943694234375 0.852777778125 0.4975911453125 0.6453703703125
0 0.4995768515625 0.6379629625 0.504784278125 0.42129629687500003 0.3688704296875 0.41944444374999995 0.366266715625 0.6351851859375001 0.4995768515625 0.6379629625
0 0.1939008765625 0.3 0.20067053124999998 0.434259259375 0.27149154062499997 0.43055555625 0.265242628125 0.2925925921875 0.1939008765625 0.3
0 0.27779947968749996 0.5675925921875 0.2725330265625 0.4370370375 0.201191275 0.43981481406249995 0.20900241562500002 0.56851851875 0.27779947968749996 0.5675925921875
0 0.211606128125 0.578703703125 0.218375784375 0.702777778125 0.28555159531249996 0.6981481484375001 0.28294788125000003 0.571296296875 0.211606128125 0.578703703125
0 0.2886760515625 0.828703703125 0.2840494796875 0.7083333328125 0.215251328125 0.709259259375 0.22097949843750003 0.83148148125 0.2886760515625 0.828703703125
0 0.1095703125 0.6203703703125 0.11995541093749999 0.8296296296874999 0.2126476140625 0.83148148125 0.2032742453125 0.6166666671875001 0.1095703125 0.6203703703125
0 0.199108303125 0.6074074078125 0.189734934375 0.38148148125 0.0913145609375 0.3861111109375 0.1043331296875 0.6120370375 0.199108303125 0.6074074078125
0 0.19233864843749998 0.3731481484375 0.1782785953125 0.127777778125 0.0756922796875 0.1296296296875 0.0897523328125 0.3731481484375 0.19233864843749998 0.3731481484375
0 0.1194346671875 0.8268518515625001 0.1059244796875 0.6175925921875 0.0126824109375 0.621296296875 0.027263207812500002 0.8333333328125001 0.1194346671875 0.8268518515625001
0 0 0.3983028265625 0.0048828125 0.615740740625 0.1006879296875 0.615740740625 0.0881901046875 0.38240740781250004 0 0.38332981718750003 0 0.3983028265625
0 0 0.37774234375 0.088710846875 0.3740740734375 0.0736328125 0.12870370312499999 0 0.1259957421875 0 0.37774234375