0 0.509375 0.234375 0.1578125 0.125
0 0.6546875 0.6640625 0.1734375 0.140625
0 0.5390625 0.31328125 0.15 0.1203125
0 0.6875 0.76015625 0.178125 0.15
0 0.628125 0.5703125 0.165625 0.1359375
0 0.46796875 0.61640625 0.1765625 0.1453125
0 0.83125 0.71015625 0.1734375 0.146875
0 0.49921875 0.71171875 0.178125 0.1484375
0 0.79765625 0.61484375 0.1703125 0.1390625
0 0.60859375 0.1296875 0.14375 0.1140625
0 0.59765625 0.478125 0.159375 0.128125
0 0.56953125 0.396875 0.15625 0.1234375
0 0.63671875 0.2015625 0.140625 0.1109375
0 0.33515625 0.66875 0.1625 0.1328125
0 0.6984375 0.35625 0.1515625 0.125
0 0.36015625 0.7609375 0.1671875 0.1390625
0 0.3890625 0.859375 0.175 0.1421875
0 0.76640625 0.525 0.159375 0.1296875
0 0.253125 0.41015625 0.1515625 0.121875
0 0.5328125 0.809375 0.1734375 0.1421875
0 0.6671875 0.275 0.1484375 0.121875
0 0.73125 0.43828125 0.153125 0.121875
0 0.209375 0.253125 0.14375 0.1125
0 0.28046875 0.490625 0.159375 0.128125
0 0.30546875 0.575 0.159375 0.1265625
0 0.82734375 0.33203125 0.1390625 0.1171875
0 0.86015625 0.40703125 0.1421875 0.1140625
0 0.06328125 0.225 0.1265625 0.115625
0 0.79375 0.25859375 0.13125 0.1046875
0 0.09296875 0.38125 0.153125 0.1203125
0 0.053125 0.16171875 0.10625 0.0953125
0 0.07421875 0.303125 0.1484375 0.115625
0 0.23125 0.32734375 0.1484375 0.115625
0 0.76875 0.1875 0.1359375 0.1125
0 0.92421875 0.30703125 0.0921875 0.0984375
0 0.13984375 0.54765625 0.1625 0.1296875
0 0.2375 0.92265625 0.1703125 0.1375
0 0.92578125 0.56796875 0.1484375 0.1296875
0 0.896875 0.48828125 0.1453125 0.121875
0 0.953125 0.38203125 0.0859375 0.0890625
0 0.1671875 0.63671875 0.171875 0.1328125
0 0.14765625 0.94921875 0.0671875 0.1015625
0 0.115625 0.465625 0.1546875 0.121875
0 0.2078125 0.82421875 0.171875 0.140625
0 0.89296875 0.22578125 0.0984375 0.0953125
0 0.190625 0.72890625 0.1703125 0.134375
0 0.08984375 0.759375 0.0796875 0.1
0 0.8640625 0.15390625 0.1046875 0.09375
0 0.9546875 0.65 0.090625 0.14375
0 0.115625 0.8546875 0.0703125 0.1015625
0 0.0625 0.6671875 0.0890625 0.103125
0 0.97109375 0.4609375 0.0578125 0.096875