0 0.47265625 0.19765625 0.06953125 0.16953125
0 0.55078125 0.1984375 0.07265625 0.1703125
0 0.5578125 0.39921875 0.07734375 0.196875
0 0.478125 0.3984375 0.075 0.1953125
0 0.39609375 0.3984375 0.0828125 0.19609375
0 0.31875 0.60078125 0.07265625 0.18828125
0 0.4 0.596875 0.08125 0.18671875
0 0.47890625 0.59609375 0.075 0.18671875
0 0.559375 0.59453125 0.078125 0.1859375
0 0.56015625 0.753125 0.07421875 0.1109375
0 0.48203125 0.7609375 0.07265625 0.1265625
0 0.403125 0.765625 0.071875 0.13515625
0 0.32578125 0.765625 0.0703125 0.13125
0 0.31328125 0.378125 0.07578125 0.17109375
0 0.73046875 0.41328125 0.09765625 0.19296875
0 0.709375 0.60546875 0.0953125 0.18203125
0 0.7015625 0.78671875 0.096875 0.16953125
0 0.15 0.3765625 0.09921875 0.16640625
0 0.1609375 0.55390625 0.10078125 0.1640625
0 0.09609375 0.771875 0.08671875 0.13671875
0 0.046875 0.378125 0.07578125 0.171875
0 0.0171875 0.59765625 0.03125 0.18984375
0 0.77088380625 0.5175925921875 0.759948209375 0.70648148125 0.8609722968750001 0.7018518515625 0.8739908640625 0.5175925921875 0.77088380625 0.5175925921875
0 0.760468953125 0.7074074078125 0.7526578109375001 0.872222221875 0.8474329859375 0.871296296875 0.857847840625 0.70555555625 0.760468953125 0.7074074078125
0 0.9823053500000001 0.515740740625 0.8793619796875 0.5148148140625 0.867221209375 0.703703703125 0.9666830687499999 0.702777778125 0.9823053500000001 0.515740740625
0 0.862534525 0.7046296296875 0.84951595625 0.872222221875 0.9474155874999999 0.875 0.9604341562500001 0.7074074078125 0.862534525 0.7046296296875
0 0.38032676875 0.2768518515625 0.378764540625 0.16388888906250001 0.28561197968749996 0.1620370375 0.28555159531249996 0.1620370375 0.287634565625 0.2768518515625 0.38032676875 0.2768518515625