0 0.53515625 0.2234375 0.1859375 0.21875
0 0.6375 0.4765625 0.1703125 0.2125
0 0.45 0.3921875 0.1765625 0.203125
0 0.56640625 0.8359375 0.1546875 0.184375
0 0.65625 0.87109375 0.1625 0.2046875
0 0.753125 0.7046875 0.1671875 0.2078125
0 0.29375 0.69921875 0.159375 0.1859375
0 0.36953125 0.5484375 0.165625 0.19375
0 0.83828125 0.753125 0.1765625 0.2203125
0 0.928125 0.56796875 0.14375 0.2203125
0 0.7390625 0.90703125 0.159375 0.1859375
0 0.853125 0.528125 0.16875 0.215625
0 0.734375 0.3046875 0.1796875 0.2203125
0 0.5484375 0.63671875 0.1640625 0.1984375
0 0.46171875 0.7921875 0.1546875 0.1828125
0 0.62109375 0.7375 0.096875 0.08125
0 0.5984375 0.11796875 0.1078125 0.09375
0 0.46875 0.63125 0.0875 0.1390625
0 0.94375 0.36640625 0.1 0.08125
0 0.43828125 0.6140625 0.0859375 0.1359375
0 0.80234375 0.9375 0.1109375 0.125
0 0.92109375 0.41171875 0.0984375 0.0796875
0 0.3734375 0.740625 0.08125 0.128125
0 0.97578125 0.45 0.0484375 0.084375
0 0.17890625 0.309375 0.2640625 0.35
0 0.090625 0.5359375 0.18125 0.2375
0 0.40078125 0.75625 0.0875 0.1359375
0 0.23359375 0.13671875 0.1078125 0.075
0 0.27265625 0.34453125 0.1921875 0.2984375
0 0.25 0.09765625 0.1046875 0.06875
0 0.30546875 0.06171875 0.1328125 0.1234375
0 0.9703125 0.6171875 0.059375 0.140625
0 0.1513326421875 0.7146396953124999 0.2506956515625 0.47949016406249995 0.2010443171875 0.45938749999999995 0.10413331562499999 0.6957863921875 0.1513326421875 0.7146396953124999