0 0.9078125 0.4296875 0.184375 0.271875
0 0.87109375 0.6703125 0.25 0.28125
0 0.7984375 0.88359375 0.24375 0.2328125
0 0.61640625 0.84921875 0.2515625 0.28125
0 0.6828125 0.61953125 0.2546875 0.2765625
0 0.5453125 0.35546875 0.1953125 0.2171875
0 0.49140625 0.5359375 0.190625 0.215625
0 0.4359375 0.71640625 0.1875 0.2125
0 0.26171875 0.05546875 0.2546875 0.1109375
0 0.23984375 0.11875 0.2546875 0.1515625
0 0.21171875 0.203125 0.2609375 0.153125
0 0.18671875 0.290625 0.2578125 0.1515625
0 0.159375 0.37734375 0.2546875 0.14375
0 0.13359375 0.4546875 0.253125 0.1484375
0 0.115625 0.53828125 0.23125 0.1484375
0 0.10390625 0.61953125 0.2078125 0.1421875
0 0.090625 0.70078125 0.18125 0.1359375
0 0.07890625 0.78359375 0.1578125 0.1328125