0 0.4546875 0.5921875 0.12265625 0.584375
0 0.3296875 0.4484375 0.121875 0.13359375
0 0.334375 0.58828125 0.11640625 0.12421875
0 0.3359375 0.71796875 0.115625 0.11640625
0 0.3390625 0.8390625 0.11328125 0.10703125
0 0.203125 0.18046875 0.13125 0.13203125
0 0.20859375 0.328125 0.11796875 0.12578125
0 0.21015625 0.46640625 0.1171875 0.1265625
0 0.21484375 0.5953125 0.11796875 0.11640625
0 0.221875 0.71875 0.11328125 0.11328125
0 0.22578125 0.83828125 0.10859375 0.103125
0 0.1109375 0.8359375 0.10546875 0.10546875
0 0.10234375 0.71796875 0.10625 0.11484375
0 0.09375 0.59375 0.1109375 0.1203125
0 0.08671875 0.46015625 0.11640625 0.1296875
0 0.08203125 0.321875 0.11640625 0.13203125
0 0.0765625 0.17890625 0.11953125 0.1359375
0 0.9109635968750001 0.5120370375000001 0.8449869796874999 0.5101851859375001 0.8302484765625 0.6944444437499999 0.895862059375 0.7018518515625 0.9109635968750001 0.5120370375000001
0 0.892216859375 0.702777778125 0.8288411453125001 0.703703703125 0.8151469375 0.871296296875 0.8812812624999999 0.8796296296874999 0.892216859375 0.702777778125
0 1 0.39784814062499996 0.9246744796874999 0.3916666671875 0.916171025 0.51851851875 1 0.522131978125 1 0.39784814062499996
0 1 0.5267851359375 0.9142578125 0.5231481484375 0.90315245625 0.64444444375 1 0.6480507984375 1 0.5267851359375
0 1 0.6490293703125001 0.9038411453125 0.646296296875 0.895862059375 0.7546296296875 1 0.7582603421874999 1 0.6490293703125001
0 0.8918619796874999 0.7601851859375001 0.8849264609375 0.86944444375 0.9849090640625 0.8703703703125001 0.9953239171874999 0.765740740625 0.8918619796874999 0.7601851859375001