0 0.3296875 0.28984375 0.16875 0.2234375
0 0.478125 0.2796875 0.165625 0.215625
0 0.496875 0.471875 0.1640625 0.2171875
0 0.521875 0.66953125 0.159375 0.1984375
0 0.5390625 0.86015625 0.159375 0.2015625
0 0.3921875 0.8828125 0.1671875 0.20625
0 0.37265625 0.68671875 0.175 0.2171875
0 0.3515625 0.4875 0.1703125 0.21875
0 0.1984375 0.50234375 0.1765625 0.2171875
0 0.1734375 0.29765625 0.175 0.2296875
0 0.2203125 0.71015625 0.16875 0.215625
0 0.2421875 0.90078125 0.171875 0.1984375
0 0.10546875 0.90859375 0.1453125 0.1828125
0 0.08359375 0.7265625 0.1453125 0.2140625
0 0.0671875 0.52265625 0.134375 0.2328125
0 0.05390625 0.30703125 0.1078125 0.2203125
0 0.7015625 0.24375 0.1640625 0.2078125
0 0.721875 0.44453125 0.1640625 0.2078125
0 0.74609375 0.6390625 0.1640625 0.2078125
0 0.7640625 0.8296875 0.165625 0.2109375
0 0.90234375 0.8109375 0.1578125 0.1984375
0 0.8875 0.61953125 0.159375 0.203125
0 0.86640625 0.425 0.1609375 0.2109375
0 0.84375 0.23125 0.1578125 0.2125
0 0.94375 0.22578125 0.078125 0.1953125
0 0.9828125 0.79921875 0.034375 0.2015625
0 0.975 0.60859375 0.05 0.1984375
0 0.96328125 0.41171875 0.0734375 0.1921875