0 0.590933396875 0.3154296875 0.5903839468750001 0.2548828125 0.584339990625 0.24560546875 0.4802191109375 0.24365234375 0.47444988125 0.2470703125 0.47335097968750006 0.2568359375 0.47142790312500005 0.3134765625 0.47225207812500003 0.31640625 0.5865377921875 0.31982421875 0.590933396875 0.3154296875
0 0.5920323828125 0.4013671875 0.5923071078125 0.32421875 0.59093348125 0.322265625 0.47170271250000007 0.31884765625 0.468680734375 0.322265625 0.4673071078125 0.3955078125 0.4684060078125 0.3994140625 0.56538403125 0.40283203125 0.5920323828125 0.4013671875
0 0.5920320484375 0.48779296875 0.5953287515625 0.486328125 0.5950540265625001 0.41943359375 0.59422985 0.4091796875 0.5920320484375 0.40673828125 0.47609798124999997 0.40869140625 0.47252655312499997 0.40966796875 0.47142765156250005 0.41552734375 0.4703287515625 0.48046875 0.47197710312499996 0.4833984375 0.49120787187500004 0.48583984375 0.5920320484375 0.48779296875
0 0.5906585046874999 0.56787109375 0.5942299328125 0.56298828125 0.595603559375 0.54296875 0.595603559375 0.49169921875 0.5868123515625 0.48388671875 0.47115301093750006 0.48828125 0.46977938437500005 0.490234375 0.46922993281250003 0.50244140625 0.46785630781250004 0.55810546875 0.46785630781250004 0.5634765625 0.46922993281250003 0.5654296875 0.5906585046874999 0.56787109375
0 0.5931309484375 0.6591796875 0.6010979812499999 0.654296875 0.60082325625 0.57763671875 0.59972435625 0.57568359375 0.4769221578125 0.5693359375 0.47197710312499996 0.5693359375 0.4697793 0.57177734375 0.466482596875 0.64892578125 0.466482596875 0.65771484375 0.4678562234375 0.66015625 0.5931309484375 0.6591796875
0 0.613460703125 0.74365234375 0.614010153125 0.73779296875 0.6123618015625001 0.6650390625 0.61071345 0.6611328125 0.48324092187499995 0.65673828125 0.48131784531250005 0.65771484375 0.48076839531250004 0.66064453125 0.47939476875000003 0.71142578125 0.47857059218750003 0.7451171875 0.48021894375 0.74658203125 0.6098892734375 0.74609375 0.613460703125 0.74365234375
0 0.60851573125 0.85595703125 0.6167574890624999 0.84765625 0.6134607859375001 0.75244140625 0.4813179296875 0.75537109375 0.48021902812499995 0.75732421875 0.47966957812500005 0.79736328125 0.4793948515625 0.85009765625 0.48104320312500004 0.85205078125 0.605219028125 0.85693359375 0.60851573125 0.85595703125
0 0.46977955156249995 0.3115234375 0.46977955156249995 0.25 0.4692301 0.2451171875 0.4673070234375 0.24267578125 0.346153178125 0.23828125 0.34450482656250003 0.24072265625 0.34368065 0.2646484375 0.34285647343750003 0.3125 0.465658671875 0.31591796875 0.4692301 0.31396484375 0.46977955156249995 0.3115234375
0 0.46263686093749995 0.39697265625 0.46593356406249997 0.39501953125 0.46455993749999996 0.3251953125 0.46291158593750004 0.32080078125 0.342032465625 0.3173828125 0.3376368609375 0.31982421875 0.335988509375 0.3876953125 0.335988509375 0.39111328125 0.3376368609375 0.3935546875 0.46263686093749995 0.39697265625
0 0.46071370156249997 0.48291015625 0.46373567812500005 0.4794921875 0.46538403125 0.40966796875 0.4640104046875 0.40234375 0.337911503125 0.3984375 0.3359884265625 0.40283203125 0.33434007499999996 0.4755859375 0.33434007499999996 0.48046875 0.3357137015625 0.482421875 0.46071370156249997 0.48291015625
0 0.46098842656250005 0.56640625 0.46346095312499996 0.56396484375 0.463186228125 0.4931640625 0.46291150312499996 0.48828125 0.4612631515625 0.4853515625 0.3337906234375 0.48193359375 0.33241699687500004 0.48486328125 0.331867546875 0.50341796875 0.3307686453125 0.56396484375 0.33269172343750003 0.56640625 0.45329611875 0.56689453125 0.46098842656250005 0.56640625
0 0.4640104046875 0.6591796875 0.46538403125 0.57666015625 0.46373567812500005 0.57275390625 0.33131809687499997 0.57275390625 0.32939501875 0.576171875 0.32884556875 0.5986328125 0.32857084375 0.65771484375 0.3302191953125 0.662109375 0.46291150312499996 0.6611328125 0.4640104046875 0.6591796875
0 0.4656585890625 0.67724609375 0.4645596875 0.66748046875 0.46126298437499996 0.6650390625 0.392306940625 0.6630859375 0.330768478125 0.6669921875 0.3291201265625 0.67041015625 0.32719705 0.724609375 0.327471775 0.75634765625 0.435988259375 0.755859375 0.46758166562500003 0.75341796875 0.4656585890625 0.67724609375
0 0.477746584375 0.85498046875 0.48076856250000005 0.8505859375 0.478570759375 0.76416015625 0.477746584375 0.75732421875 0.4763729578125 0.755859375 0.33571361718750004 0.755859375 0.3326916390625 0.76025390625 0.33159273749999996 0.78271484375 0.3293949359375 0.84716796875 0.3302191109375 0.85595703125 0.44999933125 0.85693359375 0.477746584375 0.85498046875
0 0.3239002625 0.19921875 0.325823340625 0.1943359375 0.325823340625 0.1396484375 0.3244497140625 0.125 0.3217024609375 0.123046875 0.2002738890625 0.12109375 0.1978013625 0.123046875 0.194504659375 0.13427734375 0.19230685625 0.1708984375 0.19175740624999998 0.19873046875 0.194779384375 0.20166015625 0.319504659375 0.2021484375 0.3239002625 0.19921875
0 0.3131863125 0.283203125 0.317032465625 0.28173828125 0.3189555421875 0.27587890625 0.31923026718749997 0.20947265625 0.3178566421875 0.20703125 0.19560389375 0.203125 0.1909335640625 0.20361328125 0.1895599375 0.2060546875 0.185439059375 0.275390625 0.185439059375 0.27880859375 0.1870874109375 0.28076171875 0.3131863125 0.283203125
0 0.31401040468749997 0.36328125 0.3178565578125 0.29248046875 0.3151093046875 0.2880859375 0.2997246890625 0.28759765625 0.187362053125 0.28857421875 0.1835158984375 0.29150390625 0.1804939203125 0.33154296875 0.17857084375 0.36279296875 0.181592821875 0.36572265625 0.3115378765625 0.3681640625 0.31401040468749997 0.36328125
0 0.296977353125 0.46142578125 0.3082410890625 0.4599609375 0.309614715625 0.3984375 0.309339990625 0.38037109375 0.3076916390625 0.3779296875 0.228296034375 0.3759765625 0.1763729578125 0.37646484375 0.17417515625 0.37841796875 0.17087845156249998 0.447265625 0.17087845156249998 0.45703125 0.171977353125 0.45849609375 0.296977353125 0.46142578125
0 0.297252496875 0.55517578125 0.2999997484375 0.55126953125 0.3021975515625 0.5263671875 0.30302172656250004 0.4658203125 0.30054919999999996 0.46337890625 0.2675821671875 0.462890625 0.16675799062500002 0.4638671875 0.1642854640625 0.4697265625 0.16181293593749999 0.51171875 0.160164584375 0.5498046875 0.1634612875 0.5537109375 0.1956041453125 0.55615234375 0.297252496875 0.55517578125
0 0.300274390625 0.623046875 0.30082384218749997 0.55908203125 0.29945021562499996 0.55615234375 0.2489007640625 0.55615234375 0.16071395156249998 0.5595703125 0.1582414234375 0.5634765625 0.15384581875 0.6142578125 0.1516480171875 0.64697265625 0.15274691875 0.65185546875 0.2980765890625 0.65283203125 0.300274390625 0.623046875
0 0.290109471875 0.7509765625 0.2914830984375 0.748046875 0.292582 0.65771484375 0.290384196875 0.65478515625 0.2505490328125 0.65283203125 0.16373584531250002 0.65478515625 0.1472523296875 0.65771484375 0.1445050765625 0.6689453125 0.14120837343749998 0.708984375 0.13901057187500002 0.744140625 0.139285296875 0.74951171875 0.1409336484375 0.75048828125 0.290109471875 0.7509765625
0 0.28076881249999996 0.8564453125 0.2813182640625 0.853515625 0.2821424390625 0.755859375 0.2804940875 0.75244140625 0.13241716406249998 0.75244140625 0.1307688125 0.75390625 0.12966991249999998 0.76025390625 0.12280177968749999 0.84228515625 0.12335123125 0.85791015625 0.1348896921875 0.85986328125 0.277472109375 0.859375 0.28076881249999996 0.8564453125
0 0.1741755734375 0.27294921875 0.179395353125 0.224609375 0.17994480468750002 0.19482421875 0.179395353125 0.19189453125 0.175823925 0.19091796875 0.0458788703125 0.189453125 0.04395579375 0.193359375 0.041757990625000005 0.208984375 0.036538210937499996 0.2705078125 0.0373623859375 0.27294921875 0.1717030453125 0.275390625 0.1741755734375 0.27294921875
0 0.16813170156249999 0.36083984375 0.1692306015625 0.3525390625 0.17362620625 0.27978515625 0.1714284046875 0.27734375 0.164010821875 0.27685546875 0.0340657671875 0.2763671875 0.032142690625 0.279296875 0.030494339062499997 0.28955078125 0.025274557812499997 0.3486328125 0.0249998328125 0.35986328125 0.026373459375 0.361328125 0.1662086234375 0.36279296875 0.16813170156249999 0.36083984375
0 0.160439309375 0.451171875 0.1637360125 0.44287109375 0.1684063421875 0.3740234375 0.1656590890625 0.36572265625 0.160439309375 0.36376953125 0.0249997484375 0.36474609375 0.022801946875 0.3681640625 0.0208788703125 0.376953125 0.0153843640625 0.43994140625 0.0153843640625 0.44921875 0.0173074421875 0.451171875 0.15769205625 0.453125 0.160439309375 0.451171875
0 0.147252496875 0.5458984375 0.14862612343749998 0.53564453125 0.1519228265625 0.45556640625 0.0109887609375 0.45361328125 0.0082415078125 0.46240234375 0.0019228265625 0.52294921875 0.0016481015625 0.54296875 0.006318431250000001 0.54736328125 0.1458788703125 0.54736328125 0.147252496875 0.5458984375