0 0.61953125 0.771875 0.08828125 0.0578125
0 0.69375 0.515625 0.0828125 0.05234375
0 0.5296875 0.71875 0.084375 0.0546875
0 0.440625 0.678125 0.08515625 0.05
0 0.11640625 0.72578125 0.0875 0.05625
0 0.61796875 0.71875 0.08515625 0.0515625
0 0.6984375 0.61953125 0.08515625 0.0515625
0 0.440625 0.728125 0.08515625 0.05234375
0 0.70859375 0.7828125 0.08828125 0.05703125
0 0.696875 0.56875 0.084375 0.05234375
0 0.70546875 0.72578125 0.08828125 0.05703125
0 0.21328125 0.67265625 0.09140625 0.05234375
0 0.615625 0.66484375 0.08203125 0.0484375
0 0.440625 0.78125 0.0859375 0.053125
0 0.60859375 0.55546875 0.0859375 0.05234375
0 0.52890625 0.6625 0.084375 0.05234375
0 0.2171875 0.61875 0.09140625 0.05546875
0 0.7015625 0.67109375 0.08515625 0.05078125
0 0.44140625 0.62265625 0.08515625 0.05390625
0 0.52890625 0.77578125 0.08671875 0.053125
0 0.6140625 0.6109375 0.0828125 0.053125
0 0.11875 0.66953125 0.0859375 0.05390625
0 0.12421875 0.61328125 0.08359375 0.05390625
0 0.21171875 0.72734375 0.09140625 0.05390625
0 0.4359375 0.84453125 0.07890625 0.05703125
0 0.67265625 0.32109375 0.08046875 0.05078125
0 0.52265625 0.51328125 0.0796875 0.0484375
0 0.1359375 0.50390625 0.08125 0.05390625
0 0.71171875 0.8421875 0.08515625 0.05703125
0 0.440625 0.57421875 0.0828125 0.04765625
0 0.22109375 0.5625 0.090625 0.05625
0 0.521875 0.4671875 0.0828125 0.04765625
0 0.31484375 0.46484375 0.084375 0.05546875
0 0.52265625 0.61484375 0.0796875 0.04921875
0 0.440625 0.52109375 0.08515625 0.0515625
0 0.60859375 0.50546875 0.07890625 0.04453125
0 0.62109375 0.83359375 0.0859375 0.0546875
0 0.3125 0.51875 0.08515625 0.05234375
0 0.68046875 0.41484375 0.08828125 0.04375
0 0.5234375 0.565625 0.08046875 0.0453125
0 0.5921875 0.37421875 0.06953125 0.046875
0 0.60390625 0.459375 0.07890625 0.046875
0 0.2265625 0.45078125 0.0890625 0.0515625
0 0.22578125 0.503125 0.08671875 0.05546875
0 0.20859375 0.784375 0.0921875 0.053125
0 0.6734375 0.3703125 0.08515625 0.0453125
0 0.515625 0.41640625 0.084375 0.05
0 0.50625 0.328125 0.08359375 0.046875
0 0.84296875 0.63515625 0.08046875 0.05078125
0 0.3 0.7921875 0.08359375 0.05546875
0 0.6875 0.4640625 0.0859375 0.05
0 0.846875 0.68828125 0.0890625 0.0546875
0 0.43671875 0.428125 0.0765625 0.0453125
0 0.8625 0.840625 0.0796875 0.0375
0 0.4390625 0.47265625 0.08046875 0.04921875
0 0.13203125 0.5578125 0.0796875 0.0453125
0 0.290625 0.85390625 0.08515625 0.0609375
0 0.834375 0.5859375 0.07890625 0.04921875
0 0.51015625 0.3703125 0.0828125 0.04453125
0 0.303125 0.73515625 0.08125 0.05625
0 0.88671875 0.32421875 0.0671875 0.05234375
0 0.59609375 0.415625 0.0734375 0.0421875
0 0.9484375 0.71484375 0.10078125 0.05703125
0 0.203125 0.84765625 0.09296875 0.05703125
0 0.82890625 0.53671875 0.078125 0.05
0 0.30234375 0.67890625 0.08515625 0.05390625
0 0.31015625 0.57421875 0.08671875 0.05390625
0 0.95234375 0.7703125 0.09453125 0.05703125
0 0.03515625 0.76015625 0.0703125 0.05078125
0 0.11875 0.7828125 0.0828125 0.05234375
0 0.11015625 0.8421875 0.09296875 0.053125
0 0.8921875 0.41328125 0.0671875 0.04453125
0 0.8140625 0.40625 0.0796875 0.0515625
0 0.95078125 0.82890625 0.09140625 0.05390625
0 0.30703125 0.628125 0.0890625 0.05078125
0 0.9390625 0.6609375 0.09609375 0.05078125
0 0.86015625 0.76796875 0.07578125 0.034375
0 0.925 0.6078125 0.08671875 0.05546875
0 0.91484375 0.55390625 0.0875 0.05390625
0 0.98203125 0.5515625 0.03515625 0.05703125
0 0.81953125 0.453125 0.0734375 0.03828125
0 0.909375 0.49921875 0.08671875 0.053125
0 0.82265625 0.49140625 0.0734375 0.04296875
0 0.8859375 0.3703125 0.06953125 0.040625
0 0.859375 0.7328125 0.071875 0.0328125
0 0.86328125 0.8015625 0.071875 0.03671875
0 0.9015625 0.45546875 0.07421875 0.04296875
0 0.528125 0.83984375 0.10546875 0.05703125
0 0.98671875 0.6078125 0.0265625 0.0515625
0 0.36328125 0.6171875 0.03515625 0.1515625
0 0.97734375 0.496875 0.04453125 0.05546875
0 0.95703125 0.41015625 0.0640625 0.0359375
0 0.359375 0.784375 0.04140625 0.17890625
0 0.98984375 0.65859375 0.01796875 0.0515625
0 0.04375 0.86796875 0.03203125 0.159375
0 0.96015625 0.44140625 0.06328125 0.03984375