0 0.33671875 0.14375 0.0765625 0.0859375
0 0.3359375 0.2328125 0.0796875 0.08359375
0 0.33359375 0.321875 0.08203125 0.08515625
0 0.3328125 0.409375 0.084375 0.08515625
0 0.33203125 0.50390625 0.0828125 0.0890625
0 0.3296875 0.6078125 0.08671875 0.090625
0 0.3265625 0.7078125 0.08671875 0.10078125
0 0.3265625 0.815625 0.0859375 0.09765625
0 0.41953125 0.1609375 0.07890625 0.08125
0 0.4203125 0.24296875 0.07578125 0.0765625
0 0.4203125 0.334375 0.07890625 0.08046875
0 0.421875 0.42421875 0.08203125 0.07578125
0 0.42109375 0.5140625 0.08046875 0.084375
0 0.42109375 0.61328125 0.07734375 0.0875
0 0.42109375 0.71015625 0.08203125 0.1
0 0.4203125 0.81484375 0.08671875 0.0953125
0 0.5 0.15859375 0.07109375 0.07109375
0 0.5015625 0.2390625 0.07265625 0.071875
0 0.50078125 0.328125 0.071875 0.07890625
0 0.5046875 0.415625 0.07734375 0.0828125
0 0.509375 0.5140625 0.078125 0.084375
0 0.5078125 0.60859375 0.08515625 0.0921875
0 0.5140625 0.7171875 0.08515625 0.109375
0 0.5171875 0.81796875 0.0875 0.08203125
0 0.6328125 0.140625 0.075 0.07109375
0 0.6046875 0.22734375 0.075 0.0859375
0 0.60859375 0.325 0.07421875 0.08984375
0 0.60859375 0.4140625 0.07265625 0.0796875
0 0.615625 0.50625 0.0765625 0.0875
0 0.6171875 0.6078125 0.07734375 0.09609375
0 0.625 0.7125 0.07578125 0.08515625
0 0.63046875 0.8125 0.0796875 0.084375
0 0.6828125 0.2265625 0.0671875 0.09453125
0 0.69375 0.321875 0.07421875 0.08125
0 0.6984375 0.40859375 0.07421875 0.078125
0 0.70625 0.49921875 0.0765625 0.0828125
0 0.715625 0.60390625 0.08515625 0.0875
0 0.725 0.7046875 0.07890625 0.09765625
0 0.72578125 0.8125 0.0828125 0.09453125
0 0.76953125 0.2234375 0.08046875 0.08984375
0 0.78359375 0.31796875 0.07109375 0.0859375
0 0.79296875 0.4140625 0.0703125 0.0796875
0 0.79921875 0.50390625 0.075 0.07890625
0 0.80703125 0.60234375 0.078125 0.08046875
0 0.8125 0.70234375 0.07890625 0.08984375
0 0.8234375 0.81171875 0.08046875 0.09296875