0 1 0.6439964890625001 0.991966409375 0.6227035265625 0.9691520609375001 0.5766904546875 0.96541189375 0.5735040171875 0.87955486875 0.6088872624999999 0.8459876265625 0.624727059375 0.8397986546875 0.63053681875 0.8407570765625 0.6349040375 0.87579075 0.7139226703125 0.877565440625 0.71529115625 0.9936535578125 0.6723800671875 1 0.6690444734375001 1 0.6439964890625001
0 0.3442105984375 0.72367215 0.3671656109375 0.7165805734374999 0.46636348906249997 0.6760649187500001 0.473058234375 0.6700404718749999 0.47138978593749997 0.6590788 0.4617748875 0.63080266875 0.4446616953125 0.5876740953125 0.44174228437499996 0.5836088171875 0.434847775 0.5849440140625 0.3120649140625 0.63387955 0.3096647421875 0.6359592609375 0.3089195515625 0.64264096875 0.31796209062499997 0.6695687046875001 0.33761760937499996 0.7179835171875 0.33964967343749997 0.721364553125 0.3442105984375 0.72367215
0 0.3430257625 0.7321318234375 0.34570575468750003 0.7426641218750001 0.366532925 0.8064950812499999 0.372256525 0.8199790390624999 0.377065846875 0.8200594000000001 0.5085665406250001 0.7642406671875001 0.5085575625 0.7600008828125 0.49511795156250005 0.7184956625 0.477938171875 0.6738040046875 0.3435891453125 0.7292404359375 0.3430257625 0.7321318234375
0 0.5474285671875 0.8586086406250001 0.5462748687500001 0.851672065625 0.5322007984375 0.8093752593750001 0.5167380984375 0.7687287875 0.512554259375 0.765200228125 0.382260384375 0.82315894375 0.38024178750000004 0.8261375859375001 0.380698925 0.8328393843749999 0.394324834375 0.872674178125 0.408700425 0.9079471546875 0.4125071796875 0.9126966765625 0.416052071875 0.91331375625 0.5428855984375 0.8647806125 0.5474285671875 0.8586086406250001
0 0.85325924375 0.1601494609375 0.854452596875 0.1559297671875 0.849873715625 0.1451426015625 0.8253512671875001 0.0993241265625 0.821668709375 0.09346098750000001 0.8195790328125 0.0927566546875 0.785239665625 0.10255880625 0.72542989375 0.12688565000000002 0.713925828125 0.132829734375 0.7123509015625 0.1361504984375 0.7129277515625 0.1396187859375 0.7231194999999999 0.1713632046875 0.7319577875000001 0.191481796875 0.7405918203125 0.2047912484375 0.85325924375 0.1601494609375
0 0.7489415453125 0.20336879843750003 0.745844815625 0.20521373125000003 0.7458537921875 0.2094535171875 0.7697021281249999 0.2656366734375 0.7775775046875 0.27926815625 0.8360031343750001 0.25871154218750003 0.8922635250000001 0.23164772656250002 0.876117734375 0.1971261546875 0.8558591796874999 0.16275900000000001 0.8540223906250001 0.161947321875 0.7489415453125 0.20336879843750003
0 0.80985113125 0.33983172968750003 0.81454523125 0.3452654953125 0.8502732265624999 0.33381300625 0.9276563281250001 0.300965828125 0.8937853312499999 0.23312355624999997 0.8902980484375 0.22982977500000001 0.7802971484375 0.278644184375 0.7848139296875 0.289988159375 0.80985113125 0.33983172968750003
0 0.968253490625 0.3776229 0.9691939578125 0.3735105484375 0.941556821875 0.3210574390625 0.92949760625 0.3038973984375 0.9263297984375001 0.30205935625 0.9070438781249999 0.3086543953125 0.8284008359374999 0.344158184375 0.8226510484375 0.348190171875 0.8203219531249999 0.353952859375 0.8291647296875 0.37619134375 0.8474091734375 0.415657034375 0.8514112046875001 0.4229759125 0.854135340625 0.4244718328125 0.968253490625 0.3776229
0 1 0.42004796562499996 0.9832096734375 0.3882487578125 0.976230621875 0.379541303125 0.94353725625 0.3897056671875 0.8942244968749999 0.41063769062500005 0.8622411578125 0.427396509375 0.8772025734375 0.470377559375 0.8916223078125001 0.496614159375 0.899612903125 0.504892240625 1 0.4642857921875 1 0.42004796562499996
0 1 0.46567641406250004 0.92951554375 0.4916688734375 0.9192759078125 0.4970762390625 0.9168226140625 0.50395254375 0.9498818312499999 0.576913440625 0.951847309375 0.5787313921874999 1 0.55612775625 1 0.46567641406250004
0 0.8956422937499999 0.5124126078125 0.884763709375 0.5149084953124999 0.827611484375 0.539168175 0.7832988328125 0.5606300265625 0.77976291875 0.5642527296875001 0.81448160625 0.6439355156250001 0.816256296875 0.6453040015625 0.9359955484375 0.59341680625 0.938009659375 0.588318271875 0.9118277406249999 0.5357779093749999 0.9010950531249999 0.517524340625 0.8956422937499999 0.5124126078125
0 0.7401152 0.48772309375 0.7706365796875 0.55751764375 0.7724778578125 0.5604492125 0.7764043234375 0.5619652234375 0.8974035171875 0.5074214171875 0.8749484687500001 0.4607253828125 0.857689209375 0.429328696875 0.740603015625 0.4790288375 0.7387131046875 0.483013753125 0.7401152 0.48772309375
0 0.8200780453125001 0.35829998750000003 0.81678155 0.35545567031249997 0.7090431578125 0.39694430937499997 0.70139896875 0.402841321875 0.7037594859375 0.41191788125000006 0.7290675265625 0.470133678125 0.7344626765625 0.47792211093750003 0.8369480734374999 0.4360109890625 0.8509188999999999 0.4295502765625 0.85356746875 0.425243328125 0.83125889375 0.3790155703125 0.8200780453125001 0.35829998750000003
0 0.8099977734375001 0.3493175734375 0.8096072218750001 0.34417885937500003 0.8020378546875 0.3256434390625 0.785195503125 0.290887090625 0.7785269484375 0.27939559062499997 0.7746004828124999 0.2778795796875 0.675145228125 0.316382684375 0.6611744015625 0.3228433984375 0.6603581328125 0.3258421296875 0.6758118546875 0.3622488171875 0.69246790625 0.3986755921875 0.694051809375 0.3995946140625 0.8062089718750001 0.353047621875 0.8099977734375001 0.3493175734375
0 0.6336876515625 0.2517607234375 0.6301562265625 0.2575033203125 0.6335327765625001 0.26827039531249997 0.6529264296874999 0.3125527703125 0.660038659375 0.324386390625 0.749063490625 0.2908411875 0.7768143578125 0.2774702953125 0.752087653125 0.224842678125 0.7454235875 0.2154710703125 0.738262725 0.2105539359375 0.6336876515625 0.2517607234375
0 0.66875 0.1953125 0.14375 0.1234375
0 0.4616691046875 0.208609846875 0.578187428125 0.1596812015625 0.578941596875 0.157239278125 0.5455718828125 0.08706242656249999 0.435122821875 0.133414821875 0.42975460625000006 0.138345740625 0.432567775 0.15200420625 0.4374661296875 0.1642471109375 0.4616691046875 0.208609846875
0 0.461039134375 0.2099381515625 0.490100809375 0.2777000625 0.49238127187499997 0.27885386093750003 0.60523948125 0.23466153906249998 0.6106121859375 0.23185051093750003 0.6109226828125001 0.2290664671875 0.5934989953125 0.1887219375 0.581359725 0.16363913593749999 0.5787597875 0.16102959687500001 0.461039134375 0.2099381515625
0 0.6163754421875 0.23417819999999998 0.6140949796874999 0.2330244 0.5085038734375 0.272540671875 0.493583603125 0.2788739515625 0.4928294328125 0.281315875 0.510319709375 0.3232234875 0.5237323875000001 0.3520093546875 0.5276012421875 0.3562020671875 0.638498465625 0.312311684375 0.6495588578125 0.306025478125 0.6194235406249999 0.2392497515625 0.6163754421875 0.23417819999999998
0 0.6524206593749999 0.31276745625 0.5950731578124999 0.3344577796875 0.53229534375 0.3616358296875 0.53040094375 0.3635008546875 0.531297265625 0.36842488125 0.549107015625 0.411788234375 0.5608026140625 0.43652891406250005 0.562958878125 0.43879633125 0.6877603390625 0.386882153125 0.6591513140624999 0.3237021484375 0.654448234375 0.3140286 0.6524206593749999 0.31276745625
0 0.5620184125 0.44290868124999994 0.592859265625 0.5141589703125 0.5979394296875 0.52261155625 0.6022429796875 0.5229066046875 0.6671725703125 0.49587607968749997 0.7258376203125 0.4688524453125 0.700028296875 0.412971228125 0.68693958125 0.3877609921875 0.6113887828125 0.4192999546875 0.5620184125 0.44290868124999994
0 0.639446384375 0.61055233125 0.7696871359374999 0.5573902093750001 0.771324159375 0.5535126375 0.73032746875 0.4674770671875 0.6169724640625 0.5161238609375001 0.6035074093749999 0.5223698875 0.60237615625 0.526032771875 0.620696165625 0.5713013296875 0.639446384375 0.61055233125
0 0.6553175890625 0.6648170859375 0.67318495 0.7055037359375 0.807090303125 0.649725184375 0.809867559375 0.6464245109375 0.7737026328125001 0.5710687640625001 0.7679214234375 0.5602615078125 0.7649444015625 0.55887293125 0.6364783390625 0.6134035390625 0.6360391562500001 0.615181309375 0.6553175890625 0.6648170859375
0 0.6697687453125 0.7058929296875001 0.7101534218750001 0.801736375 0.8414057187499999 0.748144878125 0.8485441359375001 0.742462553125 0.8081063359374999 0.6514157015625 0.8032259375 0.6476523656250001 0.6697687453125 0.7058929296875001
0 0.6695158578125 0.706000275 0.6679319546875 0.705081253125 0.5336450265625 0.759960875 0.5296699281249999 0.7653613499999999 0.5305041515625 0.7708421859375 0.5491481265625 0.8196863750000001 0.5635192265625 0.8528394609375001 0.568089128125 0.8593868421874999 0.704084159375 0.8043126234375 0.709075290625 0.8006026671875001 0.673646578125 0.7143254265625 0.6695158578125 0.706000275
0 0.49340699218750006 0.6736032734374999 0.5159287984375001 0.7308799578125 0.5289022937500001 0.761443596875 0.5311206562499999 0.763154203125 0.667301984375 0.706409559375 0.669067696875 0.7035382609374999 0.6346639953125 0.623191321875 0.6297170078125001 0.617864903125 0.4972578921875 0.6693164171875 0.49340699218750006 0.6736032734374999
0 0.59572555625 0.523020840625 0.5930014203125 0.5215249203125001 0.46409168593750005 0.57571340625 0.46214416406250003 0.5823750249999999 0.46672753437500003 0.5952820828125 0.483840725 0.6384106578125001 0.49668104375000005 0.665848128125 0.4991522921875 0.6674513921874999 0.6333105328124999 0.6115654968750001 0.6336210296875 0.6087814515625001 0.5992839140624999 0.529997596875 0.59572555625 0.523020840625
0 0.4394360609375 0.526768765625 0.460103121875 0.5747542046875 0.463461715625 0.5770417125 0.59426585 0.5209882015625 0.594066084375 0.516298953125 0.559857659375 0.438521371875 0.5569427359375 0.4365759859375 0.43087684687500005 0.48902688281250006 0.4282327671875 0.495453721875 0.4394360609375 0.526768765625
0 0.397493665625 0.4124903546875 0.4289779578125 0.48877201406250004 0.4314492078125 0.490375278125 0.558522153125 0.43537511562500003 0.5588947484375 0.4320342609375 0.541533159375 0.39113292187500004 0.523164515625 0.3527808515625 0.402032146875 0.40419849062499996 0.39855833125 0.4072643859375 0.397493665625 0.4124903546875
0 0.48686192500000003 0.27217904531250003 0.3673089703125 0.3223958140625 0.3654145703125 0.3242608375 0.364793578125 0.32982892812500003 0.374151103125 0.356092509375 0.39468947656250003 0.40307167499999996 0.39652626562500004 0.4038833515625 0.521074840625 0.3520765171875 0.52233478125 0.34941990624999997 0.4918755 0.2790685484375 0.4888895015625 0.2734401875 0.48686192500000003 0.27217904531250003
0 0.3333713859375 0.2529904578125 0.36008152187500003 0.3159155953125 0.365290371875 0.32537445625 0.48787346875 0.2717496703125 0.4576670734375 0.2012909671875 0.4547476625 0.197225690625 0.428314346875 0.2052632703125 0.34328256874999996 0.24188756718749999 0.3342452640625 0.24731502500000002 0.3333713859375 0.2529904578125
0 0.1765147640625 0.2877451796875 0.16028891875 0.24530084843750002 0.1559763890625 0.240766015625 0.0390720046875 0.2866758359375 0.0380694390625 0.2913449953125 0.0398575953125 0.299073159375 0.0489667234375 0.32756397656249997 0.058581623437499994 0.35584010781250003 0.061061851562500005 0.36168315624999997 0.0633423125 0.3628369546875 0.1841641859375 0.314203359375 0.1843459953125 0.31041304062499997 0.1765147640625 0.2877451796875
0 0.1872743828125 0.31871810156249997 0.18334791718750001 0.31720209062500004 0.15881349218750002 0.32549453906250003 0.0658756609375 0.36388340937499997 0.0644915234375 0.3676536375 0.0652591578125 0.371571390625 0.07876086875 0.41251980312500003 0.08798521718749999 0.43565721875 0.0933713890625 0.4392058671875 0.2115357140625 0.3906394359375 0.21266696875000002 0.38697655000000003 0.2073780625 0.36959492968749996 0.1872743828125 0.31871810156249997
0 0.2456730640625 0.46473404062499996 0.216229815625 0.3960731984375 0.21166889218749999 0.3937656015625 0.095909225 0.442372215625 0.0939527265625 0.4447940484375 0.094343278125 0.4499327625 0.10422004062500001 0.48234133437500004 0.11446940000000001 0.5114090515624999 0.1171404140625 0.517701565625 0.11986454843750001 0.5191974859374999 0.242332425 0.47092610312499994 0.24530046875 0.46807489375 0.2456730640625 0.46473404062499996
0 0.250771184375 0.4816661953125 0.244169215625 0.47173777968749997 0.24113009531250001 0.47090601093749995 0.12100926875 0.5218942765625 0.117979128125 0.52530229375 0.11798810468750001 0.529542078125 0.1277316921875 0.5588244828125 0.145040159375 0.604522415625 0.1482079671875 0.6063604578125 0.27421175625 0.5544663703125 0.27540960000000003 0.5523665671875 0.2732398671875 0.543739475 0.250771184375 0.4816661953125
0 0.14702359062499998 0.6148199359375 0.149446209375 0.623339684375 0.168613909375 0.6804487546875 0.17414672343749998 0.693483246875 0.18041126093749998 0.6934763562499999 0.3059713796875 0.641240146875 0.3062773875 0.636336209375 0.2754851640625 0.5581694359375 0.27269893125 0.5572303234375 0.1475203859375 0.6103654640625 0.14702359062499998 0.6148199359375
0 0.33764645781249997 0.717971271875 0.30838501875 0.6455201125000001 0.2954833453125 0.64887475 0.1793510859375 0.7008222156249999 0.1778382578125 0.7035861703124999 0.1791161546875 0.709409128125 0.19013315 0.7423946 0.2042603421875 0.7798948125 0.20635899531250002 0.78483893125 0.20819578593750002 0.7856506078125001 0.335650303125 0.731549375 0.33861385781250003 0.7265782749999999 0.33764645781249997 0.717971271875
0 0.33755368125 0.7339241359375 0.20934499374999999 0.7904672921875 0.2076458703125 0.7949016734375001 0.209114553125 0.8011740968750001 0.22764330625 0.8553716874999999 0.2374400140625 0.8798575 0.24567003125000003 0.881668559375 0.3731245484375 0.8275673265625001 0.375076559375 0.8230256 0.3736744640625 0.8183162609375 0.3411030625 0.7366611078124999 0.33755368125 0.7339241359375
0 0.27561530625 0.9782301203125 0.411162175 0.9206938890625 0.3776899625 0.831994815625 0.3756623859375 0.8307336734374999 0.24144204687499998 0.8871763781249999 0.240625778125 0.8901751093750001 0.26494920781250003 0.961539634375 0.27156464375 0.9778277281250001 0.27561530625 0.9782301203125
0 0 0.3941891546875 0.0499483359375 0.37276595625 0.051146178125 0.370666153125 0.050059068750000005 0.3652926609375 0.027333007812499997 0.301206834375 0.024795171875 0.2980404859375 0.02283418125 0.298342428125 0 0.3082438953125 0 0.3941891546875