0 0.8045878453125 0.7479424421875 0.8150001781249999 0.5483539015625001 0.750297196875 0.55033801875 0.7374861109374999 0.743827184375 0.8045878453125 0.7479424421875
0 0.7351722953125 0.75205760625 0.7367440328125 0.755144025 0.7293875953125 0.916666784375 0.7907047359375 0.9187242718749999 0.80111706875 0.745884765625 0.7351722953125 0.75205760625
0 0.83223014375 0.4434156296875 0.8219417343750001 0.554526740625 0.9376342484375 0.5627572562500001 0.9468897249999999 0.42901236875000004 0.83223014375 0.4434156296875
0 0.8254125109375 0.56069958125 0.8235495890625 0.5576131609375 0.8126862562499999 0.6820987890625 0.9260650609375001 0.6841563703125 0.9318497593749999 0.5648148374999999 0.8254125109375 0.56069958125
0 0.8138432171875 0.688271628125 0.8148690328124999 0.6934156296875 0.8080586234375 0.7993827390625 0.9133388046875 0.8034979968749999 0.9214374281250001 0.6841563703125 0.8138432171875 0.688271628125
0 0.8022739234375 0.813786 0.804452365625 0.813786 0.7988031453125 0.9187242718749999 0.9006127625 0.9187242718749999 0.9040835390625 0.8096708375 0.8022739234375 0.813786
0 0.2645218109375 0.3353909390625 0.2885988453125 0.94958846875 0.4031345046875 0.9434156296875 0.39503609375000004 0.32818935625 0.2645218109375 0.3353909390625
0 0.13588463281250002 0.41872427187500005 0.1360495890625 0.4248971109375 0.14051237187500001 0.5627572562500001 0.264303403125 0.5648148374999999 0.26083262500000004 0.41872427187500005 0.13588463281250002 0.41872427187500005
0 0.13935541093749998 0.573045259375 0.141257921875 0.5792180984375 0.146296965625 0.6985597265625 0.270088103125 0.6944444671875 0.2654603640625 0.5627572562500001 0.13935541093749998 0.573045259375
0 0.146296965625 0.706790146875 0.148202365625 0.71502056875 0.15092470468750002 0.83230451875 0.2770296578125 0.8220165156249999 0.27240191875 0.7006173078125 0.146296965625 0.706790146875
0 0.2781865125 0.94547330625 0.27355887968750003 0.840535034375 0.1553721390625 0.8445772234375 0.1590232203125 0.9434156296875 0.2781865125 0.94547330625
0 0.007465864062499999 0.4434156296875 0.0075773656250000005 0.44650205 0.014407418750000001 0.573045259375 0.13704159375 0.5751029359375 0.131257 0.4228395296875 0.007465864062499999 0.4434156296875
0 0.016257921875 0.5853909390625 0.0248197515625 0.7088477281250001 0.146296965625 0.7026748890625 0.13704159375 0.5792180984375 0.016257921875 0.5853909390625
0 0.0271336734375 0.7088477281250001 0.0284107 0.71502056875 0.03754600625 0.8240741921874999 0.1486108875 0.83230451875 0.1428261875 0.7026748890625 0.0271336734375 0.7088477281250001
0 0.1486108875 0.840535034375 0.037091254687500005 0.8446501984375001 0.042173639062500004 0.953703821875 0.15555244375 0.94958846875 0.1486108875 0.8384773578125 0.1486108875 0.840535034375