0 0.01640625 0.30703125 0.0328125 0.1296875
0 0.0234375 0.43515625 0.046875 0.1234375
0 0.034375 0.56484375 0.06875 0.125
0 0.0453125 0.68984375 0.075 0.115625
0 0.05390625 0.80390625 0.08125 0.109375
0 0.06484375 0.91484375 0.0921875 0.1125
0 0.09609375 0.30546875 0.115625 0.1375
0 0.10859375 0.43359375 0.1125 0.1234375
0 0.1265625 0.5609375 0.1125 0.125
0 0.1421875 0.6828125 0.1109375 0.1171875
0 0.15078125 0.79921875 0.1078125 0.1109375
0 0.16328125 0.90859375 0.1109375 0.1078125
0 0.42734375 0.20390625 0.090625 0.0328125
0 0.428125 0.23671875 0.0921875 0.0359375
0 0.4296875 0.271875 0.0921875 0.034375
0 0.43125 0.309375 0.090625 0.028125
0 0.52109375 0.26484375 0.0890625 0.03125
0 0.5234375 0.3 0.090625 0.0359375
0 0.43203125 0.39140625 0.1109375 0.1203125
0 0.4421875 0.5109375 0.103125 0.109375
0 0.44921875 0.628125 0.10625 0.1109375
0 0.46015625 0.73671875 0.103125 0.1
0 0.4671875 0.84296875 0.103125 0.1015625
0 0.53984375 0.38359375 0.109375 0.11875
0 0.5484375 0.5046875 0.1078125 0.11875
0 0.5546875 0.62265625 0.10625 0.1140625
0 0.56328125 0.734375 0.10625 0.1078125
0 0.56875 0.84296875 0.1015625 0.1
0 0.6421875 0.38125 0.096875 0.1046875
0 0.653125 0.49921875 0.109375 0.125
0 0.659375 0.61875 0.109375 0.1078125
0 0.665625 0.73125 0.103125 0.103125
0 0.66953125 0.83828125 0.10625 0.1
0 0.76875 0.24140625 0.10625 0.1109375
0 0.771875 0.36640625 0.1109375 0.11875
0 0.778125 0.484375 0.103125 0.10625
0 0.784375 0.5984375 0.1046875 0.115625
0 0.78984375 0.715625 0.1 0.1046875
0 0.7921875 0.8265625 0.1 0.1046875
0 0.87421875 0.2390625 0.109375 0.121875
0 0.8796875 0.3640625 0.10625 0.1109375
0 0.88671875 0.4859375 0.1078125 0.1203125
0 0.88828125 0.6015625 0.1015625 0.103125
0 0.89140625 0.7140625 0.1046875 0.109375
0 0.89375 0.82265625 0.0984375 0.1
0 0.96484375 0.3546875 0.0609375 0.1234375
0 0.97109375 0.47890625 0.0578125 0.1078125
0 0.97109375 0.5953125 0.0578125 0.109375
0 0.97265625 0.70859375 0.0546875 0.1046875
0 0.9734375 0.815625 0.053125 0.1