0 0.25859375 0.22734375 0.090625 0.084375
0 0.23046875 0.703125 0.1109375 0.0765625
0 0.3453125 0.48125 0.2640625 0.23125
0 0.3234375 0.62890625 0.1140625 0.0734375
0 0.43515625 0.61171875 0.1109375 0.0890625
0 0.44453125 0.6828125 0.109375 0.084375
0 0.33984375 0.69140625 0.1125 0.0796875
0 0.23828125 0.771875 0.1078125 0.078125
0 0.35 0.7578125 0.1171875 0.0671875
0 0.45546875 0.7453125 0.1046875 0.0765625
0 0.25703125 0.8375 0.1078125 0.065625
0 0.2671875 0.89375 0.103125 0.08125
0 0.36015625 0.8234375 0.1125 0.0703125
0 0.36953125 0.884375 0.1078125 0.0625
0 0.46328125 0.80390625 0.1 0.075
0 0.46953125 0.86484375 0.103125 0.0625
0 0.515625 0.17109375 0.2015625 0.2171875
0 0.5421875 0.35078125 0.190625 0.190625
0 0.5609375 0.5140625 0.1875 0.184375
0 0.721875 0.48671875 0.18125 0.1796875
0 0.57734375 0.6671875 0.178125 0.171875
0 0.59765625 0.8140625 0.16875 0.1578125
0 0.7390625 0.64453125 0.1734375 0.16875
0 0.75234375 0.79140625 0.165625 0.165625