0 0.23046875 0.36484375 0.10703125 0.11640625
0 0.23828125 0.490625 0.09921875 0.1109375
0 0.2453125 0.61171875 0.10390625 0.11328125
0 0.2515625 0.725 0.09765625 0.1015625
0 0.25625 0.83828125 0.09765625 0.09453125
0 0.3421875 0.3640625 0.11171875 0.115625
0 0.34921875 0.49140625 0.1015625 0.11484375
0 0.3515625 0.61328125 0.103125 0.11015625
0 0.35859375 0.73515625 0.10078125 0.10390625
0 0.3609375 0.84609375 0.10078125 0.10078125
0 0.45234375 0.36953125 0.10078125 0.109375
0 0.459375 0.4921875 0.1078125 0.125
0 0.4609375 0.61953125 0.1078125 0.1109375
0 0.46484375 0.73828125 0.10390625 0.1109375
0 0.46484375 0.8515625 0.1 0.10390625
0 0.59375 0.225 0.109375 0.11640625
0 0.59296875 0.35703125 0.11015625 0.12109375
0 0.596875 0.484375 0.1109375 0.11328125
0 0.596875 0.609375 0.10625 0.1140625
0 0.5984375 0.73046875 0.1046875 0.11171875
0 0.596875 0.846875 0.1046875 0.10390625
0 0.71015625 0.23046875 0.11015625 0.128125
0 0.7078125 0.36640625 0.10859375 0.12578125
0 0.71015625 0.4953125 0.109375 0.11640625
0 0.709375 0.6140625 0.10625 0.11015625
0 0.70859375 0.7390625 0.1078125 0.11484375
0 0.7046875 0.85234375 0.109375 0.096875
0 0.828125 0.3609375 0.115625 0.13203125
0 0.8265625 0.49609375 0.10625 0.11875
0 0.8203125 0.61796875 0.109375 0.11328125
0 0.81640625 0.73828125 0.103125 0.10078125
0 0.8109375 0.853125 0.10078125 0.1015625
0 0.3296875 0.23984375 0.09375 0.03671875
0 0.33125 0.27734375 0.09453125 0.034375
0 0.23359375 0.2421875 0.0921875 0.0359375
0 0.2328125 0.2796875 0.09453125 0.02578125
0 0.23359375 0.20546875 0.09609375 0.03125
0 0.23046875 0.16796875 0.0953125 0.0296875
0 0.96796875 0.23515625 0.0625 0.12421875
0 0.96171875 0.365625 0.0734375 0.115625
0 0.96015625 0.4890625 0.0765625 0.115625
0 0.95625 0.61171875 0.084375 0.11484375
0 0.95234375 0.72734375 0.09296875 0.10859375
0 0.94375 0.8375 0.1 0.10625