0 0.75546875 0.10859375 0.128125 0.128125
0 0.809375 0.203125 0.13125 0.128125
0 0.85625 0.3046875 0.1359375 0.134375
0 0.90546875 0.40859375 0.1390625 0.140625
0 0.940625 0.51796875 0.11875 0.1484375
0 0.9671875 0.634375 0.065625 0.15625
0 0.628125 0.16875 0.1265625 0.1265625
0 0.6859375 0.2953125 0.21875 0.21875
0 0.75859375 0.46796875 0.234375 0.2359375
0 0.83671875 0.65234375 0.2515625 0.25625
0 0.3265625 0.3328125 0.184375 0.09375
0 0.13828125 0.396875 0.190625 0.0890625
0 0.0703125 0.46015625 0.140625 0.0890625
0 0.2125 0.4078125 0.1578125 0.084375
0 0.365625 0.35703125 0.159375 0.0859375
0 0.31484375 0.6734375 0.6171875 0.653125