0 0.2578125 0.3203125 0.125 0.1328125
0 0.24375 0.4453125 0.1171875 0.1265625
0 0.2296875 0.565625 0.121875 0.1296875
0 0.21640625 0.678125 0.1140625 0.1171875
0 0.2015625 0.790625 0.1125 0.109375
0 0.36796875 0.3390625 0.1296875 0.1328125
0 0.353125 0.465625 0.1203125 0.13125
0 0.334375 0.5859375 0.1203125 0.1265625
0 0.31953125 0.70703125 0.1171875 0.1203125
0 0.303125 0.81640625 0.1171875 0.1171875
0 0.47578125 0.36328125 0.11875 0.125
0 0.46171875 0.48515625 0.128125 0.1421875
0 0.440625 0.6109375 0.125 0.128125
0 0.42421875 0.72890625 0.121875 0.1265625
0 0.4046875 0.83984375 0.1171875 0.1203125
0 0.63984375 0.2453125 0.128125 0.134375
0 0.61640625 0.375 0.1296875 0.1390625
0 0.5984375 0.5015625 0.1296875 0.13125
0 0.5765625 0.62421875 0.125 0.13125
0 0.55703125 0.74375 0.121875 0.128125
0 0.53515625 0.85859375 0.121875 0.1203125
0 0.75390625 0.27109375 0.13125 0.1453125
0 0.728125 0.4046875 0.128125 0.1421875
0 0.7078125 0.53203125 0.128125 0.134375
0 0.68671875 0.6484375 0.1234375 0.1265625
0 0.6640625 0.771875 0.1265625 0.13125
0 0.640625 0.8828125 0.125 0.1140625
0 0.84765625 0.4203125 0.1375 0.15
0 0.82265625 0.553125 0.125 0.1359375
0 0.7953125 0.671875 0.128125 0.13125
0 0.7703125 0.78984375 0.11875 0.1171875
0 0.74453125 0.9015625 0.1171875 0.1171875
0 0.37734375 0.2140625 0.0984375 0.053125
0 0.37265625 0.2515625 0.0984375 0.05
0 0.28203125 0.2 0.096875 0.0515625
0 0.275 0.23671875 0.096875 0.0421875
0 0.2890625 0.1640625 0.1 0.046875
0 0.2921875 0.1265625 0.0984375 0.0453125
0 0.9828125 0.31953125 0.034375 0.1328125
0 0.965625 0.44765625 0.06875 0.1265625
0 0.953125 0.56796875 0.09375 0.1265625
0 0.9296875 0.6890625 0.103125 0.128125
0 0.90625 0.80234375 0.1109375 0.1234375
0 0.878125 0.909375 0.1171875 0.121875