0 0.4421875 0.42890625 0.09296875 0.26875
0 0.43515625 0.69375 0.08515625 0.25
0 0.33125 0.54453125 0.11015625 0.11953125
0 0.33359375 0.6734375 0.1078125 0.1109375
0 0.2109375 0.68359375 0.12421875 0.1296875
0 0.22890625 0.23125 0.06484375 0.18046875
0 0.303125 0.23125 0.07109375 0.178125
0 0.375 0.23515625 0.065625 0.1703125
0 0.44765625 0.2109375 0.06328125 0.11484375
0 0.35390625 0.390625 0.07890625 0.115625
0 0.259375 0.38671875 0.10234375 0.11171875
0 0.24375 0.50703125 0.06328125 0.11953125
0 0.05078125 0.26640625 0.1015625 0.13828125
0 0.05703125 0.403125 0.1078125 0.13046875
0 0.01875 0.61015625 0.0375 0.1515625
0 0.028125 0.76171875 0.05625 0.14296875