0 0.7109375 0.24296875 0.10859375 0.115625
0 0.7046875 0.38125 0.11015625 0.1140625
0 0.7078125 0.5015625 0.10234375 0.11484375
0 0.70625 0.61328125 0.10546875 0.115625
0 0.70703125 0.73828125 0.10390625 0.09375
0 0.7046875 0.846875 0.09609375 0.10078125
0 0.821875 0.24921875 0.10703125 0.115625
0 0.821875 0.38125 0.1046875 0.10859375
0 0.81875 0.50625 0.11484375 0.1234375
0 0.81796875 0.628125 0.10390625 0.11484375
0 0.8171875 0.74765625 0.0984375 0.11171875
0 0.815625 0.85859375 0.1015625 0.09921875
0 0.9203125 0.86171875 0.09296875 0.11796875
0 0.91875 0.74765625 0.09921875 0.10625
0 0.92890625 0.62578125 0.10234375 0.10859375
0 0.9328125 0.5125 0.1078125 0.1
0 0.93671875 0.3796875 0.10546875 0.11171875
0 0.571875 0.38359375 0.1 0.10078125
0 0.5765625 0.5046875 0.10390625 0.10859375
0 0.57890625 0.625 0.1015625 0.1140625
0 0.578125 0.74609375 0.1 0.109375
0 0.58046875 0.86328125 0.09765625 0.096875
0 0.46171875 0.3859375 0.109375 0.1171875
0 0.46484375 0.50390625 0.10859375 0.10703125
0 0.3515625 0.50625 0.1046875 0.11171875
0 0.4671875 0.62421875 0.10625 0.11328125
0 0.35859375 0.62734375 0.10546875 0.11796875
0 0.36640625 0.74140625 0.11015625 0.09921875
0 0.46953125 0.75234375 0.09765625 0.10390625
0 0.4734375 0.86328125 0.09453125 0.096875
0 0.36796875 0.85390625 0.09921875 0.12109375
0 0.35390625 0.3 0.0984375 0.0265625
0 0.44921875 0.2921875 0.0921875 0.0296875
0 0.45 0.26015625 0.0859375 0.0328125
0 0.353125 0.2609375 0.09375 0.02265625
0 0.35234375 0.22578125 0.096875 0.03203125
0 0.35390625 0.18828125 0.0984375 0.03046875