0 0.246875 0.2421875 0.1359375 0.0796875
0 0.2421875 0.32734375 0.140625 0.084375
0 0.2359375 0.41328125 0.1421875 0.0890625
0 0.23359375 0.5046875 0.1453125 0.0859375
0 0.23125 0.596875 0.146875 0.1
0 0.23125 0.7015625 0.1515625 0.1015625
0 0.22578125 0.8140625 0.153125 0.103125
0 0.3859375 0.253125 0.13125 0.0765625
0 0.38359375 0.3375 0.134375 0.0890625
0 0.38359375 0.4234375 0.140625 0.08125
0 0.384375 0.515625 0.1453125 0.090625
0 0.3859375 0.6109375 0.140625 0.0890625
0 0.3890625 0.70390625 0.1421875 0.0890625
0 0.39375 0.79921875 0.1421875 0.084375
0 0.559375 0.70078125 0.0703125 0.0484375
0 0.56015625 0.753125 0.0703125 0.0515625
0 0.56484375 0.809375 0.075 0.046875
0 0.5703125 0.86484375 0.071875 0.0421875
0 0.57578125 0.91796875 0.0734375 0.040625
0 0.64296875 0.74765625 0.078125 0.05
0 0.72890625 0.49609375 0.0765625 0.046875
0 0.73671875 0.5515625 0.0703125 0.0375
0 0.7359375 0.6 0.08125 0.0375
0 0.73671875 0.6578125 0.0796875 0.0421875
0 0.7375 0.7140625 0.06875 0.04375
0 0.74375 0.76953125 0.0734375 0.0484375
0 0.746875 0.83203125 0.0875 0.05
0 0.80625 0.4421875 0.0828125 0.046875
0 0.8125 0.49140625 0.0796875 0.0390625
0 0.81640625 0.54921875 0.0765625 0.0421875
0 0.82109375 0.60234375 0.0765625 0.0359375
0 0.81875 0.65234375 0.071875 0.0390625
0 0.8234375 0.70703125 0.078125 0.040625
0 0.8328125 0.7625 0.071875 0.05
0 0.83515625 0.82109375 0.0703125 0.0484375
0 0.890625 0.45078125 0.0734375 0.0453125
0 0.8953125 0.5015625 0.06875 0.040625
0 0.8984375 0.5546875 0.075 0.040625
0 0.9046875 0.603125 0.0765625 0.0484375
0 0.9125 0.65703125 0.078125 0.05
0 0.9171875 0.71328125 0.078125 0.0546875
0 0.92421875 0.76875 0.078125 0.059375
0 0.93046875 0.82890625 0.0875 0.046875