0 0.5703125 0.60390625 0.14609375 0.0984375
0 0.57265625 0.70234375 0.146875 0.10078125
0 0.434375 0.1765625 0.128125 0.08046875
0 0.4328125 0.2546875 0.13046875 0.0796875
0 0.284375 0.3453125 0.14296875 0.08828125
0 0.43203125 0.42421875 0.14453125 0.08984375
0 0.2953125 0.1 0.13515625 0.078125
0 0.728125 0.25625 0.1296875 0.08125
0 0.4265625 0.609375 0.1390625 0.08984375
0 0.57578125 0.803125 0.146875 0.0984375
0 0.7328125 0.42734375 0.13203125 0.0859375
0 0.29453125 0.18046875 0.1375 0.08046875
0 0.740625 0.80703125 0.1453125 0.0984375
0 0.42890625 0.51484375 0.14765625 0.09140625
0 0.73046875 0.34140625 0.1296875 0.08515625
0 0.73828125 0.70859375 0.14296875 0.09296875
0 0.846875 0.1890625 0.12578125 0.07578125
0 0.428125 0.703125 0.140625 0.09609375
0 0.43359375 0.33828125 0.13203125 0.08203125
0 0.4234375 0.8046875 0.1453125 0.0953125
0 0.73984375 0.61171875 0.1390625 0.09140625
0 0.73828125 0.51484375 0.13828125 0.0859375
0 0.86640625 0.43359375 0.12421875 0.08359375
0 0.28984375 0.26015625 0.13515625 0.078125
0 0.2625 0.815625 0.14921875 0.0953125
0 0.86015625 0.34765625 0.12265625 0.08359375
0 0.29921875 0.03125 0.1234375 0.0625
0 0.26484375 0.7140625 0.14453125 0.09296875
0 0.88984375 0.80703125 0.13984375 0.09765625
0 0.11484375 0.81484375 0.1453125 0.0953125
0 0.28046875 0.4328125 0.1390625 0.08671875
0 0.87109375 0.52109375 0.1203125 0.084375
0 0.8546875 0.2671875 0.11875 0.07578125
0 0.27890625 0.52421875 0.14765625 0.09375
0 0.884375 0.7078125 0.1421875 0.0953125
0 0.11875 0.71328125 0.1359375 0.09296875
0 0.27265625 0.61640625 0.140625 0.08671875
0 0.14140625 0.5203125 0.14375 0.09140625
0 0.88125 0.615625 0.13203125 0.09140625
0 0.959375 0.29375 0.08125 0.07109375
0 0.1296875 0.61640625 0.1390625 0.090625
0 0.96171875 0.36328125 0.0765625 0.0671875
0 0.9703125 0.53125 0.059375 0.0765625
0 0.97578125 0.70859375 0.0484375 0.0828125
0 0.97109375 0.61953125 0.053125 0.0875