0 0.640625 0.80625 0.13671875 0.09375
0 0.63828125 0.62109375 0.1328125 0.08671875
0 0.6359375 0.53046875 0.128125 0.0875
0 0.76640625 0.45 0.13125 0.08515625
0 0.77109375 0.534375 0.1296875 0.0828125
0 0.78125 0.71484375 0.1375 0.0921875
0 0.7828125 0.81015625 0.1375 0.090625
0 0.7578125 0.28671875 0.12109375 0.0765625
0 0.6375 0.7125 0.1359375 0.084375
0 0.74375 0.059375 0.1140625 0.07265625
0 0.77734375 0.621875 0.12890625 0.084375
0 0.75 0.20703125 0.12109375 0.0734375
0 0.76171875 0.3640625 0.1234375 0.07890625
0 0.7453125 0.13125 0.11796875 0.07265625
0 0.46171875 0.771875 0.08984375 0.05703125
0 0.8859375 0.1984375 0.11796875 0.07265625
0 0.36796875 0.834375 0.08828125 0.0546875
0 0.89375 0.278125 0.121875 0.0765625
0 0.4609375 0.83203125 0.09140625 0.05859375
0 0.9046875 0.35703125 0.12890625 0.078125
0 0.9078125 0.43828125 0.1265625 0.07890625
0 0.37109375 0.778125 0.084375 0.05390625
0 0.371875 0.71640625 0.08828125 0.05859375
0 0.36875 0.6125 0.08515625 0.05859375
0 0.28828125 0.59296875 0.07578125 0.05
0 0.465625 0.71640625 0.0890625 0.0578125
0 0.28828125 0.64375 0.075 0.05
0 0.915625 0.5234375 0.13046875 0.084375
0 0.37578125 0.33671875 0.07265625 0.04765625
0 0.36640625 0.51171875 0.07734375 0.0484375
0 0.28359375 0.84375 0.0765625 0.0359375
0 0.28984375 0.54140625 0.07578125 0.0515625
0 0.3734375 0.66484375 0.08515625 0.05
0 0.2875 0.696875 0.08125 0.05390625
0 0.4609375 0.6625 0.0875 0.053125
0 0.36796875 0.55859375 0.08203125 0.05
0 0.4515625 0.56015625 0.0828125 0.05859375
0 0.9203125 0.61484375 0.13515625 0.0859375
0 0.45703125 0.6125 0.08515625 0.053125
0 0.44921875 0.50546875 0.084375 0.05625
0 0.37109375 0.3859375 0.0734375 0.04140625
0 0.934375 0.79921875 0.13046875 0.090625
0 0.36953125 0.42421875 0.07109375 0.0421875
0 0.05625 0.83671875 0.08515625 0.053125
0 0.3671875 0.465625 0.0734375 0.0390625
0 0.29296875 0.4203125 0.071875 0.04453125
0 0.92890625 0.70234375 0.1421875 0.0921875
0 0.28515625 0.80546875 0.07265625 0.03671875
0 0.0578125 0.78046875 0.08359375 0.05
0 0.07109375 0.61796875 0.07890625 0.0515625
0 0.1640625 0.33671875 0.07890625 0.04453125
0 0.07421875 0.571875 0.0796875 0.05234375
0 0.07578125 0.51796875 0.08203125 0.04453125
0 0.16015625 0.52421875 0.08203125 0.046875
0 0.06953125 0.6765625 0.07890625 0.04921875
0 0.1640625 0.384375 0.08515625 0.04453125
0 0.1375 0.8421875 0.08046875 0.05234375
0 0.2921875 0.73984375 0.0703125 0.03359375
0 0.1625 0.46953125 0.08671875 0.0578125
0 0.29140625 0.771875 0.06484375 0.03984375
0 0.14375 0.790625 0.0828125 0.0578125
0 0.4453125 0.41328125 0.071875 0.034375
0 0.446875 0.4578125 0.0796875 0.04296875
0 0.0796875 0.4671875 0.0671875 0.0484375
0 0.015625 0.5734375 0.028125 0.04375
0 0.015625 0.5265625 0.02734375 0.04375
0 0.29296875 0.46875 0.07109375 0.0421875
0 0.06484375 0.7234375 0.07578125 0.0484375
0 0.15078125 0.67890625 0.08125 0.0515625
0 0.1625 0.42578125 0.08515625 0.04921875
0 0.16015625 0.58046875 0.08515625 0.0609375
0 0.2953125 0.38984375 0.0625 0.02109375
0 0.02421875 0.42734375 0.0453125 0.04765625