0 0.2203125 0.3625 0.140625 0.1484375
0 0.2640625 0.48203125 0.1390625 0.14375
0 0.3109375 0.59296875 0.128125 0.1328125
0 0.3515625 0.7 0.1328125 0.1328125
0 0.3921875 0.8046875 0.125 0.1234375
0 0.43125 0.90390625 0.128125 0.11875
0 0.11171875 0.3984375 0.1375 0.15
0 0.159375 0.51640625 0.134375 0.134375
0 0.2078125 0.62578125 0.134375 0.1359375
0 0.246875 0.7359375 0.128125 0.1328125
0 0.28984375 0.840625 0.134375 0.1296875
0 0.33203125 0.940625 0.1234375 0.11875
0 0.03671875 0.440625 0.0734375 0.15
0 0.06328125 0.55859375 0.1265625 0.1390625
0 0.10390625 0.66640625 0.134375 0.13125
0 0.1421875 0.775 0.134375 0.1328125
0 0.1921875 0.87890625 0.1234375 0.128125
0 0.23515625 0.959375 0.1234375 0.08125
0 0.1842012265625 1 0.13518924062499998 0.8861024750000001 0.10824899218749999 0.898049203125 0.143353465625 1 0.1842012265625 1
0 0.0598112921875 0.715222225 0.0470758375 0.7203894640625 0.10643868281249999 0.8927916874999999 0.13149125625 0.8785622859375 0.0598112921875 0.715222225
0 0.48359375 0.1875 0.090625 0.0546875
0 0.49375 0.2203125 0.0890625 0.053125
0 0.50390625 0.25234375 0.0921875 0.0578125
0 0.51328125 0.28359375 0.0875 0.0515625
0 0.58515625 0.2203125 0.090625 0.05625
0 0.59453125 0.25234375 0.084375 0.046875
0 0.53359375 0.3578125 0.1296875 0.1359375
0 0.571875 0.46640625 0.128125 0.13125
0 0.609375 0.56875 0.1234375 0.1234375
0 0.6453125 0.67265625 0.1234375 0.1265625
0 0.678125 0.7671875 0.1203125 0.121875
0 0.6296875 0.321875 0.128125 0.1328125
0 0.66875 0.4328125 0.1265625 0.134375
0 0.7046875 0.53984375 0.1203125 0.1234375
0 0.73984375 0.64140625 0.121875 0.121875
0 0.771875 0.7390625 0.1125 0.1171875
0 0.86015625 0.70859375 0.1171875 0.11875
0 0.8296875 0.60703125 0.1140625 0.11875
0 0.796875 0.50390625 0.1234375 0.1265625
0 0.7625 0.3984375 0.1234375 0.1296875
0 0.7234375 0.29453125 0.11875 0.1265625
0 0.8 0.1359375 0.121875 0.1265625
0 0.834375 0.24453125 0.128125 0.1390625
0 0.8989333281249999 0.29018652500000003 0.8053226828125 0.3243609234375 0.840753340625 0.4208610734375 0.9299530453125 0.387209315625 0.8989333281249999 0.29018652500000003
0 0.8425620531250001 0.4261139546875 0.8737522859375 0.5230949218750001 0.960735225 0.48726862187500003 0.9298726578125001 0.39017483125 0.8425620531250001 0.4261139546875
0 0.8789272140625 0.53012655625 0.9096250734375 0.627277059375 0.9971567421875 0.5951789328125 0.9675282890625001 0.5005980375 0.8789272140625 0.53012655625
0 1 0.6114700281250001 0.9972974171875 0.6019854421875 0.911433784375 0.632529940625 0.9379716046875 0.7271957484375 1 0.7037126140625001 1 0.6114700281250001
0 0.8672912296874999 0.1796343625 0.9115965875 0.15958654375 0.8763799984375 0.05731014062499999 0.8366201437499999 0.075619690625 0.8672912296874999 0.1796343625
0 0.9024003374999999 0.287996571875 0.9492820312499999 0.2690330171875 0.9138260375 0.16606133437499998 0.869923909375 0.19047920000000002 0.9024003374999999 0.287996571875
0 0.93641416875 0.3947773578125 0.9851759875000001 0.3732766359375 0.9514977375000001 0.27546789843749997 0.9053901874999999 0.297739146875 0.93641416875 0.3947773578125
0 1 0.41632869531249994 0.9866827125000001 0.377652484375 0.9374290562500001 0.3993242953125 0.9665392687500001 0.49506291406249997 0.9664030390624999 0.49413054375 1 0.4819763015625 1 0.41632869531249994
0 1 0.48922215781249995 0.9713873906250001 0.502207078125 0.9693327249999999 0.49997672031249996 1 0.5983215046875 1 0.48922215781249995