0 0.48203125 0.49140625 0.18125 0.18125
0 0.509375 0.64296875 0.175 0.165625
0 0.53828125 0.79140625 0.171875 0.171875
0 0.6390625 0.465625 0.18125 0.18125
0 0.6640625 0.61796875 0.1828125 0.1703125
0 0.6875 0.76484375 0.175 0.159375
0 0.38203125 0.81015625 0.1703125 0.159375
0 0.2359375 0.8375 0.159375 0.1546875
0 0.1984375 0.69765625 0.18125 0.171875
0 0.16328125 0.54921875 0.1765625 0.1796875
0 0.125 0.390625 0.1796875 0.1828125
0 0.08828125 0.22421875 0.1765625 0.1953125
0 0.3625 0.5875 0.125 0.1390625
0 0.86796875 0.715625 0.1609375 0.1609375
0 0.9546875 0.5390625 0.090625 0.15625
0 0.96796875 0.68984375 0.0640625 0.1546875
0 0.899606384375 0.4647709171875 0.9999817312499999 0.45176148749999995 0.953733675 0.21383586562499998 0.873495940625 0.2340322234375 0.899606384375 0.4647709171875
0 0.8318108109375 0.42984297343750005 0.8132104140624999 0.30140265781250003 0.7003946937500001 0.32616158125 0.7201979406250001 0.4505950625 0.8318108109375 0.42984297343750005
0 0.7209046406249999 0.45423071875 0.7358891109375 0.5777143640625 0.8539517343749999 0.551935546875 0.8366223015625 0.437397021875 0.7209046406249999 0.45423071875