0 0.47734375 0.209375 0.0921875 0.0296875
0 0.47578125 0.24375 0.0890625 0.0296875
0 0.4796875 0.27578125 0.0953125 0.0328125
0 0.48203125 0.31328125 0.084375 0.0328125
0 0.571875 0.271875 0.084375 0.0359375
0 0.57265625 0.30546875 0.08125 0.0328125
0 0.48046875 0.3890625 0.10625 0.1109375
0 0.48828125 0.503125 0.103125 0.0984375
0 0.49609375 0.61796875 0.1015625 0.1078125
0 0.50859375 0.7265625 0.1015625 0.1015625
0 0.51015625 0.82890625 0.0984375 0.0984375
0 0.584375 0.38203125 0.1015625 0.10625
0 0.59296875 0.50234375 0.1 0.1078125
0 0.60078125 0.6140625 0.1015625 0.1015625
0 0.60625 0.72421875 0.096875 0.1015625
0 0.61015625 0.8296875 0.0953125 0.0890625
0 0.68515625 0.37734375 0.09375 0.0953125
0 0.69453125 0.4984375 0.1015625 0.109375
0 0.7015625 0.60859375 0.0984375 0.0984375
0 0.7046875 0.7140625 0.0984375 0.0984375
0 0.70703125 0.8234375 0.090625 0.0921875