0 0.5393789609375 0.40843621093750004 0.53544439375 0.5725308765625 0.7361710125 0.5745885046875 0.7419557125 0.406893 0.5393789609375 0.40843621093750004
0 0.45344146093750004 0.6522633703125 0.45445960156250004 0.7062757171875 0.5487490234375 0.7021605531249999 0.5470136343750001 0.64660495 0.45344146093750004 0.6522633703125
0 0.45272421406249996 0.71450623125 0.45344146093750004 0.7170781859375001 0.45272421406249996 0.7762346265625 0.5429644296875 0.77109053125 0.541229040625 0.7073045546875 0.45272421406249996 0.71450623125
0 0.4499692390625 0.781893 0.45041034375000005 0.8297325062500001 0.54180746875 0.827674925 0.54180746875 0.7762346265625 0.4499692390625 0.781893
0 0.4491011828125 0.8343621359375 0.4486749546875 0.8770576406249999 0.5371797828125 0.879115221875 0.5371797828125 0.8328189265624999 0.4491011828125 0.8343621359375
0 0.5497956281249999 0.588991765625 0.5504844125 0.6507201609375 0.6436169796875 0.64969136875 0.6441954062499999 0.59104939375 0.5497956281249999 0.588991765625
0 0.55239979375 0.656893 0.5516413734375 0.7155349765625 0.6418815906249999 0.7083333921875 0.6430384984375 0.656893 0.55239979375 0.656893
0 0.5480595171875 0.7170781859375001 0.5493275046874999 0.77109053125 0.6418815906249999 0.7649176921875 0.6418815906249999 0.7103909734375 0.5480595171875 0.7170781859375001
0 0.5463234046875 0.772633740625 0.5446998187500001 0.8266460875 0.6372538515625 0.8266460875 0.6384108125 0.77109053125 0.5463234046875 0.772633740625
0 0.5419831281249999 0.835905346875 0.541229040625 0.8863169 0.6349400359375 0.8863169 0.6360969437499999 0.8317901828125001 0.5419831281249999 0.835905346875
0 0.74079875 0.5982510249999999 0.65483035 0.5967078140625001 0.6522939234375 0.644547321875 0.6522939234375 0.64660495 0.7379064 0.6517489984375 0.74079875 0.5982510249999999
0 0.6496220171875 0.656893 0.6459307953125 0.7093621359375 0.732700234375 0.71244855625 0.7367495453124999 0.6579218375 0.6496220171875 0.656893
0 0.6496220171875 0.713991765625 0.64708775625 0.7638889484375 0.72922945625 0.7690329484375 0.7315433796875 0.71450623125 0.6496220171875 0.713991765625
0 0.6418095171875 0.7741769515625 0.6389892406250001 0.817386828125 0.7199740859375 0.8153292453125 0.7234448625 0.77211936875 0.6418095171875 0.7741769515625
0 0.63833729375 0.8251028765624999 0.6378323328125 0.8708848015624999 0.7170817359375 0.8688272187500001 0.7159248796875 0.8215020859375001 0.63833729375 0.8251028765624999
0 0.784570559375 0.166152259375 0.7841706281249999 0.1692386796875 0.7776290046875001 0.318415665625 0.9176170156250001 0.3225308765625 0.9297647375 0.1671810734375 0.784570559375 0.166152259375
0 0.7772261828125 0.328189296875 0.7689520609375 0.4706790234375 0.9072046828125 0.4758230734375 0.9164601593749999 0.328703715625 0.7772261828125 0.328189296875
0 0.7650734046875 0.482510284375 0.7573828203125 0.618827171875 0.8875369781250001 0.6147119625 0.893321571875 0.4789094921875 0.7650734046875 0.482510284375
0 0.74858035 0.6244855921875 0.738871971875 0.7525720125 0.87076151875 0.7474280109375 0.8805954234375 0.61676954375 0.74858035 0.6244855921875
0 0.7348227656249999 0.7577161078125 0.7348227656249999 0.7690329484375 0.7355595171875 0.76337448125 0.72903811875 0.879115221875 0.8597707578125 0.879115221875 0.8672907406249999 0.75154326875 0.7348227656249999 0.7577161078125
0 0.41015625 0.46015625 0.078125 0.178125
0 0.40703125 0.71640625 0.0796875 0.16015625
0 0.30625 0.41015625 0.10859375 0.01328125
0 0.30546875 0.42734375 0.10625 0.01484375
0 0.3046875 0.4453125 0.10625 0.015625
0 0.30625 0.4625 0.10703125 0.0125
0 0.30703125 0.48125 0.10859375 0.01484375
0 0.30703125 0.49765625 0.1078125 0.015625
0 0.30859375 0.5140625 0.10625 0.0109375
0 0.30859375 0.5296875 0.10625 0.01328125
0 0.309375 0.54609375 0.10625 0.01640625
0 0.3109375 0.56328125 0.1046875 0.0109375
0 0.2062294921875 0.57887516875 0.20868866718749998 0.6385459515624999 0.2858170453125 0.6371742296875 0.282731921875 0.5727023296875 0.2062294921875 0.57887516875
0 0.20565078906249998 0.6426611765625 0.20868866718749998 0.69410150625 0.2842744671875 0.6927297859375 0.281574996875 0.6392318421875001 0.20565078906249998 0.6426611765625
0 0.20507208437500002 0.702331959375 0.20849799062500002 0.7572016859375 0.2802273921875 0.7572016859375 0.27829919531249997 0.6982167328125 0.20507208437500002 0.702331959375
0 0.286090603125 0.57681755625 0.28794025625 0.6392318421875001 0.36005527656249997 0.6385459515624999 0.3596696578125 0.5747599421875 0.286090603125 0.57681755625
0 0.2872480109375 0.6436899828125 0.2883258734375 0.697530903125 0.361212203125 0.6954732890625 0.36005527656249997 0.6426611765625 0.2872480109375 0.6436899828125
0 0.2866693078125 0.702331959375 0.28794025625 0.7537722875 0.36005527656249997 0.751714675 0.3596696578125 0.6995885171875 0.2866693078125 0.702331959375
0 0.0842217203125 0.21489197187500003 0.0880579859375 0.310570990625 0.17482745156249999 0.31597223125 0.1717905078125 0.22106482343749997 0.0842217203125 0.21489197187500003
0 0.0861748453125 0.321373453125 0.0897933875 0.41473767500000003 0.17959975781249998 0.41859567656249996 0.17612899375 0.324459896875 0.0861748453125 0.321373453125
0 0.0900810953125 0.41859567656249996 0.093264153125 0.5065586390625 0.1800336171875 0.51118826875 0.1778643546875 0.42554012031250005 0.0900810953125 0.41859567656249996
0 0.09138317968750001 0.5158178984374999 0.092396471875 0.6045524890625 0.17829821562499998 0.6060956765625 0.176996675 0.5165895265625 0.09138317968750001 0.5158178984374999
0 0.0907321375 0.61072530625 0.09456569375 0.699459896875 0.1804674390625 0.695601896875 0.17656281406250002 0.6060956765625 0.0907321375 0.61072530625
0 0.09333630468750001 0.70447530625 0.0949995546875 0.7858796734375 0.1843720640625 0.78125004375 0.1787320765625 0.6979167109375 0.09333630468750001 0.70447530625