0 0.45625 0.2515625 0.146875 0.1125
0 0.48203125 0.32890625 0.146875 0.1109375
0 0.5078125 0.415625 0.15625 0.125
0 0.5359375 0.503125 0.1546875 0.1203125
0 0.56328125 0.5921875 0.1625 0.1265625
0 0.58828125 0.68671875 0.1671875 0.1328125
0 0.61953125 0.7796875 0.165625 0.1328125
0 0.40234375 0.63828125 0.159375 0.125
0 0.42890625 0.73125 0.15625 0.11875
0 0.459375 0.82890625 0.1578125 0.1234375
0 0.55625 0.14140625 0.1421875 0.1109375
0 0.58359375 0.21953125 0.1375 0.1015625
0 0.6125 0.29453125 0.1359375 0.103125
0 0.64296875 0.378125 0.146875 0.121875
0 0.67109375 0.46796875 0.146875 0.1109375
0 0.70390625 0.5453125 0.15 0.1140625
0 0.73203125 0.6421875 0.1578125 0.121875
0 0.76328125 0.7375 0.165625 0.1328125
0 0.09140625 0.2046875 0.0109375 0.01875
0 0.15234375 0.2671875 0.1421875 0.1125
0 0.1734375 0.34375 0.146875 0.1109375
0 0.20078125 0.42890625 0.1390625 0.10625
0 0.21640625 0.50625 0.146875 0.109375
0 0.23984375 0.59609375 0.1484375 0.1203125
0 0.26328125 0.684375 0.15 0.1109375
0 0.290625 0.778125 0.1515625 0.115625
0 0.31875 0.875 0.1546875 0.1140625