0 0.64351721875 0.32427064687499996 0.6432819203125 0.2180824109375 0.5430311546875 0.251219440625 0.5505959296875 0.3485079109375 0.64351721875 0.32427064687499996
0 0.654330734375 0.43502887343749996 0.656348921875 0.3337013328125 0.5579314203125 0.34973852656250004 0.567610003125 0.4578146921875 0.654330734375 0.43502887343749996
0 0.7015625 0.27890625 0.103125 0.0953125
0 0.80546875 0.26875 0.09375 0.10625
0 0.80625 0.38984375 0.096875 0.1046875
0 0.7078125 0.4 0.096875 0.096875
0 0.6125 0.51640625 0.090625 0.0921875
0 0.7125 0.5046875 0.0921875 0.0984375
0 0.8140625 0.50390625 0.096875 0.1
0 0.62109375 0.62265625 0.0921875 0.096875
0 0.71796875 0.6171875 0.09375 0.090625
0 0.81796875 0.61328125 0.09375 0.1
0 0.90546875 0.446875 0.0578125 0.1578125
0 0.91328125 0.61953125 0.05625 0.153125
0 0.62578125 0.73359375 0.096875 0.103125
0 0.72421875 0.73203125 0.0921875 0.0984375
0 0.821875 0.72265625 0.090625 0.1046875
0 0.63046875 0.83671875 0.0921875 0.0828125
0 0.725 0.8265625 0.084375 0.0890625
0 0.81796875 0.8234375 0.0921875 0.0921875
0 0.9140625 0.78203125 0.0546875 0.146875
0 0.3359375 0.746875 0.103125 0.096875
0 0.34453125 0.84765625 0.096875 0.0984375
0 0.321875 0.6375 0.1015625 0.109375
0 0.31640625 0.53046875 0.1046875 0.103125
0 0.31171875 0.4171875 0.103125 0.109375
0 0.28359375 0.3015625 0.040625 0.1015625
0 0.33203125 0.303125 0.04375 0.103125
0 0.38828125 0.4125 0.0359375 0.0453125
0 0.43515625 0.4140625 0.0421875 0.0515625
0 0.3875 0.46796875 0.04375 0.0484375
0 0.434375 0.46484375 0.04375 0.046875
0 0.3921875 0.51875 0.040625 0.0484375
0 0.43671875 0.5171875 0.0421875 0.0515625
0 0.39375 0.56953125 0.0421875 0.046875
0 0.39765625 0.62109375 0.0421875 0.0453125
0 0.4390625 0.5671875 0.04375 0.0421875
0 0.4421875 0.61875 0.0421875 0.040625
0 0.403125 0.671875 0.046875 0.04375
0 0.44609375 0.66796875 0.0390625 0.04375
0 0.40625 0.71953125 0.0390625 0.040625
0 0.44921875 0.71796875 0.0421875 0.046875
0 0.409375 0.76484375 0.0375 0.040625
0 0.4515625 0.7625 0.0359375 0.0390625
0 0.41171875 0.815625 0.040625 0.0359375
0 0.4546875 0.81015625 0.0375 0.0453125
0 0.41484375 0.8609375 0.040625 0.0453125
0 0.45625 0.8578125 0.0375 0.0453125
0 0.52421875 0.71640625 0.1140625 0.315625
0 0.171875 0.28125 0.146875 0.0859375
0 0.2905857 0.8786914390625 0.2527752875 0.332976265625 0.11845025 0.34507613125000003 0.153442609375 0.8896547953124999 0.2905857 0.8786914390625