0 1 0.306640625 0.996428571875 0.25537109375 0.9906593406249999 0.2294921875 0.86840659375 0.22900390625 0.8736263734374999 0.302734375 0.875274725 0.3076171875 0.99340659375 0.30859375 1 0.306640625
0 0.84422618125 0.65380859375 0.85713826875 0.65283203125 0.8620833234375 0.6494140625 0.8604349718750001 0.5849609375 0.8582371703125 0.5673828125 0.85658881875 0.56298828125 0.73296244375 0.56298828125 0.7280173890625 0.564453125 0.7269184890625 0.5673828125 0.728566840625 0.63671875 0.729391015625 0.64697265625 0.7310393671875001 0.650390625 0.84422618125 0.65380859375
0 0.8711488749999999 0.748046875 0.8662038203125 0.65966796875 0.8645554687500001 0.65673828125 0.7662038203125 0.6552734375 0.7376323921875 0.65576171875 0.7326873375 0.65625 0.7313137109375 0.65869140625 0.7337862375 0.74609375 0.7354345890625 0.74951171875 0.8697752484375 0.75 0.8711488749999999 0.748046875
0 0.7398300984375 0.8447265625 0.8651048234375001 0.84814453125 0.8771927359375 0.84814453125 0.8782916374999999 0.845703125 0.875269659375 0.77783203125 0.8736213078124999 0.75439453125 0.8719729562499999 0.7509765625 0.766203725 0.75146484375 0.738181746875 0.755859375 0.73598394375 0.759765625 0.73598394375 0.76416015625 0.737907021875 0.84130859375 0.7398300984375 0.8447265625
0 0.63955546875 0.8505859375 0.729940084375 0.8486328125 0.7337862375 0.8466796875 0.730489534375 0.76708984375 0.7288411828125 0.75732421875 0.596148875 0.75732421875 0.5917532703124999 0.7607421875 0.592577446875 0.8388671875 0.5931268968750001 0.84716796875 0.5945005234375 0.849609375 0.63955546875 0.8505859375
0 0.7263687515624999 0.75 0.7304896296875001 0.7451171875 0.7296654546875 0.68994140625 0.7274676515625 0.66162109375 0.7244456734375 0.65673828125 0.5953247953125 0.6533203125 0.5892808390625001 0.6552734375 0.591478640625 0.74609375 0.59367644375 0.75048828125 0.721698421875 0.7509765625 0.7263687515624999 0.75
0 0.703566840625 0.65673828125 0.7211492578125 0.65576171875 0.7244459609375 0.6513671875 0.7241712359375 0.6064453125 0.7219734328125 0.5732421875 0.72005035625 0.5673828125 0.6054899171875 0.56689453125 0.5964239828125 0.5673828125 0.5879075 0.57080078125 0.588731675 0.6513671875 0.5903800265625 0.65576171875 0.63158881875 0.658203125 0.703566840625 0.65673828125
0 0.7208744375 0.56005859375 0.7214238875000001 0.55224609375 0.718127184375 0.4833984375 0.7162041078125 0.4765625 0.5953249859375 0.47412109375 0.5887315796875 0.474609375 0.5873579531249999 0.47705078125 0.5876326781250001 0.55859375 0.5892810296875 0.5615234375 0.7134568546875 0.56298828125 0.7208744375 0.56005859375
0 0.7156545609375 0.39208984375 0.714280934375 0.388671875 0.62389631875 0.38623046875 0.5876325828125 0.38818359375 0.5879073078125 0.47021484375 0.589006209375 0.47216796875 0.7186765390625001 0.4736328125 0.7156545609375 0.39208984375
0 0.7140061140625 0.31787109375 0.7120830375 0.30908203125 0.5868083109375 0.30810546875 0.5892808390625001 0.3857421875 0.6491709484375 0.3876953125 0.715929190625 0.38623046875 0.7140061140625 0.31787109375
0 0.70686354375 0.23828125 0.7049404671875 0.228515625 0.6280173890625 0.22607421875 0.58213826875 0.228515625 0.5832371703125 0.2958984375 0.585984421875 0.30322265625 0.7093360703125 0.30517578125 0.70686354375 0.23828125
0 0.7027429515625 0.2275390625 0.7008198734375 0.16015625 0.699446246875 0.15185546875 0.5780176765625 0.14892578125 0.576918775 0.15087890625 0.576918775 0.16015625 0.5785671265625 0.2255859375 0.7027429515625 0.2275390625
0 0.5659292859375 0.08056640625 0.5675776375 0.052734375 0.5662040109375 0.00830078125 0.4494457703125 0.0029296875 0.4466985171875 0.05517578125 0.4464237921875 0.07470703125 0.4494457703125 0.07666015625 0.4810391765625 0.07958984375 0.5659292859375 0.08056640625
0 0.5664788328125 0.15185546875 0.567852459375 0.1494140625 0.568127184375 0.08642578125 0.5659293812499999 0.08154296875 0.4475227890625 0.0771484375 0.44559971093749995 0.080078125 0.44450081093750005 0.09619140625 0.44422608593749996 0.14697265625 0.44532498593750003 0.1484375 0.536533778125 0.15234375 0.5664788328125 0.15185546875
0 0.5648302890625 0.23046875 0.5681269921875 0.22509765625 0.56840171875 0.15673828125 0.566478640625 0.15283203125 0.44477534375000005 0.15234375 0.44312699218749996 0.15478515625 0.4423028171875 0.17236328125 0.44175336718749997 0.2255859375 0.44450061874999997 0.22998046875 0.55631380625 0.232421875 0.5648302890625 0.23046875
0 0.5673029125 0.31103515625 0.5692259890625 0.30615234375 0.569775440625 0.2451171875 0.5692259890625 0.236328125 0.5670281875 0.23291015625 0.4445007140625 0.23046875 0.44147873750000005 0.2333984375 0.4406545609375 0.2529296875 0.44010511093750004 0.302734375 0.44147873750000005 0.30859375 0.558236978125 0.3115234375 0.5673029125 0.31103515625
0 0.5626324875 0.3974609375 0.5673028171875 0.39599609375 0.5700500703125 0.3916015625 0.5711489703125 0.318359375 0.5700500703125 0.31103515625 0.44285226718750004 0.310546875 0.44147864062500003 0.31298828125 0.4401050140625 0.3310546875 0.43928083906250004 0.38623046875 0.44202809218750005 0.39208984375 0.49587424531249996 0.39697265625 0.5626324875 0.3974609375
0 0.5749949328125 0.482421875 0.5736213078125 0.39892578125 0.443950978125 0.39501953125 0.441753175 0.4052734375 0.44037954843750005 0.4384765625 0.4392806484375 0.47998046875 0.441203725 0.4814453125 0.5705993296874999 0.48388671875 0.5749949328125 0.482421875
0 0.56812670625 0.5712890625 0.5744453875 0.56884765625 0.5760937390625 0.5615234375 0.5760937390625 0.48876953125 0.5736212109375 0.484375 0.44285198125 0.484375 0.4414783546875 0.49267578125 0.44065417812499996 0.51953125 0.440379453125 0.560546875 0.440928903125 0.5673828125 0.44257725625 0.5693359375 0.56812670625 0.5712890625
0 0.5705993296874999 0.6630859375 0.5744454828125 0.66162109375 0.575819109375 0.65771484375 0.575819109375 0.59326171875 0.5744454828125 0.5751953125 0.5035663625 0.5703125 0.444225703125 0.57080078125 0.44037954843750005 0.57177734375 0.43900592187500004 0.57470703125 0.43818174687500006 0.59326171875 0.43818174687500006 0.65576171875 0.43873119687499995 0.6591796875 0.441753175 0.66162109375 0.5705993296874999 0.6630859375
0 0.5744450999999999 0.755859375 0.576917628125 0.74755859375 0.576917628125 0.66796875 0.5758187265625 0.6650390625 0.570873671875 0.6640625 0.439829715625 0.66162109375 0.4379066390625 0.6640625 0.4368077375 0.708984375 0.4365330125 0.75439453125 0.43955499062500003 0.7578125 0.5686758703125 0.759765625 0.5744450999999999 0.755859375
0 0.573071665625 0.8564453125 0.57581891875 0.85400390625 0.5755441921875 0.77197265625 0.5741705671874999 0.76513671875 0.43708265468749996 0.765625 0.4340606765625 0.7685546875 0.4318628734375 0.8486328125 0.432961775 0.8544921875 0.547796940625 0.85888671875 0.573071665625 0.8564453125
0 0.43735747500000005 0.5693359375 0.43928055156249995 0.5625 0.440379453125 0.4921875 0.440104728125 0.482421875 0.43845637656249997 0.4794921875 0.359610221875 0.47705078125 0.30576406875 0.478515625 0.3041157171875 0.482421875 0.302467365625 0.50927734375 0.30054428906249997 0.56640625 0.3035662671875 0.5693359375 0.43406077187500003 0.57177734375 0.43735747500000005 0.5693359375
0 0.3629068296875 0.66357421875 0.43351122656249996 0.6630859375 0.43653320312500005 0.66015625 0.4373573796875 0.64794921875 0.43790682968750005 0.5771484375 0.4368079296875 0.57177734375 0.4348848515625 0.5703125 0.30191781875 0.57177734375 0.2994452921875 0.57861328125 0.2975222140625 0.62109375 0.2966980390625 0.65625 0.2975222140625 0.6591796875 0.3005441921875 0.66064453125 0.3629068296875 0.66357421875
0 0.43048905625 0.75634765625 0.43268685937500007 0.75390625 0.43323630937499996 0.74853515625 0.43378575937499997 0.67431640625 0.43158795781250003 0.66552734375 0.4233462 0.6630859375 0.29642312187500003 0.6640625 0.2942253203125 0.66748046875 0.29230224374999997 0.7177734375 0.29230224374999997 0.74853515625 0.29312641875 0.75341796875 0.295873671875 0.75634765625 0.43048905625 0.75634765625
0 0.430214521875 0.8564453125 0.4332365 0.84765625 0.43268705 0.77001953125 0.4315881484375 0.763671875 0.4277419953125 0.76025390625 0.2912035328125 0.75830078125 0.28955518125 0.76025390625 0.28845628125 0.806640625 0.28818155624999997 0.8544921875 0.2939507859375 0.85888671875 0.404390346875 0.86181640625 0.430214521875 0.8564453125
0 0.1483462 0.3271484375 0.1475220234375 0.29248046875 0.145873671875 0.2900390625 0.0782912546875 0.2978515625 0.0727967484375 0.30029296875 0.0725220234375 0.3359375 0.09257696875 0.3359375 0.146423121875 0.3291015625 0.1483462 0.3271484375
0 0.13955575625 0.34326171875 0.0695008109375 0.34814453125 0.0667535578125 0.3505859375 0.06537993125 0.357421875 0.06592938125 0.3876953125 0.1420282828125 0.3818359375 0.1423030078125 0.34619140625 0.13955575625 0.34326171875
0 0.13351141718749998 0.419921875 0.13461031875 0.41552734375 0.13543449375 0.380859375 0.131863065625 0.3798828125 0.061808120312500006 0.39208984375 0.05988504375 0.39990234375 0.058511417187500005 0.42822265625 0.059335592187499994 0.43408203125 0.1307641640625 0.42138671875 0.13351141718749998 0.419921875
0 0.1549397015625 0.52587890625 0.18653310781250002 0.5224609375 0.2200495921875 0.5107421875 0.218950690625 0.4677734375 0.21702761406249998 0.4609375 0.15988475625 0.47119140625 0.1335111296875 0.47802734375 0.13048915156250002 0.48095703125 0.1293902515625 0.51220703125 0.132137503125 0.52197265625 0.13461003124999998 0.52392578125 0.1549397015625 0.52587890625
0 0.2131813640625 0.5693359375 0.214554990625 0.5185546875 0.2126319140625 0.51513671875 0.20686268281250003 0.515625 0.1409286171875 0.53125 0.127467078125 0.537109375 0.12691762812500001 0.5810546875 0.1280165296875 0.5830078125 0.20988466093749997 0.57177734375 0.2131813640625 0.5693359375
0 0.14669765625 0.630859375 0.2192251296875 0.62158203125 0.21730205156250001 0.5791015625 0.21620315156249997 0.57421875 0.21428007343750002 0.572265625 0.14697238125 0.578125 0.13460974375 0.5830078125 0.130763590625 0.5908203125 0.1296646890625 0.6240234375 0.130488865625 0.62744140625 0.1351591953125 0.63037109375 0.14669765625 0.630859375
0 0.2233459125 0.67822265625 0.2219722859375 0.6240234375 0.2189503078125 0.6220703125 0.1725217375 0.6240234375 0.14120305625000001 0.6337890625 0.13680745156250002 0.63623046875 0.1346096484375 0.64013671875 0.132686571875 0.65673828125 0.13213712187499999 0.6748046875 0.13680745156250002 0.677734375 0.185433825 0.68359375 0.2233459125 0.67822265625
0 0.22114811093750003 0.73974609375 0.2236206375 0.73779296875 0.2244448140625 0.734375 0.22719206718749999 0.68310546875 0.2252689890625 0.681640625 0.1532909671875 0.68701171875 0.138455803125 0.6904296875 0.135433825 0.69580078125 0.132686571875 0.7314453125 0.13213712187499999 0.7421875 0.1346096484375 0.74462890625 0.2024667921875 0.74267578125 0.22114811093750003 0.73974609375
0 0.2098841828125 0.802734375 0.2140050625 0.79638671875 0.21537868906250002 0.75 0.2145545125 0.74560546875 0.21235671093750003 0.7431640625 0.18351055624999998 0.74169921875 0.123620446875 0.74609375 0.123620446875 0.79296875 0.12471934843750002 0.794921875 0.18351055624999998 0.8037109375 0.2098841828125 0.802734375
0 0.21125761875000001 0.865234375 0.21180706875 0.859375 0.21153234375 0.8076171875 0.2096092671875 0.80419921875 0.152741134375 0.80224609375 0.140103771875 0.8037109375 0.11949937656250001 0.81201171875 0.11620267343749999 0.83837890625 0.115653221875 0.85107421875 0.11840047499999999 0.857421875 0.209334540625 0.8671875 0.21125761875000001 0.865234375
0 0.22389660625 0.4091796875 0.22527023281249997 0.40576171875 0.22499550781250002 0.4033203125 0.22087462812499997 0.40087890625 0.18708341875 0.38916015625 0.1538416609375 0.3818359375 0.151918584375 0.38232421875 0.1505449578125 0.3876953125 0.15027023281250002 0.39599609375 0.152193309375 0.40234375 0.17169880312500002 0.41162109375 0.22389660625 0.4091796875
0 1 0.31298828125 0.9989010984375 0.31005859375 0.87445055 0.30908203125 0.8799450546875001 0.38916015625 0.88131868125 0.3916015625 1 0.39111328125 1 0.31298828125
0 1 0.39208984375 0.8799450546875001 0.392578125 0.8837912093750001 0.4462890625 0.8876373624999999 0.4765625 1 0.4765625 1 0.39208984375
0 1 0.4765625 0.8876373624999999 0.4775390625 0.8895604390624999 0.52294921875 0.89395604375 0.56689453125 1 0.56640625 1 0.4765625
0 0.1236263734375 0.5087890625 0.1263736265625 0.5009765625 0.11730769218749999 0.48193359375 0.109065934375 0.47802734375 0.050824176562500004 0.4853515625 0.0489010984375 0.48828125 0.044230768749999996 0.50830078125 0.044230768749999996 0.52001953125 0.058241757812499996 0.52197265625 0.11428571406250002 0.51318359375 0.1236263734375 0.5087890625
0 0.121153846875 0.51904296875 0.045604395312500004 0.52978515625 0.0450549453125 0.57421875 0.121703296875 0.5673828125 0.1228021984375 0.5380859375 0.121153846875 0.51904296875
0 0.053296703125 0.63671875 0.102747253125 0.63232421875 0.12307692343750001 0.62890625 0.1258241765625 0.6240234375 0.1258241765625 0.5771484375 0.1239010984375 0.5751953125 0.0862637359375 0.57568359375 0.047252746875 0.58203125 0.0362637359375 0.5859375 0.037362637500000004 0.626953125 0.0387362640625 0.63232421875 0.0420329671875 0.6357421875 0.053296703125 0.63671875
0 0.1228021984375 0.6845703125 0.1266483515625 0.681640625 0.1269230765625 0.63818359375 0.1260989015625 0.63134765625 0.1241758234375 0.6298828125 0.041208790625000005 0.640625 0.0384615390625 0.64208984375 0.0362637359375 0.64892578125 0.033791209375 0.6904296875 0.035439560937499996 0.6943359375 0.1016483515625 0.6884765625 0.1228021984375 0.6845703125
0 0.050824176562500004 0.75 0.11730769218749999 0.74951171875 0.124725275 0.7451171875 0.1293956046875 0.73291015625 0.1296703296875 0.69677734375 0.1266483515625 0.69140625 0.090659340625 0.68896484375 0.046978021875 0.69189453125 0.0370879125 0.6962890625 0.034340659375 0.70068359375 0.0324175828125 0.7099609375 0.0324175828125 0.74267578125 0.034340659375 0.74609375 0.0398351640625 0.748046875 0.050824176562500004 0.75
0 0.1208791203125 0.80224609375 0.1208791203125 0.75439453125 0.11126373593750001 0.748046875 0.09203296718750001 0.74658203125 0.0326923078125 0.7529296875 0.0291208796875 0.75634765625 0.027197801562500002 0.7685546875 0.0260989015625 0.80322265625 0.027747253125 0.80615234375 0.11538461562499999 0.806640625 0.1208791203125 0.80224609375
0 0.109615384375 0.865234375 0.1129120875 0.8623046875 0.11510989062500002 0.81396484375 0.11126373593750001 0.81005859375 0.046703296875 0.80615234375 0.0236263734375 0.80712890625 0.01950549375 0.81005859375 0.021153846875 0.86328125 0.022527471875 0.86669921875 0.07197802187499999 0.8671875 0.109615384375 0.865234375
0 0.128296703125 0.4580078125 0.1365384609375 0.42822265625 0.05934065937500001 0.4365234375 0.0543956046875 0.43896484375 0.0543956046875 0.4658203125 0.0571428578125 0.4677734375 0.10714285781249999 0.46533203125 0.128296703125 0.4580078125
0 0.221153846875 0.4521484375 0.2236263734375 0.4501953125 0.227747253125 0.43017578125 0.22719780156249997 0.42333984375 0.22554945 0.42041015625 0.2134615390625 0.4189453125 0.1618131875 0.42333984375 0.1376373625 0.4287109375 0.13708791250000002 0.45947265625 0.1392857140625 0.466796875 0.17445055 0.46240234375 0.221153846875 0.4521484375