0 0.259375 0.56328125 0.4578125 0.85
0 0.14375 0.59609375 0.2875 0.8078125
0 0.29140625 0.17109375 0.134375 0.153125
0 0.33125 0.29140625 0.1265625 0.1375
0 0.37109375 0.40234375 0.1359375 0.14375
0 0.51953125 0.84765625 0.1265625 0.1328125
0 0.4828125 0.73828125 0.1296875 0.1390625
0 0.44609375 0.62578125 0.128125 0.134375
0 0.41015625 0.5140625 0.1328125 0.1453125
0 0.95546875 0.6734375 0.0890625 0.13125
0 0.878125 0.72109375 0.1203125 0.1265625
0 0.8484375 0.60234375 0.1234375 0.1359375
0 0.80703125 0.49609375 0.1140625 0.1296875
0 0.7765625 0.3921875 0.11875 0.134375
0 0.74765625 0.28046875 0.125 0.1390625
0 0.7125 0.1703125 0.1265625 0.1515625
0 0.5828125 0.090625 0.125 0.1515625
0 0.48828125 0.11015625 0.125 0.1484375
0 0.39140625 0.13359375 0.1359375 0.159375
0 0.42890625 0.2578125 0.13125 0.153125
0 0.46484375 0.37421875 0.1203125 0.1390625
0 0.5015625 0.484375 0.125 0.1421875
0 0.53984375 0.59765625 0.1171875 0.13125
0 0.575 0.703125 0.125 0.1453125
0 0.5234375 0.23046875 0.1234375 0.14375
0 0.55703125 0.34765625 0.1203125 0.1453125
0 0.59375 0.45703125 0.1203125 0.1296875
0 0.63203125 0.56015625 0.128125 0.1375
0 0.66171875 0.6703125 0.125 0.140625
0 0.70234375 0.78125 0.128125 0.1375
0 0.6109375 0.8171875 0.11875 0.1375
0 0.7578125 0.640625 0.121875 0.1421875
0 0.71953125 0.528125 0.11875 0.128125
0 0.69140625 0.4234375 0.125 0.1390625
0 0.790625 0.75 0.109375 0.128125