0 0.1886927171875 0.421753240625 0.15744925468749998 0.31078924531249996 0.05619175625 0.3392164796875 0.088160071875 0.44893941562500006 0.1886927171875 0.421753240625
0 0.223303859375 0.531877578125 0.1893175375 0.41947688281250006 0.095228034375 0.4599008015625 0.12389380937500001 0.5587838609375 0.223303859375 0.531877578125
0 0.251560609375 0.6308625250000001 0.22479720468750003 0.537867059375 0.12716186875 0.5664514265625 0.157138528125 0.658645834375 0.251560609375 0.6308625250000001
0 0.288904475 0.761511528125 0.255913621875 0.653103875 0.15874865625 0.67945039375 0.1904898921875 0.7924108515625 0.288904475 0.761511528125
0 0.28990004687500004 0.7655045453125 0.2903978203125 0.7675010078125 0.198220825 0.7947245546875 0.228849728125 0.888877009375 0.3210267015625 0.861653371875 0.28990004687500004 0.7655045453125
0 0.35303216875 0.9469802250000001 0.32925540781249996 0.8659635359375001 0.233086015625 0.896303071875 0.25873711093749996 0.9704906234375 0.35303216875 0.9469802250000001
0 0.291968221875 0.396003765625 0.2609788296875 0.2764940375 0.16269127187500002 0.30312045 0.19542807812500002 0.4200739265625 0.291968221875 0.396003765625
0 0.3245882234375 0.4981420703125 0.2963314734375 0.3991571234375 0.199860784375 0.4274511125 0.22755030468749998 0.52021576875 0.3245882234375 0.4981420703125
0 0.3584476234375 0.6148156515625 0.329693078125 0.5138341515625 0.2323500953125 0.5434059609374999 0.260160065625 0.6414420640625 0.3584476234375 0.6148156515625
0 0.388695515625 0.72178663125 0.36080949375000004 0.62907096875 0.263644553125 0.6554175765625 0.2952689828125 0.7535628671875 0.388695515625 0.72178663125
0 0.41682524218749994 0.8250444874999999 0.3923070265625 0.731489234375 0.2985097421875 0.7569960953125 0.32427759843750004 0.845998634375 0.41682524218749994 0.8250444874999999
0 0.44495509375 0.9283024093750001 0.423550465625 0.8424531375000001 0.3371297796875 0.870362046875 0.35802009218749997 0.9478570703125 0.44495509375 0.9283024093750001
0 0.369115359375 0.255894384375 0.2674601203125 0.28336045625 0.2693818140625 0.2828813234375 0.2977080125 0.390331434375 0.395868546875 0.3679779328125 0.369115359375 0.255894384375
0 0.42598949375000006 0.47922170625 0.398357440625 0.3779603375 0.3034376875 0.40374715937500005 0.3310696390625 0.5050085515625 0.42598949375000006 0.47922170625
0 0.46882934374999996 0.593656209375 0.43795663281249997 0.4889615890625 0.3386735265625 0.511595075 0.36680335468749997 0.61485290625 0.46882934374999996 0.593656209375
0 0.4927228640625 0.6894878875 0.46870232031250003 0.597929121875 0.371156696875 0.626491121875 0.3944353046875 0.7161143 0.4927228640625 0.6894878875
0 0.5215941953125001 0.8052844671875 0.4981984703125 0.7114493421875 0.40626841718750006 0.7386112234375 0.4268013625 0.8267984015625001 0.5215941953125001 0.8052844671875
0 0.545487715625 0.9011161421875 0.525205625 0.8149871859375001 0.43165528281250004 0.8404323796875 0.4550581359375 0.9257834390624999 0.545487715625 0.9011161421875
0 0.60390625 0.1703125 0.0921875 0.04375
0 0.6375 0.34921875 0.1171875 0.1171875
0 0.6671875 0.46015625 0.115625 0.1171875
0 0.69375 0.56171875 0.1140625 0.1125
0 0.71640625 0.665625 0.1109375 0.103125
0 0.73984375 0.76484375 0.1109375 0.11875
0 0.61328125 0.2109375 0.0875 0.0453125
0 0.61953125 0.23828125 0.0921875 0.0421875
0 0.62421875 0.26953125 0.0890625 0.0484375
0 0.7 0.2125 0.090625 0.04375
0 0.7109375 0.24609375 0.084375 0.0453125
0 0.7375 0.321875 0.121875 0.11875
0 0.7640625 0.43515625 0.1171875 0.1265625
0 0.79140625 0.54453125 0.11875 0.1140625
0 0.8140625 0.646875 0.1109375 0.1109375
0 0.8421875 0.7484375 0.115625 0.10625
0 0.83359375 0.29921875 0.1046875 0.11875
0 0.8640625 0.40859375 0.11875 0.1265625
0 0.88984375 0.5171875 0.115625 0.1203125
0 0.91328125 0.62421875 0.1125 0.1046875
0 0.93515625 0.71875 0.103125 0.1
0 0.130334346875 0.6420021890625 0.0794132140625 0.48080874375000004 0.024650387500000003 0.499764128125 0.07520183750000001 0.6599895078125 0.130334346875 0.6420021890625
0 0.1940911625 0.8212014453125001 0.14329705312500002 0.6557350875 0.088727365625 0.677823225 0.13958355625000002 0.836912290625 0.1940911625 0.8212014453125001
0 0.24688663125 0.9755657546875 0.1989521890625 0.8263512687500001 0.1471952421875 0.8477381093749999 0.1923790453125 0.9912766921875 0.24688663125 0.9755657546875