0 0.62421875 0.81328125 0.1421875 0.1
0 0.63203125 0.628125 0.1375 0.09375
0 0.634375 0.5375 0.1328125 0.09375
0 0.76875 0.4640625 0.1359375 0.0921875
0 0.76875 0.5484375 0.134375 0.0890625
0 0.76953125 0.72890625 0.1421875 0.1
0 0.76640625 0.82421875 0.1421875 0.0984375
0 0.76875 0.30078125 0.125 0.0828125
0 0.6265625 0.71953125 0.140625 0.090625
0 0.76640625 0.07265625 0.1171875 0.078125
0 0.7703125 0.6359375 0.1328125 0.090625
0 0.76484375 0.2203125 0.125 0.0796875
0 0.76875 0.378125 0.128125 0.0859375
0 0.7640625 0.14453125 0.121875 0.078125
0 0.44765625 0.76953125 0.0921875 0.0609375
0 0.9015625 0.21875 0.121875 0.078125
0 0.35078125 0.82734375 0.090625 0.059375
0 0.9046875 0.29921875 0.125 0.0828125
0 0.44375 0.8296875 0.09375 0.0640625
0 0.91171875 0.378125 0.1328125 0.084375
0 0.91015625 0.459375 0.13125 0.0859375
0 0.35703125 0.77109375 0.0875 0.0578125
0 0.3609375 0.709375 0.090625 0.0625
0 0.36328125 0.60546875 0.0875 0.0625
0 0.28359375 0.58203125 0.078125 0.053125
0 0.4546875 0.7140625 0.0921875 0.0625
0 0.28125 0.6328125 0.078125 0.053125
0 0.9140625 0.5453125 0.134375 0.090625
0 0.384375 0.33046875 0.075 0.0515625
0 0.365625 0.5046875 0.0796875 0.053125
0 0.265625 0.83203125 0.078125 0.040625
0 0.28828125 0.53046875 0.078125 0.0546875
0 0.36484375 0.6578125 0.0875 0.0546875
0 0.27734375 0.68515625 0.084375 0.0578125
0 0.45234375 0.66015625 0.090625 0.0578125
0 0.36484375 0.5515625 0.084375 0.0546875
0 0.4484375 0.5578125 0.0859375 0.0625
0 0.9140625 0.63671875 0.1390625 0.0921875
0 0.4515625 0.61015625 0.0875 0.0578125
0 0.44921875 0.503125 0.0875 0.0609375
0 0.37734375 0.3796875 0.075 0.0453125
0 0.91796875 0.821875 0.134375 0.096875
0 0.3734375 0.4171875 0.0734375 0.0453125
0 0.04140625 0.81328125 0.0828125 0.0578125
0 0.36953125 0.45859375 0.075 0.0421875
0 0.29765625 0.409375 0.0734375 0.0484375
0 0.91796875 0.72421875 0.146875 0.1
0 0.26953125 0.79375 0.075 0.040625
0 0.04375 0.75703125 0.0859375 0.0546875
0 0.065625 0.5953125 0.08125 0.05625
0 0.1734375 0.31953125 0.08125 0.0484375
0 0.07109375 0.54921875 0.0828125 0.05625
0 0.07578125 0.49609375 0.084375 0.0484375
0 0.159375 0.50625 0.084375 0.0515625
0 0.0609375 0.65390625 0.08125 0.053125
0 0.1703125 0.3671875 0.0875 0.0484375
0 0.1203125 0.82265625 0.0828125 0.05625
0 0.2796875 0.72890625 0.071875 0.0375
0 0.16484375 0.4515625 0.0890625 0.0625
0 0.27734375 0.7609375 0.0671875 0.04375
0 0.12890625 0.771875 0.0859375 0.0625
0 0.45 0.41015625 0.0734375 0.0375
0 0.44921875 0.45546875 0.08125 0.046875
0 0.08203125 0.4453125 0.0703125 0.0515625
0 0.01328125 0.54765625 0.0265625 0.0453125
0 0.01484375 0.5015625 0.0296875 0.0453125
0 0.29453125 0.4578125 0.0734375 0.0453125
0 0.05390625 0.7 0.078125 0.0515625
0 0.1421875 0.66015625 0.084375 0.05625
0 0.1671875 0.40859375 0.0875 0.053125
0 0.15625 0.5625 0.0875 0.065625
0 0.3015625 0.37890625 0.0640625 0.025
0 0.02890625 0.40234375 0.0484375 0.05