0 0.54296875 0.784375 0.08671875 0.05625
0 0.5421875 0.72890625 0.08671875 0.05625
0 0.3671875 0.71953125 0.0859375 0.05703125
0 0.54140625 0.67109375 0.084375 0.05546875
0 0.36953125 0.6640625 0.08515625 0.05078125
0 0.36953125 0.61484375 0.08359375 0.053125
0 0.27421875 0.84375 0.08515625 0.0578125
0 0.540625 0.62109375 0.084375 0.05234375
0 0.3703125 0.5625 0.07890625 0.04609375
0 0.2859375 0.67578125 0.08125 0.04921875
0 0.78203125 0.8296875 0.08828125 0.05703125
0 0.2859375 0.62265625 0.08203125 0.0515625
0 0.27890625 0.78515625 0.08359375 0.053125
0 0.284375 0.72734375 0.08203125 0.0515625
0 0.36484375 0.7765625 0.0875 0.05625
0 0.2890625 0.52265625 0.0828125 0.0515625
0 0.540625 0.56953125 0.08203125 0.0515625
0 0.36796875 0.415625 0.08515625 0.05390625
0 0.68359375 0.6875 0.0859375 0.0546875
0 0.87421875 0.8265625 0.0921875 0.05703125
0 0.36953125 0.46875 0.08359375 0.0515625
0 0.28828125 0.575 0.08125 0.046875
0 0.37109375 0.5171875 0.0796875 0.0515625
0 0.68125 0.6359375 0.08046875 0.04921875
0 0.7796875 0.71875 0.0921875 0.05546875
0 0.36328125 0.8421875 0.08671875 0.0578125
0 0.2890625 0.47421875 0.078125 0.05
0 0.67265625 0.5875 0.07890625 0.04921875
0 0.7359375 0.328125 0.071875 0.05078125
0 0.06171875 0.5640625 0.0953125 0.0546875
0 0.0453125 0.784375 0.0875 0.05625
0 0.87578125 0.76875 0.08984375 0.05625
0 0.45703125 0.771875 0.08515625 0.05703125
0 0.36171875 0.328125 0.08203125 0.046875
0 0.78125 0.771875 0.090625 0.0515625
0 0.45703125 0.6125 0.0828125 0.053125
0 0.87265625 0.71171875 0.08828125 0.05703125
0 0.765625 0.60859375 0.08671875 0.05390625
0 0.6703125 0.53828125 0.07578125 0.05
0 0.7578125 0.5546875 0.0859375 0.05390625
0 0.4578125 0.55625 0.08359375 0.05
0 0.77421875 0.66328125 0.08515625 0.05546875
0 0.53828125 0.5140625 0.08359375 0.0484375
0 0.040625 0.84375 0.08046875 0.0484375
0 0.071875 0.45078125 0.08359375 0.05234375
0 0.059375 0.61796875 0.09296875 0.05234375
0 0.06796875 0.50390625 0.08984375 0.0515625
0 0.69375 0.84140625 0.0765625 0.03671875
0 0.534375 0.41640625 0.084375 0.04765625
0 0.86171875 0.65546875 0.08828125 0.0546875
0 0.73828125 0.415625 0.06953125 0.046875
0 0.52890625 0.36953125 0.0796875 0.04453125
0 0.5375 0.46796875 0.0890625 0.0515625
0 0.15625 0.5203125 0.084375 0.05234375
0 0.290625 0.4296875 0.07109375 0.04296875
0 0.84765625 0.5515625 0.08515625 0.05625
0 0.45703125 0.66328125 0.08203125 0.05078125
0 0.1609375 0.46484375 0.084375 0.05625
0 0.665625 0.4078125 0.0734375 0.05078125
0 0.45703125 0.834375 0.084375 0.05625
0 0.04765625 0.728125 0.08828125 0.0515625
0 0.3640625 0.3703125 0.0828125 0.0453125
0 0.4484375 0.37265625 0.07109375 0.04375
0 0.69375 0.8015625 0.07578125 0.034375
0 0.69140625 0.7359375 0.07890625 0.03984375
0 0.734375 0.37265625 0.07265625 0.0390625
0 0.053125 0.6734375 0.09140625 0.05703125
0 0.45 0.41640625 0.0734375 0.04375
0 0.4546875 0.50703125 0.07890625 0.04453125
0 0.7546875 0.50078125 0.08359375 0.05
0 0.54453125 0.84296875 0.0859375 0.05625
0 0.84453125 0.4984375 0.0890625 0.05625
0 0.1203125 0.85625 0.07421875 0.05859375
0 0.74375 0.4578125 0.0734375 0.0421875
0 0.52421875 0.32265625 0.07578125 0.04765625
0 0.66953125 0.4625 0.07265625 0.04921875
0 0.45234375 0.4609375 0.075 0.04375
0 0.85390625 0.60546875 0.0828125 0.05078125
0 0.1375 0.68125 0.08359375 0.04921875
0 0.1375 0.73515625 0.08984375 0.05546875
0 0.6921875 0.76875 0.075 0.034375
0 0.15078125 0.5765625 0.0796875 0.05
0 0.45390625 0.715625 0.0828125 0.04765625
0 0.14375 0.6296875 0.0828125 0.05078125
0 0.8109375 0.41015625 0.06875 0.034375
0 0.13515625 0.7921875 0.0984375 0.05859375
0 0.978125 0.525 0.04375 0.08359375
0 0.9828125 0.61640625 0.034375 0.0828125
0 0.98984375 0.8046875 0.01796875 0.096875
0 0.20703125 0.6171875 0.0375 0.15
0 0.01015625 0.50546875 0.0203125 0.05859375
0 0.8171875 0.45078125 0.0703125 0.03828125
0 0.2187657953125 0.703125 0.18458104375 0.69580078125 0.161094384375 0.86669921875 0.2009151203125 0.88134765625 0.2187657953125 0.703125
0 0.98515625 0.7078125 0.0296875 0.078125