0 0.584375 0.2578125 0.13359375 0.1828125
0 0.5734375 0.44921875 0.1296875 0.18515625
0 0.58203125 0.63046875 0.13671875 0.16875
0 0.58125 0.8078125 0.1328125 0.18046875
0 0.40625 0.846875 0.1 0.10625
0 0.29609375 0.853125 0.0984375 0.09453125
0 0.2953125 0.73046875 0.10234375 0.11328125
0 0.3 0.25 0.1015625 0.1296875
0 0.30390625 0.37265625 0.10625 0.115625
0 0.30234375 0.4921875 0.109375 0.13203125
0 0.3015625 0.6109375 0.10625 0.1296875
0 0.1921875 0.8625 0.109375 0.12265625
0 0.08125 0.8703125 0.109375 0.125
0 0.08125 0.746875 0.11484375 0.11328125
0 0.19375 0.7359375 0.11328125 0.10625
0 0.07890625 0.6203125 0.1109375 0.1203125
0 0.19296875 0.6125 0.109375 0.11328125
0 0.0765625 0.490625 0.1078125 0.125
0 0.190625 0.48828125 0.109375 0.125
0 0.19140625 0.36796875 0.11328125 0.134375
0 0.18515625 0.2359375 0.109375 0.1296875
0 0.18125 0.1125 0.1171875 0.11796875
0 0.06875 0.096875 0.1109375 0.14375
0 0.06953125 0.23515625 0.11171875 0.11796875
0 0.07265625 0.3625 0.11328125 0.12734375
0 0.8438547921874999 0.875 0.9518788265625 0.8680555562500001 0.9180399734375 0.090277778125 0.9206429609375 0.08796296249999999 0.8178249046875001 0.0856481484375 0.8438547921874999 0.875