0 0.51171875 0.3828125 0.1609375 0.16875
0 0.6125 0.4265625 0.14375 0.15
0 0.70546875 0.4796875 0.1296875 0.1296875
0 0.65625 0.58046875 0.13125 0.1296875
0 0.5578125 0.540625 0.140625 0.146875
0 0.4640625 0.49140625 0.1453125 0.153125
0 0.55625 0.31875 0.0953125 0.06875
0 0.63671875 0.35625 0.0890625 0.0640625
0 0.65078125 0.32578125 0.0875 0.0625
0 0.571875 0.28125 0.09375 0.0625
0 0.58359375 0.2546875 0.1 0.0765625
0 0.60078125 0.21875 0.09375 0.065625
0 0.41640625 0.59375 0.1453125 0.153125
0 0.50625 0.64453125 0.134375 0.1390625
0 0.60625 0.68359375 0.140625 0.146875
0 0.553125 0.78828125 0.1375 0.1453125
0 0.50625 0.8796875 0.128125 0.1375
0 0.46328125 0.7484375 0.13125 0.1265625
0 0.41953125 0.840625 0.134375 0.1359375
0 0.3671875 0.70234375 0.140625 0.14375
0 0.32109375 0.7953125 0.1296875 0.128125
0 0.87421875 0.4140625 0.134375 0.1328125
0 0.94921875 0.46875 0.1015625 0.13125
0 0.81953125 0.5203125 0.1453125 0.14375
0 0.9109375 0.57734375 0.1359375 0.1421875
0 0.85859375 0.6859375 0.13125 0.1375
0 0.76328125 0.62734375 0.140625 0.1390625
0 0.71640625 0.73359375 0.1328125 0.1328125
0 0.8109375 0.77890625 0.1390625 0.14375
0 0.66796875 0.8390625 0.14375 0.1453125
0 0.75703125 0.8734375 0.1421875 0.1421875
0 0.61875 0.93359375 0.128125 0.13125
0 0.7046875 0.95625 0.13125 0.0875
0 0.05390625 0.709375 0.1078125 0.14375
0 0.0828125 0.6046875 0.1484375 0.1421875
0 0.1265625 0.496875 0.15 0.153125
0 0.17265625 0.39375 0.1546875 0.153125
0 0.2234375 0.26796875 0.1578125 0.1609375
0 0.26640625 0.1546875 0.15625 0.1546875