0 0.66015625 0.69296875 0.14765625 0.096875
0 0.66171875 0.79765625 0.15234375 0.0984375
0 0.7953125 0.6015625 0.13515625 0.09140625
0 0.48515625 0.7640625 0.140625 0.18515625
0 0.34453125 0.5734375 0.13203125 0.17734375
0 0.3390625 0.76328125 0.140625 0.18828125
0 0.4859375 0.38984375 0.13125 0.165625
0 0.653125 0.59140625 0.13984375 0.0921875
0 0.78203125 0.42109375 0.1296875 0.08046875
0 0.646875 0.4921875 0.14453125 0.08984375
0 0.76953125 0.25 0.1296875 0.0796875
0 0.640625 0.4046875 0.12890625 0.08125
0 0.78671875 0.50859375 0.12734375 0.08359375
0 0.48359375 0.575 0.1375 0.17421875
0 0.7765625 0.3359375 0.13125 0.07890625
0 0.80625 0.6984375 0.13515625 0.09140625
0 0.6390625 0.32109375 0.1234375 0.0765625
0 0.8078125 0.796875 0.13203125 0.0921875
0 0.6390625 0.23671875 0.125 0.07734375
0 0.05 0.66484375 0.1 0.1234375
0 0.0578125 0.5390625 0.1109375 0.1171875
0 0.04375 0.79609375 0.08671875 0.12578125
0 0.07890625 0.19921875 0.11171875 0.10078125
0 0.065625 0.4203125 0.11953125 0.1109375
0 0.07421875 0.3078125 0.11875 0.10859375