0 0.7328125 0.30546875 0.090625 0.09140625
0 0.82734375 0.39609375 0.09140625 0.08125
0 0.7328125 0.396875 0.09140625 0.084375
0 0.7828125 0.5671875 0.19375 0.23984375
0 0.78515625 0.8265625 0.19375 0.25078125
0 0.5859375 0.8359375 0.19609375 0.24140625
0 0.5828125 0.57578125 0.1984375 0.25390625
0 0.58515625 0.30625 0.20078125 0.23984375
0 0.37578125 0.31328125 0.20390625 0.2515625
0 0.37265625 0.58046875 0.20703125 0.2515625
0 0.3796875 0.84140625 0.20234375 0.25078125
0 0.16796875 0.85390625 0.20703125 0.240625
0 0.1609375 0.58671875 0.20625 0.259375
0 0.159375 0.31171875 0.21015625 0.26171875