0 0.7625 0.1453125 0.1828125 0.2171875
0 0.828125 0.3234375 0.178125 0.2125
0 0.896875 0.503125 0.1828125 0.2140625
0 0.93671875 0.6828125 0.1265625 0.203125
0 0.634375 0.190625 0.190625 0.2171875
0 0.7015625 0.371875 0.1890625 0.21875
0 0.76875 0.5546875 0.1875 0.2109375
0 0.83515625 0.73203125 0.1828125 0.2125
0 0.6375 0.60234375 0.1921875 0.21875
0 0.70703125 0.7875 0.19375 0.225
0 0.2578125 0.50546875 0.334375 0.24375
0 0.3140625 0.65234375 0.3328125 0.2421875
0 0.34921875 0.878125 0.4640625 0.24375