0 0.29765625 0.51640625 0.0921875 0.0984375
0 0.45390625 0.328125 0.0859375 0.0890625
0 0.46328125 0.41875 0.0828125 0.0921875
0 0.44609375 0.2390625 0.08125 0.0859375
0 0.28984375 0.42578125 0.090625 0.0921875
0 0.31015625 0.7203125 0.0953125 0.10625
0 0.74453125 0.384375 0.0890625 0.096875
0 0.584375 0.4953125 0.090625 0.0953125
0 0.3046875 0.61640625 0.09375 0.1
0 0.28125 0.24609375 0.084375 0.0859375
0 0.2859375 0.334375 0.0859375 0.0921875
0 0.3796875 0.43046875 0.0875 0.090625
0 0.5953125 0.596875 0.090625 0.1
0 0.40859375 0.82890625 0.0953125 0.1
0 0.40234375 0.7234375 0.09375 0.1046875
0 0.43828125 0.15703125 0.0796875 0.078125
0 0.471875 0.51015625 0.0890625 0.096875
0 0.27421875 0.1609375 0.084375 0.0875
0 0.384375 0.5234375 0.0859375 0.09375
0 0.371875 0.3390625 0.084375 0.090625
0 0.6234375 0.8 0.096875 0.1046875
0 0.39296875 0.621875 0.0859375 0.09375
0 0.315625 0.83046875 0.096875 0.1078125
0 0.61015625 0.6984375 0.0921875 0.0984375
0 0.49375 0.7125 0.096875 0.1109375
0 0.50625 0.81875 0.09375 0.0984375
0 0.48125 0.60859375 0.0890625 0.0953125
0 0.728125 0.29296875 0.0828125 0.0875
0 0.3578125 0.16953125 0.0828125 0.08125
0 0.77734375 0.57578125 0.0921875 0.0984375
0 0.36640625 0.253125 0.084375 0.0859375
0 0.57265625 0.403125 0.0875 0.0890625
0 0.64453125 0.29921875 0.084375 0.0859375
0 0.809375 0.78125 0.09375 0.1078125
0 0.56015625 0.31015625 0.084375 0.0875
0 0.79453125 0.67578125 0.0875 0.1
0 0.7171875 0.79375 0.09375 0.10625
0 0.6859375 0.58359375 0.0875 0.0984375
0 0.67421875 0.48203125 0.084375 0.09375
0 0.6578125 0.38828125 0.0875 0.0921875
0 0.7609375 0.47578125 0.0875 0.096875
0 0.7015625 0.68671875 0.096875 0.1015625
0 0.1140625 0.4140625 0.0953125 0.103125
0 0.03359375 0.41953125 0.0671875 0.0953125
0 0.70859375 0.20078125 0.0859375 0.0875
0 0.5484375 0.221875 0.0796875 0.0796875
0 0.10859375 0.31484375 0.090625 0.090625
0 0.56640625 0.1265625 0.0875 0.0875
0 0.0328125 0.321875 0.065625 0.090625
0 0.11640625 0.51796875 0.090625 0.1
0 0.10625 0.2203125 0.0859375 0.0890625
0 0.6296875 0.21171875 0.078125 0.084375
0 0.03359375 0.52265625 0.0671875 0.1015625
0 0.03046875 0.22578125 0.0609375 0.0890625
0 0.040625 0.6296875 0.06875 0.1
0 0.0484375 0.85234375 0.04375 0.1109375
0 0.97109375 0.57109375 0.0578125 0.1609375
0 0.028125 0.128125 0.05625 0.09375
0 0.95859375 0.41640625 0.0828125 0.1484375
0 0.1203125 0.62421875 0.096875 0.10625
0 0.11875 0.84921875 0.0984375 0.11875
0 0.04296875 0.7390625 0.0546875 0.1078125
0 0.121875 0.734375 0.0953125 0.1109375