0 0.4953125 0.68984375 0.13125 0.1375
0 0.46640625 0.24765625 0.0828125 0.1859375
0 0.53671875 0.24140625 0.078125 0.184375
0 0.33125 0.4265625 0.1171875 0.1390625
0 0.209375 0.29765625 0.11875 0.1421875
0 0.31796875 0.29375 0.11875 0.1453125
0 0.22578125 0.43203125 0.1109375 0.134375
0 0.17734375 0.625 0.1234375 0.146875
0 0.30078125 0.6171875 0.134375 0.15625
0 0.20390625 0.7671875 0.11875 0.1328125
0 0.3234375 0.76484375 0.13125 0.1375
0 0.60859375 0.234375 0.08125 0.1859375
0 0.74296875 0.4296875 0.1171875 0.2890625
0 0.75078125 0.70390625 0.109375 0.259375
0 0.6140625 0.5515625 0.13125 0.1390625
0 0.625 0.684375 0.1296875 0.134375
0 0.50546875 0.3984375 0.1078125 0.125
0 0.50625 0.51640625 0.084375 0.1203125
0 0.60546875 0.38984375 0.109375 0.128125
0 0.67890625 0.2078125 0.078125 0.121875