0 0.415625 0.20859375 0.1 0.1796875
0 0.4921875 0.19453125 0.103125 0.18125
0 0.5375 0.38984375 0.1140625 0.2078125
0 0.459375 0.4046875 0.1109375 0.20625
0 0.37890625 0.4203125 0.11875 0.2078125
0 0.34140625 0.63359375 0.1078125 0.1984375
0 0.4203125 0.6140625 0.115625 0.1984375
0 0.49765625 0.5984375 0.109375 0.196875
0 0.5765625 0.58125 0.1125 0.196875
0 0.60703125 0.73671875 0.09375 0.1234375
0 0.53203125 0.759375 0.0953125 0.1375
0 0.45546875 0.77890625 0.096875 0.146875
0 0.3796875 0.79375 0.09375 0.1421875
0 0.29375 0.415625 0.1078125 0.1828125
0 0.709375 0.37109375 0.1328125 0.2078125
0 0.72578125 0.56328125 0.128125 0.196875
0 0.75234375 0.74296875 0.128125 0.184375
0 0.1328125 0.4453125 0.1296875 0.1828125
0 0.17734375 0.61796875 0.1296875 0.1796875
0 0.15546875 0.84375 0.1109375 0.15
0 0.04296875 0.46640625 0.0859375 0.1828125
0 0.04453125 0.68828125 0.0671875 0.1921875
0 0.8928553687499999 0.629266503125 0.8704764234375 0.44590854531249996 0.7692637328124999 0.4655823 0.794570753125 0.6530873781250001 0.8928553687499999 0.629266503125
0 0.9118963375 0.7981811984375 0.8904950171875001 0.633498334375 0.7952586046875 0.6538969296875 0.8190391234375 0.81717406875 0.9118963375 0.7981811984375
0 0.8993428203124999 0.6298919828125 0.9968006109375 0.6100048515625 0.9764475171875 0.42342333906249996 0.87521883125 0.44215694531249994 0.8993428203124999 0.6298919828125
0 1 0.6892437046875 0.9915498828124999 0.6157417703125 0.89491891875 0.6316951578125 0.9141177125000001 0.7986926624999999 1 0.7845138390625 1 0.6892437046875
0 0.2489576421875 0.321472946875 0.3399468296875 0.30378644062500004 0.31685895468749997 0.19319701250000001 0.22506451875 0.20915353125 0.22500524375 0.209165053125 0.2489576421875 0.321472946875