0 0.24609375 0.38203125 0.08203125 0.190625
0 0.24765625 0.57890625 0.08515625 0.184375
0 0.253125 0.76484375 0.0765625 0.1703125
0 0.1609375 0.7640625 0.08125 0.16796875
0 0.153125 0.5859375 0.07734375 0.17890625
0 0.14765625 0.39375 0.08359375 0.1859375
0 0.23515625 0.2140625 0.08046875 0.0390625
0 0.23515625 0.26171875 0.08515625 0.040625
0 0.05 0.17421875 0.07890625 0.03984375
0 0.05078125 0.22109375 0.07578125 0.03984375
0 0.0515625 0.26953125 0.07265625 0.0453125
0 0.0578125 0.39140625 0.0765625 0.18359375
0 0.06640625 0.57890625 0.07734375 0.175
0 0.06328125 0.76171875 0.08359375 0.17421875
0 0.3734375 0.409375 0.09140625 0.240625
0 0.3640625 0.61796875 0.13046875 0.16484375
0 0.3671875 0.78203125 0.12578125 0.159375
0 0.50390625 0.58671875 0.09609375 0.23203125
0 0.50546875 0.784375 0.128125 0.15703125
0 0.62265625 0.59140625 0.078125 0.190625
0 0.62109375 0.4625 0.07734375 0.0359375
0 0.6203125 0.78359375 0.0828125 0.184375
0 0.7140625 0.7828125 0.08984375 0.175
0 0.7796875 0.56875 0.1046875 0.1390625
0 0.95625 0.50546875 0.0875 0.2359375
0 0.95546875 0.7453125 0.0890625 0.234375