0 0.7265625 0.52265625 0.1578125 0.278125
0 0.528125 0.72421875 0.1375 0.153125
0 0.57109375 0.60078125 0.153125 0.165625
0 0.6765625 0.3015625 0.1078125 0.171875
0 0.60703125 0.28125 0.109375 0.1859375
0 0.53828125 0.26171875 0.109375 0.1875
0 0.52109375 0.41328125 0.1109375 0.1265625
0 0.6171875 0.44140625 0.134375 0.1328125
0 0.409375 0.67734375 0.1453125 0.1375
0 0.22109375 0.69609375 0.1515625 0.1671875
0 0.25625 0.54609375 0.159375 0.1640625
0 0.10859375 0.64921875 0.146875 0.1640625
0 0.13671875 0.50234375 0.1421875 0.1515625
0 0.34921875 0.37734375 0.13125 0.15
0 0.38359375 0.2453125 0.1296875 0.1375
0 0.246875 0.3515625 0.1296875 0.1453125
0 0.28203125 0.2140625 0.1328125 0.1453125