0 0.7328125 0.18515625 0.0984375 0.1421875
0 0.76875 0.31953125 0.10625 0.1453125
0 0.803125 0.446875 0.096875 0.1296875
0 0.8375 0.57109375 0.103125 0.1359375
0 0.87265625 0.690625 0.090625 0.128125
0 0.9375 0.671875 0.1 0.1296875
0 0.9046875 0.55234375 0.0953125 0.1328125
0 0.87109375 0.428125 0.1 0.134375
0 0.840625 0.3 0.1046875 0.14375
0 0.9375 0.40625 0.0890625 0.1359375
0 0.9609375 0.53125 0.078125 0.13125
0 0.97890625 0.6515625 0.0421875 0.128125
0 0.6484375 0.34921875 0.103125 0.14375
0 0.684375 0.4796875 0.1015625 0.140625
0 0.71796875 0.60390625 0.096875 0.134375
0 0.7578125 0.7296875 0.0984375 0.1375
0 0.690625 0.75390625 0.1015625 0.1359375
0 0.653125 0.628125 0.1015625 0.1421875
0 0.615625 0.503125 0.1015625 0.1390625
0 0.50390625 0.5265625 0.1578125 0.2546875
0 0.578125 0.75390625 0.1546875 0.246875
0 0.4203125 0.61328125 0.1421875 0.1609375
0 0.4625 0.74296875 0.1375 0.1546875
0 0.35859375 0.8546875 0.1265625 0.1953125
0 0.209375 0.7015625 0.134375 0.2078125
0 0.16484375 0.91015625 0.1640625 0.1796875
0 0.42421875 0.290625 0.0703125 0.1
0 0.478125 0.27265625 0.0765625 0.1171875
0 0.3859375 0.44765625 0.1140625 0.13125
0 0.0171317921875 0.6300160796875 0.036930773437499995 0.69906333125 0.08827827499999999 0.8434575171875001 0.1831807078125 0.8249138437499999 0.10665167499999999 0.6089378562500001 0.0171317921875 0.6300160796875
0 0.275 0.87734375 0.125 0.1890625