0 0.12156844062500001 0.07793209375 0.162704115625 0.9297839453125001 0.26509208125 0.9174383125000001 0.22951655781250002 0.0640432046875 0.12156844062500001 0.07793209375
0 0.246568440625 0.0709876484375 0.28244594218749997 0.9158950562499999 0.38917235156249996 0.89891979375 0.35446455 0.0609567953125 0.246568440625 0.0709876484375
0 0.4484375 0.490625 0.09140625 0.80703125
0 0.5578125 0.4890625 0.0984375 0.8171875
0 0.700995525 0.2955246859375 0.7050131359375 0.44367283437499994 0.7891794390625 0.43595683125000007 0.7848410718750001 0.28009261093750004 0.700995525 0.2955246859375
0 0.699693440625 0.46219135156249996 0.7084838609374999 0.601080240625 0.7935179640625 0.5902777953125 0.788311796875 0.44367283437499994 0.699693440625 0.46219135156249996
0 0.7050131359375 0.6087963140625 0.703599690625 0.60339505625 0.7076162187499999 0.744598759375 0.788311796875 0.74305564375 0.7865763546875 0.6026234984375 0.7050131359375 0.6087963140625
0 0.707505940625 0.7608024640625 0.71108694375 0.9097223109374999 0.792650321875 0.90509268125 0.7900472390625 0.7584876484375 0.707505940625 0.7608024640625
0 0.90859375 0.51171875 0.11328125 0.07109375
0 0.90859375 0.59609375 0.10703125 0.06484375
0 0.9078125 0.67734375 0.10859375 0.0640625