0 0.4921875 0.478125 0.3546875 0.60625
0 0.8015625 0.33671875 0.16875 0.1375
0 0.7421875 0.93671875 0.125 0.1265625
0 0.77890625 0.840625 0.1234375 0.125
0 0.8125 0.73828125 0.1296875 0.1359375
0 0.85625 0.63359375 0.1328125 0.1359375
0 0.90234375 0.52265625 0.1359375 0.1453125
0 0.89921875 0.39765625 0.078125 0.1171875
0 0.9515625 0.415625 0.0734375 0.1125
0 0.97265625 0.55234375 0.0546875 0.0609375
0 0.9515625 0.60390625 0.0515625 0.05
0 0.928125 0.6515625 0.0546875 0.0578125
0 0.91015625 0.7 0.0515625 0.05
0 0.8890625 0.74921875 0.0515625 0.0578125
0 0.87265625 0.8015625 0.0578125 0.05625
0 0.85546875 0.84921875 0.05 0.053125
0 0.8390625 0.8921875 0.0546875 0.0625
0 0.81875 0.9328125 0.05 0.0515625
0 0.8 0.978125 0.046875 0.04375
0 0.6775225093749999 0.94061225 0.8778267625 0.4313789234375 0.73288425625 0.38538680625 0.544059746875 0.9103194921875 0.6775225093749999 0.94061225