0 0.09765625 0.43359375 0.084375 0.140625
0 0.1890625 0.43125 0.07421875 0.13515625
0 0.15546875 0.81484375 0.0921875 0.15703125
0 0.03828125 0.8140625 0.0765625 0.1546875
0 0.35234375 0.80078125 0.0921875 0.17578125
0 0.45078125 0.79140625 0.0859375 0.18359375
0 0.44921875 0.3765625 0.0703125 0.15546875
0 0.36875 0.54375 0.071875 0.1546875
0 0.71796875 0.18515625 0.07265625 0.04296875
0 0.7140625 0.23125 0.07421875 0.0390625
0 0.7140625 0.27890625 0.0765625 0.03984375
0 0.89453125 0.22734375 0.0734375 0.03828125
0 0.89296875 0.26953125 0.07265625 0.0390625
0 0.8953125 0.390625 0.06953125 0.18359375
0 0.88828125 0.57890625 0.06484375 0.18046875
0 0.8734375 0.759375 0.0671875 0.1640625
0 0.78671875 0.76484375 0.0703125 0.16484375
0 0.79765625 0.5875 0.08125 0.17109375
0 0.8015625 0.4015625 0.08125 0.18359375
0 0.71484375 0.39609375 0.08515625 0.18359375
0 0.70859375 0.58671875 0.07265625 0.18046875
0 0.69296875 0.76328125 0.07734375 0.16796875