0 0.16328125 0.35234375 0.171875 0.17109375
0 0.15234375 0.54921875 0.1796875 0.18828125
0 0.1375 0.75625 0.1890625 0.196875
0 0.31953125 0.20390625 0.10546875 0.09921875
0 0.32109375 0.31328125 0.10859375 0.09296875
0 0.31640625 0.42734375 0.11171875 0.09609375
0 0.309375 0.54140625 0.1203125 0.109375
0 0.309375 0.6671875 0.1171875 0.1015625
0 0.2984375 0.79296875 0.12109375 0.1
0 0.63046875 0.575 0.12578125 0.18125
0 0.63671875 0.765625 0.14296875 0.18125
0 0.7625 0.396875 0.1234375 0.16015625
0 0.765625 0.57421875 0.125 0.165625
0 0.77734375 0.76015625 0.11953125 0.165625