0 0.9183891 0.65576171875 0.9313011875000001 0.65478515625 0.9362462421875 0.6513671875 0.934597890625 0.5869140625 0.9324000890624999 0.5693359375 0.9307517375 0.56494140625 0.8071253625000001 0.56494140625 0.8021803078125 0.56640625 0.8010814078124999 0.5693359375 0.8027297593749999 0.638671875 0.8035539343749999 0.64892578125 0.8052022859375001 0.65234375 0.9183891 0.65576171875
0 0.94531179375 0.748046875 0.9403667390624999 0.65966796875 0.9387183875 0.65673828125 0.8403667390624999 0.6552734375 0.8117953109375 0.65576171875 0.8068502562500001 0.65625 0.8054766296875 0.65869140625 0.80794915625 0.74609375 0.8095975078125001 0.74951171875 0.9439381671874999 0.75 0.94531179375 0.748046875
0 0.8150917265625001 0.84375 0.9403664515625 0.84716796875 0.9524543640625 0.84716796875 0.953553265625 0.8447265625 0.9505312874999999 0.77685546875 0.9488829359375 0.75341796875 0.9472345843750001 0.75 0.841465353125 0.75048828125 0.813443375 0.7548828125 0.8112455734375 0.7587890625 0.8112455734375 0.76318359375 0.81316865 0.84033203125 0.8150917265625001 0.84375
0 0.7192119375 0.84765625 0.8095965515625 0.845703125 0.81344270625 0.84375 0.810146003125 0.76416015625 0.8084976515625 0.75439453125 0.67580534375 0.75439453125 0.6714097390625 0.7578125 0.6722339140625 0.8359375 0.672783365625 0.84423828125 0.6741569921874999 0.8466796875 0.7192119375 0.84765625
0 0.8027290890625001 0.7509765625 0.8068499687499999 0.74609375 0.8060257921874999 0.69091796875 0.8038279906250001 0.66259765625 0.8008060125 0.65771484375 0.6716851328125 0.654296875 0.665641178125 0.65625 0.6678389796875 0.7470703125 0.67003678125 0.75146484375 0.798058759375 0.751953125 0.8027290890625001 0.7509765625
0 0.7810258890624999 0.65771484375 0.79860830625 0.65673828125 0.801905009375 0.65234375 0.801630284375 0.607421875 0.79943248125 0.57421875 0.7975094046875 0.568359375 0.682948965625 0.56787109375 0.67388303125 0.568359375 0.6653665484375 0.57177734375 0.6661907234375 0.65234375 0.6678390750000001 0.65673828125 0.7090478671875 0.6591796875 0.7810258890624999 0.65771484375
0 0.7966854203125 0.56396484375 0.7972348703125001 0.55615234375 0.7939381671875 0.4873046875 0.792015090625 0.48046875 0.6711359703124999 0.47802734375 0.6645425625 0.478515625 0.6631689374999999 0.48095703125 0.6634436625 0.5625 0.6650920140625 0.5654296875 0.7892678375 0.56689453125 0.7966854203125 0.56396484375
0 0.787620059375 0.39501953125 0.7862464328125001 0.3916015625 0.69586181875 0.38916015625 0.65959808125 0.39111328125 0.6598728078125 0.47314453125 0.6609717078124999 0.47509765625 0.7906420375 0.4765625 0.787620059375 0.39501953125
0 0.784872903125 0.32373046875 0.7829498265625 0.31494140625 0.6576751 0.31396484375 0.660147628125 0.3916015625 0.7200377375 0.3935546875 0.7867959796874999 0.39208984375 0.784872903125 0.32373046875
0 0.7755329125 0.2451171875 0.7736098359375 0.2353515625 0.696686759375 0.23291015625 0.6508076375 0.2353515625 0.6519065390625001 0.302734375 0.6546537921875 0.31005859375 0.778005440625 0.31201171875 0.7755329125 0.2451171875
0 0.773609740625 0.2333984375 0.7716866625 0.166015625 0.7703130375 0.15771484375 0.648884465625 0.15478515625 0.6477855640625 0.15673828125 0.6477855640625 0.166015625 0.649433915625 0.2314453125 0.773609740625 0.2333984375
0 0.6340493 0.08935546875 0.6356976515625 0.0615234375 0.6343240265625 0.01708984375 0.517565784375 0.01171875 0.51481853125 0.06396484375 0.5145438062500001 0.08349609375 0.517565784375 0.08544921875 0.549159190625 0.08837890625 0.6340493 0.08935546875
0 0.6367962671875 0.15771484375 0.6381698921875001 0.1552734375 0.63844461875 0.09228515625 0.6362468156250001 0.08740234375 0.517840221875 0.0830078125 0.5159171453125 0.0859375 0.51481824375 0.10205078125 0.51454351875 0.15283203125 0.5156424203125 0.154296875 0.6068512109374999 0.158203125 0.6367962671875 0.15771484375
0 0.6351477234375 0.2353515625 0.6384444265625 0.22998046875 0.6387191515625 0.16162109375 0.636796075 0.15771484375 0.515092778125 0.1572265625 0.5134444265625 0.15966796875 0.5126202515625 0.17724609375 0.5120707999999999 0.23046875 0.5148180531250001 0.23486328125 0.626631240625 0.2373046875 0.6351477234375 0.2353515625
0 0.640367121875 0.31689453125 0.6422901984375 0.31201171875 0.6428396484375 0.2509765625 0.6422901984375 0.2421875 0.640092396875 0.23876953125 0.5175649234375 0.236328125 0.5145429453125 0.2392578125 0.5137187703125 0.2587890625 0.5131693187499999 0.30859375 0.5145429453125 0.314453125 0.6313011875 0.3173828125 0.640367121875 0.31689453125
0 0.63679540625 0.40234375 0.6414657359375 0.40087890625 0.6442129890625 0.396484375 0.6453118890625 0.3232421875 0.6442129890625 0.31591796875 0.5170151859375001 0.3154296875 0.515641559375 0.31787109375 0.5142679328125 0.3359375 0.5134437578125 0.39111328125 0.5161910109375001 0.39697265625 0.5700371640624999 0.40185546875 0.63679540625 0.40234375
0 0.651355271875 0.484375 0.6499816453125 0.40087890625 0.520311315625 0.39697265625 0.5181135140625 0.4072265625 0.5167398875 0.4404296875 0.5156409859375 0.48193359375 0.5175640625 0.4833984375 0.6469596671875 0.48583984375 0.651355271875 0.484375
0 0.6455857546875 0.57421875 0.6519044359375 0.57177734375 0.6535527875 0.564453125 0.6535527875 0.49169921875 0.651080259375 0.4873046875 0.5203110296875 0.4873046875 0.518937403125 0.49560546875 0.5181132265625 0.5224609375 0.5178385015625 0.5634765625 0.5183879515625 0.5703125 0.520036303125 0.572265625 0.6455857546875 0.57421875
0 0.6491570875 0.6669921875 0.653003240625 0.66552734375 0.6543768671875 0.66162109375 0.6543768671875 0.59716796875 0.653003240625 0.5791015625 0.5821241203125 0.57421875 0.5227834609374999 0.57470703125 0.5189373078124999 0.57568359375 0.51756368125 0.57861328125 0.5167395046875 0.59716796875 0.5167395046875 0.65966796875 0.51728895625 0.6630859375 0.5203109328125 0.66552734375 0.6491570875 0.6669921875
0 0.65410156875 0.759765625 0.656574096875 0.75146484375 0.656574096875 0.671875 0.6554751953125 0.6689453125 0.650530140625 0.66796875 0.519486184375 0.66552734375 0.5175631078125 0.66796875 0.51646420625 0.712890625 0.51618948125 0.75830078125 0.519211459375 0.76171875 0.6483323375000001 0.763671875 0.65410156875 0.759765625
0 0.6554749078125 0.8564453125 0.6582221609375 0.85400390625 0.6579474359375 0.77197265625 0.656573809375 0.76513671875 0.519485896875 0.765625 0.51646391875 0.7685546875 0.5142661171875 0.8486328125 0.5153650187500001 0.8544921875 0.6302001828125 0.85888671875 0.6554749078125 0.8564453125
0 0.518112653125 0.5732421875 0.52003573125 0.56640625 0.52113463125 0.49609375 0.52085990625 0.486328125 0.5192115546875 0.4833984375 0.44036540156250004 0.48095703125 0.386519246875 0.482421875 0.3848708953125 0.486328125 0.38322254375 0.51318359375 0.38129946718749996 0.5703125 0.3843214453125 0.5732421875 0.51481595 0.57568359375 0.518112653125 0.5732421875
0 0.44366200781250004 0.66650390625 0.5142664046875 0.666015625 0.5172883828125 0.6630859375 0.5181125578125 0.65087890625 0.5186620078125 0.580078125 0.5175631078125 0.57470703125 0.51564003125 0.5732421875 0.382672996875 0.57470703125 0.38020047031250004 0.58154296875 0.37827739375 0.6240234375 0.37745321718749997 0.6591796875 0.37827739375 0.662109375 0.381299371875 0.66357421875 0.44366200781250004 0.66650390625
0 0.5123429453125 0.75830078125 0.5145407468750001 0.755859375 0.515090196875 0.75048828125 0.5156396484375 0.67626953125 0.5134418453125 0.66748046875 0.5052000875 0.6650390625 0.3782770109375 0.666015625 0.37607920781250004 0.66943359375 0.37415613125 0.7197265625 0.37415613125 0.75048828125 0.37498030781249997 0.75537109375 0.37772756093750004 0.75830078125 0.5123429453125 0.75830078125
0 0.5148151859375 0.857421875 0.5178371640625 0.8486328125 0.5172877125 0.77099609375 0.5161888125 0.7646484375 0.5123426578125 0.76123046875 0.375804196875 0.75927734375 0.3741558453125 0.76123046875 0.37305694375 0.8076171875 0.37278221875 0.85546875 0.3785514484375 0.85986328125 0.488991009375 0.86279296875 0.5148151859375 0.857421875
0 0.22415718281250002 0.3310546875 0.22333300781249998 0.29638671875 0.22168465624999997 0.2939453125 0.15410223750000002 0.3017578125 0.1486077328125 0.30419921875 0.1483330078125 0.33984375 0.1683879515625 0.33984375 0.22223410625 0.3330078125 0.22415718281250002 0.3310546875
0 0.2208602890625 0.34912109375 0.15080534375000001 0.35400390625 0.148058090625 0.3564453125 0.1466844640625 0.36328125 0.1472339140625 0.3935546875 0.223332815625 0.3876953125 0.223607540625 0.35205078125 0.2208602890625 0.34912109375
0 0.2126185296875 0.4287109375 0.21371743125 0.42431640625 0.21454160781249998 0.3896484375 0.21097017812500002 0.388671875 0.1409152328125 0.40087890625 0.13899215625 0.40869140625 0.1376185296875 0.43701171875 0.13844270625 0.44287109375 0.209871278125 0.43017578125 0.2126185296875 0.4287109375
0 0.23844165468749998 0.52783203125 0.2700350609375 0.5244140625 0.3035515453125 0.5126953125 0.30245264375 0.4697265625 0.3005295671875 0.462890625 0.243386709375 0.47314453125 0.2170130828125 0.47998046875 0.2139911046875 0.48291015625 0.2128922046875 0.51416015625 0.21563945625 0.52392578125 0.21811198437499998 0.52587890625 0.23844165468749998 0.52783203125
0 0.2988807375 0.5703125 0.3002543640625 0.51953125 0.29833128593749997 0.51611328125 0.29256205625 0.5166015625 0.22662798906249998 0.5322265625 0.21316645156249997 0.5380859375 0.21261700156250002 0.58203125 0.2137159015625 0.583984375 0.29558403437499997 0.57275390625 0.2988807375 0.5703125
0 0.230199609375 0.63671875 0.3027270828125 0.62744140625 0.3008040046875 0.5849609375 0.2997051046875 0.580078125 0.2977820265625 0.578125 0.23047433437499998 0.583984375 0.218111696875 0.5888671875 0.21426554375 0.5966796875 0.21316664218749998 0.6298828125 0.21399081875 0.63330078125 0.2186611484375 0.63623046875 0.230199609375 0.63671875
0 0.3062985109375 0.68310546875 0.304924884375 0.62890625 0.30190290625 0.626953125 0.255474334375 0.62890625 0.22415565312500002 0.638671875 0.21976004843750002 0.64111328125 0.21756224687499998 0.64501953125 0.21563917031250002 0.66162109375 0.21508971875 0.6796875 0.21976004843750002 0.6826171875 0.2683864234375 0.6884765625 0.3062985109375 0.68310546875
0 0.3073968375 0.74072265625 0.309869365625 0.73876953125 0.3106935421875 0.7353515625 0.31344079375 0.68408203125 0.3115177171875 0.6826171875 0.23953969531250002 0.68798828125 0.22470453125 0.69140625 0.22168255312500001 0.69677734375 0.2189353 0.732421875 0.2183858484375 0.7431640625 0.2208583765625 0.74560546875 0.28871551875 0.74365234375 0.3073968375 0.74072265625
0 0.2972316203125 0.802734375 0.3013525 0.79638671875 0.3027261265625 0.75 0.30190195000000003 0.74560546875 0.2997041484375 0.7431640625 0.27085799375 0.74169921875 0.21096788437499997 0.74609375 0.21096788437499997 0.79296875 0.2120667859375 0.794921875 0.27085799375 0.8037109375 0.2972316203125 0.802734375
0 0.29860505625 0.86328125 0.29915450625 0.857421875 0.29887978125000003 0.8056640625 0.2969567046875 0.80224609375 0.24008857187500002 0.80029296875 0.227451209375 0.8017578125 0.2068468140625 0.81005859375 0.20355011093750003 0.83642578125 0.2030006609375 0.84912109375 0.2057479125 0.85546875 0.29668197812499997 0.865234375 0.29860505625 0.86328125
0 0.3013556546875 0.4150390625 0.30272928125 0.41162109375 0.30245455625 0.4091796875 0.2983336765625 0.40673828125 0.26454246718749996 0.39501953125 0.231300709375 0.3876953125 0.22937763281249998 0.38818359375 0.22800400625 0.3935546875 0.22772928124999997 0.40185546875 0.22965235781249999 0.408203125 0.2491578515625 0.41748046875 0.3013556546875 0.4150390625
0 0.1389960765625 0.638671875 0.188446625 0.63427734375 0.2087762953125 0.630859375 0.2115235484375 0.6259765625 0.2115235484375 0.5791015625 0.20960047187500003 0.5771484375 0.17196310937499998 0.57763671875 0.1329521203125 0.583984375 0.12196310937499999 0.587890625 0.1230620109375 0.62890625 0.1244356359375 0.63427734375 0.1277323390625 0.6376953125 0.1389960765625 0.638671875
0 0.20905092500000003 0.6845703125 0.2128970796875 0.681640625 0.21317180468750002 0.63818359375 0.212347628125 0.63134765625 0.2104245515625 0.6298828125 0.12745751875 0.640625 0.12471026562500001 0.64208984375 0.1225124640625 0.64892578125 0.1200399359375 0.6904296875 0.1216882875 0.6943359375 0.1878970796875 0.6884765625 0.20905092500000003 0.6845703125
0 0.1381716140625 0.7470703125 0.20465512968750002 0.74658203125 0.2120727125 0.7421875 0.21674304218749998 0.72998046875 0.2170177671875 0.69384765625 0.2139957890625 0.6884765625 0.17800677812500001 0.68603515625 0.134325459375 0.68896484375 0.12443534999999999 0.693359375 0.121688096875 0.69775390625 0.1197650203125 0.70703125 0.1197650203125 0.73974609375 0.121688096875 0.7431640625 0.12718260312500002 0.7451171875 0.1381716140625 0.7470703125
0 0.210423978125 0.80126953125 0.210423978125 0.75341796875 0.20080859375000001 0.7470703125 0.181577825 0.74560546875 0.122237165625 0.751953125 0.1186657359375 0.75537109375 0.11674265937499999 0.767578125 0.1156437578125 0.80224609375 0.1172921109375 0.80517578125 0.2049294734375 0.8056640625 0.210423978125 0.80126953125
0 0.2002589515625 0.8603515625 0.2035556546875 0.857421875 0.20575345781249998 0.80908203125 0.201907303125 0.80517578125 0.13734686406250002 0.80126953125 0.114269940625 0.80224609375 0.1101490625 0.80517578125 0.11179741406249999 0.8583984375 0.11317103906249999 0.86181640625 0.1626215890625 0.8623046875 0.2002589515625 0.8603515625
0 0.2068544625 0.462890625 0.21509622031250003 0.43310546875 0.1378984171875 0.44140625 0.1329533625 0.44384765625 0.1329533625 0.470703125 0.135700615625 0.47265625 0.185700615625 0.47021484375 0.2068544625 0.462890625
0 0.29916225 0.4521484375 0.3016347765625 0.4501953125 0.30575565625 0.43017578125 0.30520620625 0.42333984375 0.3035578546875 0.42041015625 0.2914699421875 0.4189453125 0.239821590625 0.42333984375 0.215645765625 0.4287109375 0.215096315625 0.45947265625 0.21729411718749997 0.466796875 0.252458953125 0.46240234375 0.29916225 0.4521484375
0 0.06923076875 0.37255859375 0.0673076921875 0.37451171875 0.0675824171875 0.38525390625 0.13571428593749998 0.380859375 0.134340659375 0.3671875 0.06923076875 0.37255859375
0 0.13131868124999999 0.38525390625 0.1291208796875 0.38232421875 0.1239010984375 0.3818359375 0.05631868125 0.38671875 0.0521978015625 0.392578125 0.050274725 0.42431640625 0.050549449999999996 0.43212890625 0.128021978125 0.42724609375 0.1291208796875 0.42529296875 0.13131868124999999 0.38525390625
0 0.13159340625 0.4658203125 0.134340659375 0.44091796875 0.1266483515625 0.4384765625 0.0642857140625 0.4423828125 0.0629120875 0.4443359375 0.058791209375 0.46826171875 0.060439560937500005 0.47216796875 0.1293956046875 0.46826171875 0.13159340625 0.4658203125
0 0.128846153125 0.5078125 0.133791209375 0.47705078125 0.1332417578125 0.4736328125 0.1239010984375 0.47021484375 0.0579670328125 0.46923828125 0.0521978015625 0.4736328125 0.051923076562500003 0.51318359375 0.053846153125 0.5166015625 0.1269230765625 0.51025390625 0.128846153125 0.5078125
0 0.2010989015625 0.576171875 0.2104395609375 0.5732421875 0.2115384609375 0.53369140625 0.21098901093750003 0.5302734375 0.2071428578125 0.52587890625 0.14423076875000002 0.529296875 0.11978022031249999 0.5341796875 0.11895604374999999 0.54541015625 0.1203296703125 0.57861328125 0.1241758234375 0.5810546875 0.2010989015625 0.576171875
0 0.2079670328125 0.521484375 0.2115384609375 0.517578125 0.21291208749999999 0.482421875 0.2120879125 0.4775390625 0.209065934375 0.474609375 0.1263736265625 0.4736328125 0.1228021984375 0.4775390625 0.12005494531250001 0.5068359375 0.11895604374999999 0.5244140625 0.121428571875 0.52734375 0.15769230781250002 0.52783203125 0.2079670328125 0.521484375
0 0.1175824171875 0.55908203125 0.11868131875000001 0.55712890625 0.1208791203125 0.51220703125 0.11923076875000001 0.509765625 0.103571428125 0.50927734375 0.0483516484375 0.517578125 0.046428571875000005 0.52001953125 0.045604395312500004 0.52880859375 0.044230768749999996 0.55419921875 0.044230768749999996 0.5634765625 0.045604395312500004 0.56494140625 0.1175824171875 0.55908203125
0 0.1126373625 0.6083984375 0.11730769218749999 0.6064453125 0.11840659375 0.6025390625 0.11730769218749999 0.5634765625 0.11565934062500001 0.5615234375 0.0958791203125 0.560546875 0.046428571875000005 0.5654296875 0.0425824171875 0.5703125 0.0414835171875 0.576171875 0.0398351640625 0.6064453125 0.040109890625 0.61279296875 0.0414835171875 0.6142578125 0.1126373625 0.6083984375
0 0.1123626375 0.65771484375 0.1140109890625 0.6513671875 0.11565934062500001 0.609375 0.0917582421875 0.60986328125 0.04395604375 0.61572265625 0.041208790625000005 0.61865234375 0.0387362640625 0.642578125 0.0376373625 0.66015625 0.0392857140625 0.66162109375 0.090384615625 0.66064453125 0.1123626375 0.65771484375
0 0.11483516406250001 0.7158203125 0.11648351718750001 0.70751953125 0.11730769218749999 0.6640625 0.11428571406250002 0.662109375 0.05934065937500001 0.6611328125 0.034340659375 0.66357421875 0.0291208796875 0.66845703125 0.0260989015625 0.7060546875 0.0266483515625 0.71728515625 0.027747253125 0.720703125 0.030494506249999997 0.72216796875 0.11483516406250001 0.7158203125
0 0.11538461562499999 0.76513671875 0.11538461562499999 0.71728515625 0.1140109890625 0.71630859375 0.0450549453125 0.7216796875 0.0423076921875 0.7265625 0.0414835171875 0.7333984375 0.0395604390625 0.75439453125 0.040659340625 0.7626953125 0.1118131875 0.7666015625 0.11538461562499999 0.76513671875
0 0.1115384609375 0.79638671875 0.1134615390625 0.78271484375 0.1126373625 0.76953125 0.11126373593750001 0.76708984375 0.090659340625 0.76513671875 0.0425824171875 0.76318359375 0.0370879125 0.76611328125 0.0357142859375 0.77734375 0.035439560937499996 0.78564453125 0.0368131875 0.787109375 0.109340659375 0.798828125 0.1115384609375 0.79638671875
0 0.1085164828125 0.82275390625 0.109615384375 0.79541015625 0.1085164828125 0.79345703125 0.034340659375 0.79052734375 0.032967032812500005 0.79443359375 0.03131868125 0.81396484375 0.031043956249999997 0.82177734375 0.0335164828125 0.82421875 0.10549450625000001 0.83203125 0.1085164828125 0.82275390625
0 0.10329670312499999 0.86474609375 0.10467032968750001 0.86181640625 0.10576923125 0.83203125 0.10329670312499999 0.826171875 0.028571428125 0.82421875 0.0260989015625 0.828125 0.0241758234375 0.8623046875 0.02554945 0.865234375 0.0978021984375 0.8662109375 0.10329670312499999 0.86474609375