0 0.796875 0.47421875 0.1171875 0.1546875
0 0.7953125 0.63359375 0.11875 0.165625
0 0.79609375 0.803125 0.121875 0.1796875
0 0.92578125 0.54375 0.1328125 0.140625
0 0.928125 0.6796875 0.128125 0.1421875
0 0.9234375 0.8234375 0.11875 0.15625
0 0.5671875 0.21171875 0.1046875 0.0890625
0 0.56953125 0.3109375 0.0875 0.0921875
0 0.56875 0.40234375 0.090625 0.0953125
0 0.56640625 0.50234375 0.0921875 0.103125
0 0.5625 0.6015625 0.0984375 0.1140625
0 0.55859375 0.70625 0.0953125 0.109375
0 0.55546875 0.81640625 0.0984375 0.115625
0 0.48203125 0.209375 0.0734375 0.090625
0 0.484375 0.30390625 0.090625 0.0921875
0 0.47890625 0.39765625 0.0921875 0.0984375
0 0.47578125 0.49609375 0.096875 0.1046875
0 0.46796875 0.59765625 0.1015625 0.109375
0 0.46484375 0.7015625 0.103125 0.1125
0 0.46015625 0.8125 0.10625 0.103125
0 0.36171875 0.80390625 0.1 0.1
0 0.36875 0.69765625 0.0984375 0.10625
0 0.375 0.59375 0.09375 0.096875
0 0.3828125 0.4921875 0.09375 0.0921875
0 0.38984375 0.39765625 0.0921875 0.09375
0 0.39765625 0.3046875 0.0921875 0.0921875
0 0.403125 0.2125 0.0859375 0.0828125
0 0.4058929296875 0.0910721078125 0.3987279875 0.1620342296875 0.4746498734375 0.15657478593750002 0.482606140625 0.0729416859375 0.4058929296875 0.0910721078125
0 0.3109375 0.13203125 0.0828125 0.071875
0 0.30390625 0.215625 0.0859375 0.0875
0 0.29453125 0.3046875 0.0859375 0.0921875
0 0.28671875 0.39609375 0.0875 0.0984375
0 0.27734375 0.49140625 0.0921875 0.103125
0 0.265625 0.5890625 0.0921875 0.0984375
0 0.2546875 0.69296875 0.103125 0.1140625
0 0.24375 0.80390625 0.0984375 0.1
0 0.1453125 0.796875 0.1046875 0.1046875
0 0.1609375 0.69453125 0.1 0.1046875
0 0.17421875 0.5890625 0.1046875 0.1078125
0 0.18515625 0.4921875 0.0921875 0.096875
0 0.19453125 0.3984375 0.09375 0.0921875
0 0.20625 0.30234375 0.0921875 0.0921875
0 0.21796875 0.21328125 0.090625 0.09375
0 0.228125 0.13046875 0.0875 0.08125
0 0.14296875 0.109375 0.0875 0.08125
0 0.13203125 0.1953125 0.084375 0.084375
0 0.11875 0.2828125 0.084375 0.0875
0 0.1046875 0.375 0.0921875 0.0953125
0 0.09140625 0.47109375 0.090625 0.1015625
0 0.0796875 0.57109375 0.09375 0.1046875
0 0.0640625 0.675 0.096875 0.115625
0 0.04921875 0.78515625 0.0984375 0.1140625