0 0.54375 0.703125 0.13203125 0.09140625
0 0.39375 0.70625 0.1375 0.09375
0 0.54609375 0.8015625 0.1359375 0.10078125
0 0.528125 0.3578125 0.1265625 0.07890625
0 0.39765625 0.440625 0.13046875 0.08984375
0 0.3953125 0.61484375 0.13671875 0.08828125
0 0.53125 0.61328125 0.13359375 0.0828125
0 0.39609375 0.5234375 0.1296875 0.08046875
0 0.52734375 0.44296875 0.128125 0.08046875
0 0.52734375 0.52265625 0.12734375 0.0828125
0 0.52734375 0.27890625 0.11875 0.07734375
0 0.40234375 0.8046875 0.146875 0.1
0 0.4046875 0.27265625 0.12578125 0.08046875
0 0.39921875 0.353125 0.1265625 0.0796875
0 0.25625 0.1609375 0.13046875 0.078125
0 0.24921875 0.24296875 0.1328125 0.07890625
0 0.10625 0.2296875 0.1421875 0.0859375
0 0.246875 0.3265625 0.1359375 0.08359375
0 0.0953125 0.3140625 0.1453125 0.08828125
0 0.0859375 0.40703125 0.14765625 0.090625
0 0.07109375 0.59609375 0.1421875 0.09765625
0 0.20234375 0.80703125 0.15625 0.1046875
0 0.221875 0.60078125 0.1421875 0.0953125
0 0.21328125 0.70234375 0.1453125 0.09609375
0 0.23515625 0.415625 0.14140625 0.08671875
0 0.0609375 0.803125 0.1171875 0.10234375
0 0.07734375 0.496875 0.146875 0.0953125
0 0.22578125 0.50546875 0.1375 0.0890625
0 0.0671875 0.7015625 0.1234375 0.0984375