0 0.403125 0.2734375 0.12578125 0.09765625
0 0.528125 0.275 0.1234375 0.090625
0 0.39921875 0.36015625 0.13046875 0.08515625
0 0.52734375 0.3609375 0.12734375 0.0828125
0 0.3984375 0.8078125 0.13984375 0.10234375
0 0.54375 0.8046875 0.1359375 0.11015625
0 0.39140625 0.7015625 0.1359375 0.1046875
0 0.39296875 0.61875 0.13671875 0.0953125
0 0.39453125 0.5234375 0.13125 0.0953125
0 0.396875 0.440625 0.1328125 0.08515625
0 0.525 0.4453125 0.12890625 0.08046875
0 0.5265625 0.52890625 0.13671875 0.07578125
0 0.5328125 0.615625 0.1359375 0.0828125
0 0.54375 0.70546875 0.13828125 0.09765625