0 0.5609375 0.55078125 0.165625 0.1078125
0 0.73125 0.44453125 0.165625 0.1
0 0.73671875 0.55625 0.16640625 0.1
0 0.5609375 0.66015625 0.1625 0.10390625
0 0.72421875 0.66953125 0.16953125 0.1046875
0 0.71484375 0.76015625 0.1640625 0.08828125
0 0.55546875 0.76171875 0.15546875 0.08515625
0 0.5546875 0.85078125 0.153125 0.084375
0 0.71875 0.85625 0.1578125 0.08359375
0 0.035362403125000004 0.42283949375 0.0477327 0.5774385390625 0.1268660109375 0.5675658734375 0.1171479234375 0.41824094531249995 0.035362403125000004 0.42283949375
0 0.050987403125 0.583333321875 0.0623099390625 0.7242953234375 0.14074905625 0.71935894375 0.13241925000000002 0.5737363249999999 0.050987403125 0.583333321875
0 0.056195735937500005 0.72530863125 0.0706397453125 0.8612793468750001 0.15740877343749998 0.845236228125 0.14074905625 0.72182718125 0.056195735937500005 0.72530863125
0 0.9730376359375 0.4836476828125 0.9848383078125 0.3861545171875 0.8161591906250001 0.39232496875 0.8175475796875 0.396027278125 0.8085235796875001 0.4824136125 0.9730376359375 0.4836476828125
0 0.820084625 0.2716049265625 0.8168533859375 0.3676431609375 0.985532290625 0.3738136125 0.990391440625 0.254106875 0.820084625 0.2716049265625
0 0.820084625 0.49691356875 0.8265714734375 0.6008862781250001 0.964013740625 0.579906778125 0.97026106875 0.478711303125 0.820084625 0.49691356875
0 0.8131401796875 0.6111110984375 0.8106059515625 0.69837944375 0.954295440625 0.6823362296875 0.959154590625 0.5910136109375 0.8131401796875 0.6111110984375
0 0.807931846875 0.7037036921875 0.8022761468749999 0.7921703 0.945271546875 0.7773612515625 0.9549896359375 0.676165778125 0.807931846875 0.7037036921875
0 0.7992512921875 0.80555554375 0.7946405359375001 0.8847270859374999 0.9376358296875 0.8723861812499999 0.9445773515625 0.7835317046875 0.7992512921875 0.80555554375