0 0.83203125 0.2953125 0.1203125 0.1484375
0 0.87890625 0.46484375 0.03828125 0.17578125
0 0.92109375 0.46328125 0.0375 0.1765625
0 0.96171875 0.4609375 0.0375 0.17578125
0 0.6953125 0.61796875 0.13515625 0.14140625
0 0.6484375 0.453125 0.09921875 0.11796875
0 0.6421875 0.32578125 0.10078125 0.11875
0 0.69453125 0.759375 0.13125 0.1265625
0 0.6171875 0.8921875 0.071875 0.05625
0 0.48671875 0.8015625 0.18046875 0.23046875
0 0.4875 0.55703125 0.184375 0.23046875
0 0.415625 0.35703125 0.04375 0.15546875
0 0.29296875 0.25625 0.1953125 0.44140625
0 0.2921875 0.71015625 0.19375 0.43671875