0 0.79375 0.19140625 0.1046875 0.10625
0 0.82734375 0.315625 0.10625 0.1109375
0 0.79296875 0.40390625 0.10625 0.109375
0 0.7578125 0.49296875 0.1109375 0.115625
0 0.71796875 0.58828125 0.115625 0.1203125
0 0.68046875 0.684375 0.11875 0.125
0 0.63984375 0.78203125 0.11875 0.1265625
0 0.59609375 0.8859375 0.1265625 0.13125
0 0.50859375 0.84140625 0.1328125 0.1359375
0 0.55234375 0.73984375 0.1265625 0.13125
0 0.59921875 0.63984375 0.121875 0.1265625
0 0.63984375 0.54765625 0.121875 0.1265625
0 0.67734375 0.453125 0.1171875 0.11875
0 0.71640625 0.3640625 0.1078125 0.109375
0 0.75390625 0.27578125 0.1109375 0.115625
0 0.67421875 0.23828125 0.1109375 0.1109375
0 0.63828125 0.325 0.1125 0.115625
0 0.5953125 0.41328125 0.11875 0.121875
0 0.55703125 0.50703125 0.1171875 0.121875
0 0.5125 0.60078125 0.1265625 0.1296875
0 0.46796875 0.69765625 0.1296875 0.134375
0 0.42265625 0.79765625 0.134375 0.1390625
0 0.9546875 0.3296875 0.090625 0.096875
0 0.928125 0.4125 0.0953125 0.1
0 0.8984375 0.49296875 0.0953125 0.103125
0 0.86875 0.57578125 0.1015625 0.1078125
0 0.8390625 0.66328125 0.10625 0.115625
0 0.8046875 0.7609375 0.1078125 0.11875
0 0.759375 0.8453125 0.1109375 0.1203125
0 0.7328125 0.94609375 0.109375 0.1078125
0 0.9875 0.3765625 0.025 0.09375
0 0.975 0.45625 0.05 0.1
0 0.96171875 0.5390625 0.0765625 0.096875
0 0.934375 0.62578125 0.0921875 0.1046875
0 0.91015625 0.71171875 0.1015625 0.10625
0 0.871875 0.80234375 0.1 0.1109375