0 0.4890625 0.75546875 0.1703125 0.24375
0 0.57734375 0.78828125 0.1578125 0.23125
0 0.64453125 0.86015625 0.0953125 0.1234375
0 0.6921875 0.740625 0.109375 0.1375
0 0.74296875 0.615625 0.1140625 0.1515625
0 0.80234375 0.4828125 0.1109375 0.140625
0 0.6578125 0.57734375 0.1640625 0.2390625
0 0.571875 0.53828125 0.1640625 0.246875
0 0.6609375 0.3125 0.1875 0.278125
0 0.75625 0.35390625 0.1765625 0.2578125
0 0.50078125 0.26875 0.20625 0.265625
0 0.43203125 0.490625 0.178125 0.2546875
0 0.35703125 0.70625 0.165625 0.225
0 0.2515625 0.71484375 0.096875 0.1203125
0 0.296875 0.5875 0.1046875 0.1453125
0 0.334375 0.4625 0.1046875 0.134375
0 0.37578125 0.33359375 0.1125 0.1578125
0 0.415625 0.1921875 0.11875 0.14375
0 0.30390625 0.30625 0.115625 0.1453125
0 0.34609375 0.16484375 0.1125 0.14375
0 0.26640625 0.43671875 0.109375 0.1359375
0 0.21875 0.5703125 0.1140625 0.1515625
0 0.18203125 0.69140625 0.1125 0.140625
0 0.1 0.66796875 0.10625 0.128125
0 0.14296875 0.53671875 0.103125 0.1296875
0 0.184375 0.41328125 0.1171875 0.15625
0 0.22265625 0.28515625 0.125 0.1671875
0 0.04140625 0.640625 0.0828125 0.1375
0 0.0860471046875 0.586796090625 0.12651447656249998 0.461757528125 0.0525919203125 0.44985867187500006 0.023728051562499998 0.56956799375 0.0860471046875 0.586796090625
0 0.1694499390625 0.33406195 0.0957151203125 0.3088472828125 0.0591897890625 0.4349916140625 0.1251721375 0.460727303125 0.1694499390625 0.33406195
0 0.1665784125 0.3287157921875 0.21677825 0.20020431562500002 0.13616791718750001 0.180074175 0.0961252265625 0.30476084531250003 0.1665784125 0.3287157921875
0 0.3157169203125 0.0662007671875 0.23779128749999998 0.048131023437499997 0.198514321875 0.18289509531249998 0.2682664984375 0.21018535625 0.3157169203125 0.0662007671875