0 0.65234375 0.759375 0.1671875 0.1359375
0 0.70546875 0.5671875 0.1640625 0.134375
0 0.68203125 0.66328125 0.1609375 0.1328125
0 0.8078125 0.72265625 0.1484375 0.1265625
0 0.62109375 0.8578125 0.1734375 0.140625
0 0.334375 0.71796875 0.196875 0.2234375
0 0.83203125 0.63125 0.1453125 0.1203125
0 0.534375 0.59140625 0.1828125 0.20625
0 0.4734375 0.76953125 0.1953125 0.2203125
0 0.5953125 0.4234375 0.1796875 0.1984375
0 0.39921875 0.5421875 0.1859375 0.209375
0 0.7296875 0.48359375 0.14375 0.115625
0 0.87890625 0.465625 0.146875 0.1171875
0 0.85703125 0.54609375 0.153125 0.1234375
0 0.784375 0.81328125 0.15 0.1265625
0 0.78203125 0.32421875 0.14375 0.115625
0 0.1328125 0.409375 0.15 0.146875
0 0.75234375 0.909375 0.146875 0.125
0 0.08125 0.525 0.1578125 0.1578125
0 0.90234375 0.384375 0.140625 0.1125
0 0.18046875 0.30390625 0.14375 0.1375
0 0.75546875 0.40390625 0.1421875 0.1140625
0 0.265625 0.09609375 0.1390625 0.134375
0 0.23046875 0.19921875 0.1453125 0.1375
0 0.05078125 0.64453125 0.1015625 0.1515625
0 0.04609375 0.38828125 0.0921875 0.1859375
0 0.11328125 0.2046875 0.1265625 0.184375