0 0.56640625 0.2640625 0.1625 0.18046875
0 0.5796875 0.4609375 0.15703125 0.178125
0 0.584375 0.65390625 0.16171875 0.1734375
0 0.5859375 0.8515625 0.1625 0.18203125
0 0.7546875 0.846875 0.1609375 0.18125
0 0.75078125 0.65 0.15859375 0.190625
0 0.7484375 0.45078125 0.16171875 0.18515625
0 0.74921875 0.25546875 0.1515625 0.18359375
0 0.91875 0.259375 0.15546875 0.1890625
0 0.91328125 0.45546875 0.1578125 0.18046875
0 0.91875 0.653125 0.15546875 0.18203125
0 0.91796875 0.84609375 0.15546875 0.18515625
0 0.26953125 0.38671875 0.26796875 0.359375
0 0.26953125 0.76953125 0.26640625 0.3609375
0 0.24453125 0.14375 0.1859375 0.08671875