0 0.8375 0.27265625 0.1375 0.18203125
0 0.8390625 0.4671875 0.128125 0.18984375
0 0.84140625 0.6640625 0.13125 0.1796875
0 0.83984375 0.85390625 0.13359375 0.18515625
0 0.6171875 0.86328125 0.13828125 0.1765625
0 0.61796875 0.66875 0.13671875 0.1859375
0 0.61796875 0.4765625 0.13828125 0.1734375
0 0.6171875 0.284375 0.134375 0.18984375
0 0.47265625 0.278125 0.13828125 0.19609375
0 0.4734375 0.478125 0.14453125 0.178125
0 0.47265625 0.6734375 0.13671875 0.19296875
0 0.4734375 0.871875 0.1390625 0.175
0 0.3234375 0.275 0.14765625 0.18515625
0 0.32578125 0.4765625 0.13984375 0.190625
0 0.3265625 0.678125 0.14765625 0.18203125
0 0.325 0.87578125 0.14609375 0.19140625
0 0.171875 0.88359375 0.14609375 0.175
0 0.17265625 0.68125 0.14765625 0.19453125
0 0.17109375 0.478125 0.1515625 0.18046875
0 0.17109375 0.2734375 0.14296875 0.2