0 0.71484375 0.2859375 0.0984375 0.0984375
0 0.8171875 0.36796875 0.0984375 0.0890625
0 0.72265625 0.37734375 0.0984375 0.0921875
0 0.7875 0.5421875 0.2140625 0.25625
0 0.8125 0.80078125 0.215625 0.2671875
0 0.61484375 0.82734375 0.215625 0.2578125
0 0.5890625 0.56796875 0.2203125 0.2703125
0 0.56796875 0.29921875 0.2203125 0.25625
0 0.36015625 0.325 0.225 0.26875
0 0.38046875 0.59140625 0.228125 0.26875
0 0.41015625 0.85078125 0.2234375 0.2671875
0 0.19921875 0.87578125 0.2265625 0.2484375
0 0.16953125 0.615625 0.228125 0.2765625
0 0.14453125 0.3421875 0.2328125 0.2796875