0 0.725 0.69921875 0.1484375 0.096875
0 0.71640625 0.50078125 0.1453125 0.0953125
0 0.72421875 0.59921875 0.140625 0.0953125
0 0.86171875 0.61640625 0.128125 0.09375
0 0.72578125 0.803125 0.153125 0.1
0 0.409375 0.75859375 0.1484375 0.190625
0 0.85625 0.521875 0.1265625 0.0875
0 0.5609375 0.5765625 0.1390625 0.1765625
0 0.5578125 0.76484375 0.1484375 0.1875
0 0.5671875 0.39765625 0.1375 0.16875
0 0.4171875 0.57109375 0.140625 0.178125
0 0.71328125 0.41328125 0.1265625 0.0828125
0 0.85 0.35078125 0.13125 0.08125
0 0.85390625 0.43359375 0.134375 0.0875
0 0.8671875 0.71015625 0.13125 0.0921875
0 0.7140625 0.2453125 0.128125 0.08125
0 0.12265625 0.52734375 0.121875 0.1171875
0 0.86640625 0.81171875 0.128125 0.0921875
0 0.109375 0.653125 0.128125 0.128125
0 0.846875 0.265625 0.125 0.0796875
0 0.1359375 0.4125 0.1171875 0.109375
0 0.71328125 0.3296875 0.125 0.08125
0 0.15234375 0.18828125 0.1140625 0.10625
0 0.15078125 0.296875 0.1203125 0.1078125
0 0.09375 0.784375 0.1234375 0.1234375
0 0.02734375 0.53671875 0.0546875 0.1796875
0 0.04140625 0.33828125 0.078125 0.1734375
0 0.015625 0.73671875 0.03125 0.1984375