0 0.4921875 0.80546875 0.14375 0.125
0 0.628125 0.81171875 0.1375 0.1265625
0 0.628125 0.70859375 0.1328125 0.096875
0 0.62265625 0.6265625 0.134375 0.1
0 0.48671875 0.70390625 0.1453125 0.103125
0 0.48984375 0.6125 0.1390625 0.09375
0 0.49375 0.5359375 0.1375 0.096875
0 0.62578125 0.53984375 0.13125 0.0921875
0 0.496875 0.44453125 0.1328125 0.0890625
0 0.62265625 0.4578125 0.1296875 0.0890625
0 0.5015625 0.36015625 0.128125 0.096875
0 0.63125 0.3734375 0.125 0.09375
0 0.63125 0.2921875 0.1234375 0.0890625
0 0.50859375 0.28046875 0.13125 0.084375
0 0.36953125 0.17265625 0.1328125 0.0875
0 0.22734375 0.23046875 0.1421875 0.0921875
0 0.14921875 0.78515625 0.1578125 0.115625
0 0.3015625 0.80078125 0.1453125 0.109375
0 0.31484375 0.69765625 0.15625 0.1171875
0 0.1609375 0.684375 0.1546875 0.0984375
0 0.175 0.58125 0.1421875 0.0953125
0 0.190625 0.49140625 0.1515625 0.1046875
0 0.20703125 0.40703125 0.153125 0.1
0 0.2125 0.3078125 0.134375 0.096875
0 0.3296875 0.60078125 0.1484375 0.1078125
0 0.340625 0.51015625 0.1484375 0.103125
0 0.3484375 0.4171875 0.1375 0.109375
0 0.3578125 0.3265625 0.1390625 0.0890625
0 0.3640625 0.24609375 0.1359375 0.09375