0 0.459375 0.40234375 0.1046875 0.040625
0 0.45546875 0.41875 0.1046875 0.034375
0 0.45 0.4375 0.103125 0.0328125
0 0.446875 0.453125 0.103125 0.0328125
0 0.44375 0.46953125 0.1015625 0.0328125
0 0.43984375 0.48515625 0.1015625 0.034375
0 0.43671875 0.50234375 0.1015625 0.034375
0 0.43359375 0.51796875 0.103125 0.0375
0 0.43046875 0.5328125 0.1 0.03125
0 0.42734375 0.5484375 0.1015625 0.0390625
0 0.35625 0.57734375 0.084375 0.075
0 0.42890625 0.596875 0.084375 0.078125
0 0.4140625 0.65546875 0.08125 0.0703125
0 0.40078125 0.70859375 0.08125 0.0640625
0 0.340625 0.634375 0.0828125 0.0703125
0 0.3265625 0.6890625 0.0796875 0.06875
0 0.54140625 0.471875 0.115625 0.1875
0 0.48671875 0.7203125 0.109375 0.1765625
0 0.5984375 0.71484375 0.1015625 0.0734375
0 0.5828125 0.77734375 0.1 0.08125
0 0.56484375 0.83671875 0.0984375 0.075
0 0.5484375 0.8921875 0.0953125 0.071875
0 0.70859375 0.68515625 0.109375 0.0828125
0 0.6921875 0.74765625 0.103125 0.0703125
0 0.6765625 0.80546875 0.10625 0.0765625
0 0.6578125 0.86015625 0.10625 0.075
0 0.640625 0.9171875 0.1078125 0.071875
0 0.8570836328125001 0.6772743234374999 0.9062526796875 0.5126296203125 0.7023019328125 0.4559440828125 0.6575071296874999 0.622238646875 0.6562694953125 0.6225929031249999 0.8570836328125001 0.6772743234374999
0 0.7567494484374999 0.7283487796875 0.84439435 0.7556230515625 0.862504578125 0.6990054140625 0.7761187781250001 0.6713818421875 0.7567494484374999 0.7283487796875
0 0.8245575953125 0.81504201875 0.8419232265625001 0.75697250625 0.7539977718750001 0.7309134359375 0.7359666546875 0.7856293796875 0.8245575953125 0.81504201875
0 0.8045373453125 0.8705787062500001 0.8232518953125 0.8160205484375 0.738822715625 0.7888486984374999 0.7207424421875 0.8441932781249999 0.8045373453125 0.8705787062500001
0 0.7001058625 0.8957477562499999 0.7822400859374999 0.91726988125 0.7824053937500001 0.9185880187500001 0.7989907734374999 0.871218140625 0.715989625 0.8456559484374999 0.7001058625 0.8957477562499999
0 0.6995627062499999 0.8949823718750001 0.685045809375 0.9453897421875 0.76638064375 0.9692872625 0.78161781875 0.9184061921875 0.6995627062499999 0.8949823718750001
0 1 0.44308679531250006 0.9691674375 0.4348471703125 0.9224463999999999 0.584110396875 0.9889221265625 0.6021587859374999 1 0.555189109375 1 0.44308679531250006
0 0.9554697703125001 0.7470568640625 0.9879694703125 0.6046401078125 0.9178234062499999 0.5843937234375 0.8713256421875 0.724929403125 0.9554697703125001 0.7470568640625
0 0.9239636906250001 0.8863172468749999 0.9287301140625001 0.8656715937499999 0.9548776921875 0.7496214328125 0.8616545328124999 0.7240472812500001 0.8218810703124999 0.8539797203124999 0.9239636906250001 0.8863172468749999
0 0.8977179578125 1 0.8982070656250001 0.9978814406250001 0.9233495859374999 0.886184665625 0.818948459375 0.8580298781250001 0.7756425796875 0.983094903125 0.8331866765625 1 0.8977179578125 1
0 0.7515861640625 0.3420697390625 0.7698458703125 0.27942915 0.7001945859375 0.25727105 0.6841121765625 0.3217649359375 0.7515861640625 0.3420697390625
0 0.36320657500000003 0.2834697296875 0.38350415312499997 0.19226108125000002 0.3036172171875 0.1684152078125 0.2842775171875 0.2584943703125 0.36320657500000003 0.2834697296875
0 0.3410682234375 0.3810065484375 0.3611532421875 0.2890735140625 0.2793851515625 0.26816991875 0.2618431296875 0.3573134765625 0.3410682234375 0.3810065484375
0 0.3212792453125 0.47165730312500004 0.34119730625 0.38373761093750003 0.26159269375 0.36333349375 0.24466168437500002 0.44654028125 0.244809703125 0.4458991390625 0.3212792453125 0.47165730312500004
0 0.2972467875 0.5593024265625 0.31837567031249997 0.474363534375 0.23949221718749997 0.4541259109375 0.2204573625 0.5368469874999999 0.2972467875 0.5593024265625
0 0.27631152812500004 0.648337909375 0.2945557734375 0.562733046875 0.2161163796875 0.5405719953125 0.200326740625 0.624042290625 0.27631152812500004 0.648337909375
0 0.2596954953125 0.7268902125000001 0.2770326875 0.648504403125 0.1970029546875 0.626651509375 0.18218981875 0.70562004375 0.2596954953125 0.7268902125000001
0 0.2910821546875 0.191183228125 0.20436836406249997 0.1637353078125 0.20462374218749999 0.16446958125 0.1838392890625 0.2575917703125 0.267668440625 0.28437371875 0.2910821546875 0.191183228125
0 0.2437271921875 0.38149430781250004 0.267501484375 0.2883870625 0.1822300140625 0.2612721296875 0.16045224375 0.35889219687499996 0.2437271921875 0.38149430781250004
0 0.12834210625 0.7019674124999999 0.140582875 0.708169990625 0.23403366874999998 0.41032086718749994 0.22207 0.4062082078125 0.12834210625 0.7019674124999999
0 0.20533532031249999 0.4030200171875 0.11442752187500001 0.6980796609375 0.113819115625 0.69928983125 0.1250134125 0.70322486875 0.2182972484375 0.40938908749999997 0.20533532031249999 0.4030200171875
0 0.204170103125 0.4047769484375 0.1917073046875 0.399536084375 0.0997728765625 0.6926704265625 0.1105256875 0.6985294828125 0.204170103125 0.4047769484375
0 0.18815658125 0.40175525156249997 0.1759158125 0.3955526734375 0.08377825625 0.6910037203125 0.09538134375 0.6950331359375 0.18815658125 0.40175525156249997
0 0.16465436718749998 0.3949787078125 0.07325690625 0.687224046875 0.0729373234375 0.6871502656249999 0.08276105781250001 0.6921195124999999 0.1735208375 0.3977010078125 0.16465436718749998 0.3949787078125
0 0.1472174640625 0.388251821875 0.057114303125 0.6814712890625 0.058086384375 0.6823710265625 0.06797729531249999 0.6887064125 0.16314750625000002 0.3932801921875 0.1472174640625 0.388251821875
0 0.14439736875 0.38895138125 0.13251717968750001 0.38283204843749996 0.0441334375 0.6784744203125 0.0534895703125 0.6840110265625 0.14439736875 0.38895138125
0 0.11694771562499999 0.377886925 0.028776534375000003 0.674253684375 0.0283010875 0.674819234375 0.04080474375 0.679731875 0.13069534375 0.38578802031250004 0.11694771562499999 0.377886925