0 0.70214576875 0.1870370375 0.6085286453125 0.1861111109375 0.6089328218750001 0.29907407343750003 0.7005835406250001 0.29907407343750003 0.70214576875 0.1870370375
0 0.7635934093750001 0.1888888890625 0.7106119796875 0.1879629625 0.7042287390624999 0.29907407343750003 0.758906725 0.2953703703125 0.7635934093750001 0.1888888890625
0 0.8069661453125001 0.13981481406250001 0.7990039140625 0.30555555624999997 0.8687834375 0.3083333328125 0.8786775484374999 0.1416666671875 0.8069661453125001 0.13981481406250001
0 0.8835286453125001 0.140740740625 0.8734701218750001 0.30555555624999997 0.939604446875 0.3083333328125 0.9510607875 0.14351851875 0.8835286453125001 0.140740740625
0 0.9718904953124999 0.5111111109375 0.9871744796874999 0.32685185156249996 0.9088806265624999 0.325 0.898465771875 0.5120370375000001 0.9718904953124999 0.5111111109375
0 0.895862059375 0.5120370375000001 0.9043619796875 0.3240740734375 0.8318107046875 0.322222221875 0.8224373359375001 0.5120370375000001 0.895862059375 0.5120370375000001
0 0.82139585 0.509259259375 0.8267578125 0.322222221875 0.7531785546875 0.3240740734375 0.747450384375 0.5111111109375 0.82139585 0.509259259375
0 0.7083946812499999 0.47592592656250005 0.7152994796875001 0.3129629625 0.621430646875 0.3115740734375 0.61986841875 0.4768518515625 0.7083946812499999 0.47592592656250005
0 0.6679036453125 0.522222221875 0.6630900640624999 0.703703703125 0.7370355296875 0.6990740734374999 0.7406807296875 0.5240740734375 0.6679036453125 0.522222221875
0 0.8109809953125 0.6990740734374999 0.8189453125 0.521296296875 0.7453674140625 0.51944444375 0.7375562734375001 0.702777778125 0.8109809953125 0.6990740734374999
0 0.8215494796874999 0.51944444375 0.8130639671875001 0.6972222218749999 0.8833642328125 0.6972222218749999 0.897163915625 0.5203703703125 0.8215494796874999 0.51944444375
0 0.8996744796874999 0.522222221875 0.8885716609375001 0.7009259265625001 0.9573097 0.696296296875 0.9724112375 0.51851851875 0.8996744796874999 0.522222221875
0 0.9515815296874999 0.8166666671874999 0.9595703125 0.702777778125 0.886488690625 0.7046296296875 0.8802397765625001 0.827777778125 0.9515815296874999 0.8166666671874999
0 0.8776360640625 0.827777778125 0.8845703125 0.7018518515625 0.8141054515624999 0.70555555625 0.8088980250000001 0.8388888890624999 0.8776360640625 0.827777778125
0 0.8036905984375 0.8351851859374999 0.8106119796875 0.7018518515625 0.73963924375 0.7083333328125 0.7354733015625 0.8416666671874999 0.8036905984375 0.8351851859374999
0 0.7333903312500001 0.8398148140625 0.7361328125 0.709259259375 0.655799665625 0.7101851859375 0.6521544671874999 0.8333333328125001 0.7333903312500001 0.8398148140625
0 0.3796875 0.6109375 0.10703125 0.184375
0 0.38359375 0.78359375 0.1078125 0.140625
0 0.47890625 0.78203125 0.07265625 0.1390625
0 0.26484375 0.609375 0.1046875 0.18125
0 0.27109375 0.77890625 0.11171875 0.14140625
0 0.49921875 0.39375 0.09453125 0.165625
0 0.50390625 0.56875 0.09296875 0.15546875
0 0.4109375 0.3984375 0.065625 0.16796875
0 0.33671875 0.39609375 0.0703125 0.16640625
0 0.2640625 0.39609375 0.06015625 0.16796875