0 0.6484375 0.37109375 0.196875 0.1546875
0 0.60859375 0.47890625 0.1984375 0.1625
0 0.56796875 0.58203125 0.184375 0.14375
0 0.528125 0.67734375 0.1828125 0.14375
0 0.49296875 0.77421875 0.1765625 0.134375
0 0.459375 0.86484375 0.1765625 0.1359375
0 0.853125 0.32109375 0.19375 0.1609375
0 0.81484375 0.4296875 0.196875 0.1578125
0 0.76875 0.53515625 0.1890625 0.1546875
0 0.728125 0.63828125 0.1890625 0.14375
0 0.68359375 0.7359375 0.178125 0.140625
0 0.646875 0.8296875 0.1796875 0.1359375
0 0.6078125 0.9203125 0.171875 0.134375
0 0.43515625 0.42421875 0.1984375 0.1546875
0 0.4 0.534375 0.1890625 0.1515625
0 0.36328125 0.63515625 0.1890625 0.1484375
0 0.3296875 0.73203125 0.1796875 0.1421875
0 0.30078125 0.821875 0.1765625 0.1296875
0 0.1484375 0.75546875 0.1765625 0.1359375
0 0.1765625 0.66484375 0.18125 0.140625
0 0.20859375 0.56796875 0.1859375 0.15
0 0.240625 0.46640625 0.1875 0.14375
0 0.392185334375 0.33364854843749997 0.41584714843750004 0.32649514687500003 0.419647371875 0.31605411875 0.30090185625 0.2679075359375 0.2744247140625 0.3420253765625 0.35913744375 0.3787703875 0.368264078125 0.3476049671875 0.392185334375 0.33364854843749997
0 1 0.2536618125 0.992773496875 0.2507277265625 0.9331135796875 0.38371320937500003 1 0.4124410375 1 0.2536618125
0 1 0.4185369859375 0.939541571875 0.39393560625 0.87855784375 0.5244685609374999 0.9939834609375 0.577318896875 1 0.56367575625 1 0.4185369859375
0 0.9960848453125 0.5761130390625 0.87973779375 0.5288394265624999 0.8227649187500001 0.654920115625 0.9385940125 0.6990491578125 0.9960848453125 0.5761130390625
0 0.9364640078124999 0.6972885484375 0.8242615546875 0.6584208953124999 0.7695966875 0.7725320828125 0.8784552171875 0.8170800953124999 0.9364640078124999 0.6972885484375
0 0.8269518546875 0.9372687234375 0.8795197546875 0.826335703125 0.7692224265625 0.7842200593750001 0.721686925 0.893043325 0.8269518546875 0.9372687234375
0 0.8875476875 0.8154627359375001 0.91324203125 0.8265290515625001 0.9573594 0.705317575 0.9389393187499999 0.7011455375 0.8875476875 0.8154627359375001
0 0.8347821953125001 0.9233677890624999 0.8717504828125 0.94052614375 0.91080545 0.833223503125 0.88530595 0.819573559375 0.8347821953125001 0.9233677890624999
0 0.8501037703125001 1 0.8697932203125 0.9459036796875001 0.8325883781250001 0.9314374546874999 0.8005747765625 1 0.8501037703125001 1
0 0.7971874453125001 1 0.8261458312500001 0.9379607062499999 0.7184951890625 0.9007497765625001 0.6722913578124999 1 0.7971874453125001 1