0 0.3717418796875 0.856222290625 0.59921899375 0.9622966109375 0.7655542093750001 0.56270414375 0.55663769375 0.4545137640625 0.3717418796875 0.856222290625
0 0.3565535390625 0.8459083515625 0.5339962484375 0.44718722031249997 0.318316665625 0.3317720609375 0.11364578125 0.7326386046875 0.3565535390625 0.8459083515625
0 0.7720833093749999 0.5539006203125 0.9265666124999999 0.19401994375 0.7237936046875 0.0908485796875 0.5631412453125 0.44054805156250004 0.7720833093749999 0.5539006203125
0 0 0.738566390625 0.0405041140625 0.661317625 0 0.644515634375 0 0.738566390625
0 0 0.7529740484375 0.052326771875 0.7752106125 0.09685579062500001 0.6846656531249999 0.042577321875000004 0.661112675 0 0.7427986718749999 0 0.7529740484375
0 0.0984728296875 0.6819046734375 0.145214090625 0.59297713125 0.08855268125 0.572413859375 0.0426236703125 0.6617201609375 0.0984728296875 0.6819046734375
0 0 0.64022441875 0.041038276562499997 0.658051690625 0.0867429 0.5692265859375001 0.033844359375 0.5452756265625001 0 0.6080539828125 0 0.64022441875
0 0.13105490625 0.48268130156250005 0.0893965765625 0.5663631671875 0.146150675 0.58814131875 0.187406540625 0.5060293109375 0.13105490625 0.48268130156250005
0 0.0326424953125 0.54458498125 0.0859307328125 0.568847865625 0.1293914609375 0.48483481250000005 0.080527703125 0.4638067765625 0.0326424953125 0.54458498125
0 0.28493950468749996 0.32751660625 0.3462053890625 0.2049643078125 0.1843134265625 0.12386437187499999 0.1200841953125 0.24698295625000002 0.28493950468749996 0.32751660625
0 0.1908789984375 0.1210304140625 0.3456327703125 0.20051403437499998 0.4049567859375 0.092220609375 0.25241270312499997 0.011152853124999999 0.1908789984375 0.1210304140625
0 0.4190660890625 0.0663794703125 0.43486045000000006 0.0381866140625 0.3531251828125 0.011576840625 0.3401892890625 0.0405797609375 0.4190660890625 0.0663794703125
0 0.2788423625 0 0.34105440625 0.0347067953125 0.3515990578125 0.012670728124999999 0.329466015625 0 0.2788423625 0