0 0.83828125 0.1828125 0.1703125 0.2
0 0.89296875 0.3625 0.16875 0.20625
0 0.93125 0.5484375 0.1375 0.196875
0 0.95390625 0.728125 0.0921875 0.20625
0 0.8640625 0.76953125 0.178125 0.209375
0 0.81484375 0.58515625 0.18125 0.21875
0 0.58828125 0.44140625 0.24375 0.225
0 0.6484375 0.63359375 0.2453125 0.23125
0 0.70234375 0.825 0.246875 0.24375
0 0.55546875 0.7796875 0.1296875 0.3421875
0 0.42890625 0.765625 0.2953125 0.46875
0 0.3296875 0.95546875 0.134375 0.0890625
0 0.29375 0.86015625 0.1375 0.1453125
0 0.253125 0.73828125 0.140625 0.1515625
0 0.21875 0.6125 0.140625 0.1453125
0 0.18046875 0.48671875 0.140625 0.153125
0 0.1421875 0.359375 0.140625 0.1453125
0 0.0703125 0.521875 0.140625 0.15
0 0.1078125 0.64765625 0.140625 0.15
0 0.14296875 0.775 0.1453125 0.153125
0 0.18203125 0.89921875 0.140625 0.14375
0 0.22109375 0.97421875 0.1421875 0.0515625