0 0.6515625 0.42265625 0.1109375 0.1671875
0 0.6734375 0.5859375 0.115625 0.1796875
0 0.6953125 0.74921875 0.1296875 0.1796875
0 0.80625 0.578125 0.196875 0.1703125
0 0.84296875 0.7375 0.2015625 0.1875
0 0.76015625 0.43828125 0.1390625 0.1359375
0 0.57578125 0.7890625 0.1109375 0.165625
0 0.48125 0.79921875 0.11875 0.1921875
0 0.390625 0.80625 0.11875 0.1828125
0 0.2359375 0.81953125 0.1984375 0.18125
0 0.1390625 0.65703125 0.2078125 0.2046875
0 0.103125 0.84921875 0.0984375 0.146875
0 0.3203125 0.6609375 0.0890625 0.121875
0 0.3140625 0.409375 0.1859375 0.275