0 0.7328125 0.14453125 0.1828125 0.215625
0 0.8046875 0.32109375 0.1828125 0.209375
0 0.875 0.49765625 0.1828125 0.2140625
0 0.92890625 0.66953125 0.1421875 0.2140625
0 0.8234375 0.7296875 0.1921875 0.2125
0 0.753125 0.55390625 0.1953125 0.225
0 0.678125 0.37578125 0.1921875 0.2125
0 0.6046875 0.1984375 0.190625 0.2203125
0 0.47421875 0.24765625 0.1953125 0.2296875
0 0.54921875 0.43125 0.19375 0.2140625
0 0.6234375 0.609375 0.196875 0.2234375
0 0.69765625 0.78828125 0.1953125 0.21875
0 0.56640625 0.8484375 0.196875 0.2140625
0 0.48984375 0.6640625 0.2046875 0.2375