0 0.33671875 0.159375 0.0921875 0.0953125
0 0.32578125 0.25390625 0.0953125 0.090625
0 0.3078125 0.34765625 0.1015625 0.0859375
0 0.29375 0.45 0.1 0.0953125
0 0.2765625 0.55703125 0.1046875 0.1125
0 0.2625 0.67109375 0.115625 0.115625
0 0.2453125 0.7875 0.1109375 0.1234375
0 0.4265625 0.171875 0.0953125 0.0953125
0 0.41640625 0.26171875 0.096875 0.0859375
0 0.403125 0.3609375 0.0984375 0.1015625
0 0.390625 0.4640625 0.1 0.1015625
0 0.375 0.56875 0.1046875 0.1078125
0 0.3640625 0.6828125 0.1 0.1078125
0 0.3484375 0.80390625 0.10625 0.1234375
0 0.51640625 0.18125 0.0890625 0.096875
0 0.50859375 0.2734375 0.0921875 0.0875
0 0.49453125 0.37421875 0.096875 0.0984375
0 0.48359375 0.4765625 0.1015625 0.1109375
0 0.471875 0.58046875 0.103125 0.1
0 0.46171875 0.69296875 0.1078125 0.1203125
0 0.44921875 0.80859375 0.10625 0.1078125