0 0.3554335140625 0.30322844843749996 0.3812114734375 0.35369978125 0.383352653125 0.355862575 0.48496625781249997 0.303445184375 0.4866802265625 0.29747060937500003 0.456845959375 0.2447814984375 0.4470620515625 0.23959751875 0.3550489859375 0.28836808125 0.351660165625 0.2941544828125 0.3554335140625 0.30322844843749996
0 0.42023883125 0.42920699687499997 0.506714784375 0.3851805421875 0.5293117875 0.3709799828125 0.4921497640625 0.30337125 0.49000147031249996 0.3023289546875 0.3840628234375 0.35714375625 0.38307680624999996 0.3615982640625 0.41738392500000004 0.42632327031250006 0.42023883125 0.42920699687499997
0 0.5330993625 0.37781295 0.5299935046875001 0.3767431625 0.42954217968749997 0.4346573546875 0.4268919859375 0.4372429390625 0.428771546875 0.442900421875 0.45929464375 0.5002322125 0.46215666562499996 0.5019954390625 0.48015989374999996 0.494807478125 0.569289596875 0.44763519062499996 0.5714627890624999 0.44475573593749995 0.538791396875 0.38638165 0.5330993625 0.37781295
0 0.575261034375 0.44990795156249996 0.56378449375 0.4473370484375 0.4647570671875 0.5072533531250001 0.46450255937499996 0.5096275421875001 0.46994008593750003 0.52057043125 0.4957251578125 0.5699212640625 0.498329115625 0.574618928125 0.5004774109375 0.5756612234375 0.60786485 0.5189267859375 0.60862125625 0.51292471875 0.600116996875 0.49474929375 0.575261034375 0.44990795156249996
0 0.5076715875 0.5739065390625 0.5033465453125 0.57630395 0.5026079218749999 0.5795047671875 0.537126865625 0.6485785843749999 0.5413878875 0.6562656703124999 0.5437729046875 0.657735025 0.6528672015625 0.5961465125000001 0.657468090625 0.588013415625 0.6200622296875 0.5210981203125 0.618154215625 0.5199226375 0.5076715875 0.5739065390625
0 0.670619478125 0.5907724921875 0.5569989828125 0.64872885625 0.5557904687499999 0.6505153031249999 0.5567302484375001 0.6533440453125 0.5801480859375 0.698424275 0.5957611640625 0.728291009375 0.597913015625 0.7287730546875 0.7110885171875 0.6654805703125 0.7130285421875 0.66161380625 0.7106684203125 0.656222703125 0.6739549453125 0.5933898390625 0.670619478125 0.5907724921875
0 0.621585359375 0.7714790953125 0.6469112124999999 0.8177348078125 0.6492997875000001 0.8186439125 0.76027364375 0.7627128828124999 0.7626835578125 0.7602604890625 0.765867665625 0.749004778125 0.7168232296875 0.6673262734375001 0.6026688250000001 0.7339527640625 0.602654596875 0.7361937625 0.621585359375 0.7714790953125
0 0.23566176562500002 0.3495209921875 0.23540370312499997 0.3524554296875 0.2462823109375 0.373780959375 0.26876036875 0.41603244687499996 0.3778226546875 0.3594861828125 0.3799994015625 0.356046478125 0.3792963453125 0.353644796875 0.349469190625 0.2998351859375 0.3466213953125 0.2958309609375 0.34375581718750003 0.2946279859375 0.23566176562500002 0.3495209921875
0 0.2682335703125 0.42358207343750004 0.29969645 0.48374260625 0.3013535140625 0.48673202968749996 0.3039788109375 0.4880681953125 0.41496333906249994 0.430456415625 0.41689980625 0.4271499 0.381846953125 0.366746209375 0.3782747609375 0.363701803125 0.2708944359375 0.419315740625 0.2682335703125 0.42358207343750004
0 0.30608086874999996 0.49639373750000004 0.3399109828125 0.5608248734375 0.34227821718749996 0.565095478125 0.34442650937499997 0.5661377734374999 0.45399069687500004 0.50596363125 0.45497671406249995 0.5015091234375 0.42256694218749996 0.43964035 0.41781469062500004 0.433900390625 0.30563231874999996 0.49161786718749995 0.30608086874999996 0.49639373750000004
0 0.459463790625 0.5113040203125 0.45660176874999997 0.5095407953125 0.3434547203125 0.5683512796875 0.343673659375 0.5715795906250001 0.352188590625 0.5880742640625 0.3805811765625 0.6415625125 0.3834467546875 0.6427654875 0.4891664609375 0.5847223765625 0.49565758125 0.5805660109375 0.496636484375 0.5772320046875 0.4620713046875 0.5154414359375 0.459463790625 0.5113040203125
0 0.39381279375 0.66939964375 0.4222160515625 0.7212071421874999 0.4257882421875 0.7242515484375 0.541370103125 0.6590669203124999 0.54138433125 0.6568259203125 0.5025794671875 0.583986765625 0.4992439984375 0.58136941875 0.3834289734375 0.6455667359375 0.383404075 0.6494884859375001 0.39381279375 0.66939964375
0 0.4276749171875 0.72878853125 0.42789029999999995 0.7325770921875 0.4524846421875 0.7809131218750001 0.46811194531250006 0.808538859375 0.5627858781249999 0.7555019640625 0.5892344765625 0.7380498734375001 0.5506236578125 0.6723607765625 0.54492806875 0.6643523265625 0.5408610890625 0.6638152984375 0.47960388125 0.6955376109375 0.4276749171875 0.72878853125
0 0.6004991890625 0.73627196875 0.59858761875 0.735656734375 0.4755641875 0.8038497359375001 0.4750516171875 0.8091583640625 0.4849797734375 0.8293359 0.514305028125 0.8867733890625 0.5192868921875 0.8940609078125 0.6245224781250001 0.8368444265624999 0.6478438796875 0.8216840484375 0.64835645 0.816375421875 0.6045341578125 0.741851246875 0.6004991890625 0.73627196875
0 0.170048671875 0.275351809375 0.16174556874999999 0.2632059453125 0.15839587187499998 0.2628295984375 0.0512451578125 0.3199910953125 0.0500295296875 0.32289804218749996 0.052590807812499994 0.33431870468749997 0.06842282656250001 0.36741375 0.0814355015625 0.3920225734375 0.0854989234375 0.39311985156249996 0.1948228296875 0.3330788984375 0.197246971875 0.3283855046875 0.1965616984375 0.323182575 0.170048671875 0.275351809375
0 0.2000556421875 0.338552478125 0.19767062500000002 0.3370831234375 0.088852175 0.3929359484375 0.0850041359375 0.39562722968749997 0.084986353125 0.3984284796875 0.11499688125 0.4610688984375 0.1166539453125 0.4640583203125 0.1190425203125 0.46496742500000005 0.23051472031250003 0.4059687671875 0.233168471875 0.40282293437499994 0.2320097515625 0.39676588281249997 0.2000556421875 0.338552478125
0 0.1225898140625 0.4719335828125 0.1206462328125 0.47636059687500004 0.1374144734375 0.512844634375 0.15088281406249998 0.541108825 0.1549462359375 0.5422061046875 0.269782359375 0.48134279375 0.269577646875 0.475873484375 0.23861666874999998 0.4120850734375 0.2340833546875 0.40957342499999994 0.22039094375 0.4166049734375 0.1225898140625 0.4719335828125
0 0.27140385624999996 0.489934715625 0.26877855781250004 0.48859855 0.1983907046875 0.5253820609375001 0.15321448124999998 0.550981928125 0.152239134375 0.5537556859375 0.1827337796875 0.615569475 0.1874682484375 0.624110684375 0.1891395375 0.6248591078125 0.2998873421875 0.5668202671875 0.3090286578125 0.56007831875 0.280402903125 0.5056027609375 0.27140385624999996 0.489934715625
0 0.338339684375 0.6197568078125 0.30970681875 0.5664017484375 0.30636067968749997 0.5654651515625 0.2772903390625 0.5810208265625 0.18958097499999998 0.6307554765625001 0.190259134375 0.6370789078125 0.20845483125 0.67500480625 0.22547757812500002 0.7091146562499999 0.23025472812499997 0.7109328640625 0.2595511203125 0.697485 0.347981325 0.64735078125 0.3484903390625 0.6426024031249999 0.338339684375 0.6197568078125
0 0.2297386 0.7168017421874999 0.2294698671875 0.7214169312500001 0.2502446234375 0.76796224375 0.264182853125 0.79764080625 0.26751120781250004 0.801378653125 0.3950928484375 0.7317755515625 0.38257495937499997 0.7046593515625 0.3520447484375 0.6484480593749999 0.34942300625 0.64655164375 0.30521146093749996 0.6710585046875 0.2297386 0.7168017421874999
0 0.392647365625 0.7398304453125 0.389304784375 0.7383335984375 0.35351727187500004 0.7559378265625 0.278535640625 0.7997339375 0.265539171875 0.8102876671875 0.26858101093750003 0.82144195 0.28510897343749997 0.8580591765625 0.30023081875 0.8898730421875 0.30307505625000003 0.8944375171875001 0.304990184375 0.8944925015624999 0.435699025 0.8225976859375 0.43548008437499997 0.8193693765625 0.392647365625 0.7398304453125
0 0.42752594374999997 0.827686378125 0.298014946875 0.8994754953124999 0.2972834375 0.9015558125 0.2993997203125 0.90764035625 0.33316225781250003 0.9827162406250001 0.3412179671875 0.9961157937499999 0.352256628125 0.992230078125 0.47672529687500004 0.922677690625 0.4781883171875 0.9185170546875 0.47724853593749994 0.9156883140625001 0.43062468750000005 0.8298766640625 0.42752594374999997 0.827686378125
0 0 0.5179349375 0.10253076718750001 0.46351275156250005 0.1035096703125 0.46017874374999995 0.08463937187500001 0.4153691640625 0.0706798015625 0.3890521 0.06877890156250001 0.38675611718749997 0.0651818125 0.387633459375 0 0.42280974374999997 0 0.5179349375
0 0 0.57498086875 0.0099770828125 0.5974412921875001 0.0151814421875 0.6073968703125 0.017093012499999997 0.6080121046875 0.14010577500000002 0.541499853125 0.14084084218749998 0.538859284375 0.1377776640625 0.5310665 0.10635035156249999 0.46530346875 0.10324449375 0.4642336828125 0.09652020624999999 0.46740273749999994 0 0.520431625 0 0.57498086875
0 0.14746554218750002 0.5513772265625 0.1410384421875 0.5454490937500001 0.135526225 0.5462714515625 0.0175415640625 0.612787975 0.0172763875 0.6168429125 0.019855446875 0.6254623265625 0.0455871703125 0.6832169078125 0.050084915625000004 0.6913310546875 0.0527137703125 0.6921069703125 0.1764438140625 0.6257554 0.1778997234375 0.6227152640625 0.1767587859375 0.6138569640625 0.14746554218750002 0.5513772265625
0 0.07405642812499999 0.762343459375 0.083521809375 0.779986125 0.08973708281250001 0.7815654484375 0.21179939375 0.7139052046875001 0.2122906234375 0.7119580765625 0.20852083281249997 0.7023238609375 0.1725815484375 0.63068768125 0.04837094375 0.6973056296875 0.0502291640625 0.7063246125 0.07405642812499999 0.762343459375