0 0.92421875 0.290625 0.13125 0.1734375
0 0.9265625 0.48046875 0.13046875 0.1703125
0 0.925 0.66796875 0.1328125 0.17578125
0 0.92421875 0.853125 0.13046875 0.16875
0 0.7859375 0.8515625 0.13203125 0.16875
0 0.790625 0.66796875 0.1296875 0.18046875
0 0.790625 0.48203125 0.1328125 0.16875
0 0.790625 0.28671875 0.12890625 0.184375
0 0.7171875 0.1484375 0.19296875 0.065625
0 0.6515625 0.28671875 0.13828125 0.1796875
0 0.6515625 0.4765625 0.13359375 0.18515625
0 0.65390625 0.66875 0.13515625 0.1703125
0 0.65234375 0.8578125 0.134375 0.18046875
0 0.51171875 0.86484375 0.13828125 0.18359375
0 0.5125 0.66796875 0.13828125 0.18671875
0 0.33046875 0.46875 0.21171875 0.1953125
0 0.33359375 0.6703125 0.21484375 0.18515625
0 0.33359375 0.86875 0.21015625 0.19296875
0 0.20078125 0.78671875 0.03984375 0.35546875