0 0.2921875 0.271875 0.146875 0.17421875
0 0.29453125 0.475 0.1453125 0.1875
0 0.29609375 0.6765625 0.153125 0.1828125
0 0.29609375 0.875 0.14921875 0.19609375
0 0.13671875 0.2703125 0.14765625 0.18984375
0 0.13984375 0.471875 0.1453125 0.190625
0 0.1421875 0.6859375 0.14609375 0.1734375
0 0.1421875 0.88671875 0.14765625 0.18203125
0 0.5265625 0.26484375 0.13515625 0.19375
0 0.5296875 0.46171875 0.13046875 0.18359375
0 0.53125 0.66640625 0.1296875 0.18671875
0 0.5328125 0.86171875 0.13203125 0.18828125
0 0.67421875 0.2703125 0.13203125 0.18046875
0 0.6734375 0.4625 0.13984375 0.18515625
0 0.67421875 0.6640625 0.13828125 0.18203125
0 0.6765625 0.86015625 0.13359375 0.18515625
0 0.81875 0.265625 0.12421875 0.1765625
0 0.8171875 0.4625 0.13046875 0.17578125
0 0.81796875 0.66015625 0.1328125 0.18359375
0 0.81953125 0.8546875 0.12734375 0.17421875