0 0.61953125 0.696875 0.0953125 0.071875
0 0.77578125 0.60859375 0.09375 0.071875
0 0.721875 0.7296875 0.096875 0.0734375
0 0.53671875 0.725 0.090625 0.0671875
0 0.6078125 0.64453125 0.09375 0.0703125
0 0.76328125 0.56328125 0.09375 0.0703125
0 0.59453125 0.59453125 0.090625 0.06875
0 0.5609375 0.840625 0.0921875 0.075
0 0.54765625 0.77734375 0.090625 0.0703125
0 0.52421875 0.67734375 0.0921875 0.0671875
0 0.51328125 0.62265625 0.09375 0.06875
0 0.70703125 0.67578125 0.0953125 0.0703125
0 0.7390625 0.78828125 0.09375 0.071875
0 0.81171875 0.72109375 0.096875 0.0734375
0 0.30625 0.72265625 0.1015625 0.0734375
0 0.6328125 0.7515625 0.1046875 0.075
0 0.6890625 0.6234375 0.0921875 0.06875
0 0.296875 0.66796875 0.1015625 0.0734375
0 0.66171875 0.5203125 0.0953125 0.0703125
0 0.8265625 0.77578125 0.096875 0.0734375
0 0.6765625 0.57421875 0.0921875 0.06875
0 0.58125 0.54609375 0.0859375 0.059375
0 0.74765625 0.51484375 0.0921875 0.06875
0 0.64609375 0.8125 0.1046875 0.075
0 0.28671875 0.6140625 0.1015625 0.075
0 0.26640625 0.50390625 0.09375 0.0703125
0 0.21640625 0.7421875 0.0953125 0.0703125
0 0.734375 0.46328125 0.090625 0.0671875
0 0.5546875 0.44921875 0.090625 0.065625
0 0.20859375 0.6859375 0.0953125 0.071875
0 0.5671875 0.49921875 0.0875 0.06875
0 0.63203125 0.4296875 0.084375 0.0625
0 0.64609375 0.4734375 0.0875 0.0640625
0 0.36640625 0.55078125 0.096875 0.071875
0 0.275 0.55546875 0.096875 0.0734375
0 0.615625 0.3875 0.0796875 0.05625
0 0.79140625 0.6625 0.09375 0.0703125
0 0.50078125 0.5734375 0.0921875 0.0671875
0 0.66875 0.27890625 0.0875 0.0671875
0 0.35546875 0.4984375 0.0953125 0.071875
0 0.19453125 0.57421875 0.0921875 0.06875
0 0.315625 0.7765625 0.1 0.0734375
0 0.225 0.79609375 0.1 0.075
0 0.6828125 0.32578125 0.0875 0.0609375
0 0.7140625 0.4140625 0.096875 0.06875
0 0.48828125 0.525 0.0921875 0.0671875
0 0.69765625 0.36796875 0.0921875 0.0625
0 0.965625 0.740625 0.06875 0.053125
0 0.53671875 0.40390625 0.09375 0.0671875
0 0.2046875 0.62890625 0.0890625 0.065625
0 0.3234375 0.834375 0.10625 0.0734375
0 0.90703125 0.54609375 0.0921875 0.0671875
0 0.6 0.34765625 0.078125 0.05625
0 0.921875 0.59453125 0.1 0.0703125
0 0.14765625 0.8484375 0.0890625 0.0671875
0 0.240625 0.9125 0.0984375 0.06875
0 0.86640625 0.45546875 0.0890625 0.071875
0 0.47578125 0.478125 0.0890625 0.0640625
0 0.41640625 0.81953125 0.09375 0.071875
0 0.46328125 0.434375 0.08125 0.059375
0 0.8828125 0.5015625 0.0921875 0.06875
0 0.33515625 0.89453125 0.1109375 0.0796875
0 0.9875 0.60546875 0.025 0.0671875
0 0.95390625 0.66875 0.078125 0.0484375
0 0.40078125 0.70625 0.1140625 0.0765625
0 0.38203125 0.60703125 0.10625 0.0765625
0 0.42578125 0.878125 0.0984375 0.075
0 0.525 0.36015625 0.0875 0.0625
0 0.40703125 0.76328125 0.09375 0.075
0 0.96640625 0.50078125 0.0671875 0.0703125
0 0.5078125 0.32265625 0.0875 0.0625
0 0.23515625 0.85234375 0.090625 0.0671875
0 0.96328125 0.7015625 0.0734375 0.05
0 0.39375 0.65625 0.1140625 0.0703125
0 0.825 0.33359375 0.084375 0.0625
0 0.978125 0.55234375 0.04375 0.0640625
0 0.09921875 0.91796875 0.040625 0.059375
0 0.85234375 0.41015625 0.08125 0.0609375
0 0.953125 0.44921875 0.09375 0.0703125
0 0.08984375 0.865625 0.0421875 0.0515625
0 0.896875 0.32109375 0.078125 0.059375
0 0.88046875 0.28046875 0.078125 0.0546875
0 0.9453125 0.63359375 0.078125 0.0515625
0 0.87421875 0.2375 0.078125 0.065625
0 0.109375 0.97109375 0.0359375 0.053125
0 0.9375 0.4015625 0.09375 0.06875
0 0.9484375 0.30703125 0.0453125 0.0390625
0 0.83984375 0.37734375 0.0734375 0.0515625
0 0.47265625 0.796875 0.0765625 0.178125
0 0.91796875 0.359375 0.078125 0.05625
0 0.13671875 0.94765625 0.0578125 0.1046875
0 0.18125 0.9359375 0.0625 0.128125
0 0.08203125 0.81484375 0.053125 0.0609375
0 0.9625 0.3515625 0.040625 0.05625