0 0.06484375 0.51015625 0.12734375 0.08359375
0 0.390625 0.7234375 0.08828125 0.05625
0 0.0703125 0.42109375 0.13515625 0.08203125
0 0.78984375 0.77421875 0.0890625 0.05625
0 0.06328125 0.60703125 0.12265625 0.0890625
0 0.78671875 0.71953125 0.08671875 0.05546875
0 0.48515625 0.78359375 0.08828125 0.05625
0 0.21953125 0.81640625 0.075 0.0546875
0 0.078125 0.33515625 0.134375 0.0796875
0 0.69609375 0.67734375 0.0828125 0.05078125
0 0.390625 0.83984375 0.0890625 0.05390625
0 0.87890625 0.76875 0.08671875 0.05859375
0 0.6953125 0.625 0.084375 0.05390625
0 0.86171875 0.559375 0.084375 0.05078125
0 0.7921875 0.83203125 0.08984375 0.05390625
0 0.39375 0.66953125 0.0859375 0.05546875
0 0.30390625 0.7546875 0.08515625 0.053125
0 0.21953125 0.8703125 0.071875 0.04765625
0 0.2171875 0.9234375 0.07890625 0.053125
0 0.70703125 0.8375 0.0796875 0.05390625
0 0.48515625 0.67109375 0.0890625 0.05390625
0 0.87578125 0.715625 0.08203125 0.0515625
0 0.8875 0.8296875 0.08359375 0.05546875
0 0.4859375 0.72421875 0.08984375 0.053125
0 0.865625 0.61171875 0.08203125 0.05078125
0 0.86953125 0.66328125 0.07734375 0.04765625
0 0.6984375 0.7296875 0.08359375 0.053125
0 0.3984375 0.6140625 0.0859375 0.05546875
0 0.93984375 0.51796875 0.0796875 0.0515625
0 0.39375 0.77890625 0.08984375 0.05625
0 0.2203125 0.76171875 0.07578125 0.05
0 0.4828125 0.84453125 0.08984375 0.05546875
0 0.76640625 0.46640625 0.08125 0.0484375
0 0.48515625 0.45390625 0.07734375 0.05
0 0.70234375 0.778125 0.08515625 0.05234375
0 0.4875 0.503125 0.084375 0.0484375
0 0.68828125 0.521875 0.08359375 0.05234375
0 0.76875 0.51484375 0.07734375 0.05078125
0 0.690625 0.57421875 0.08203125 0.0484375
0 0.48671875 0.6140625 0.0859375 0.0546875
0 0.78359375 0.66484375 0.08515625 0.0484375
0 0.40234375 0.50390625 0.08359375 0.04921875
0 0.684375 0.47265625 0.07890625 0.0515625
0 0.77890625 0.6140625 0.08359375 0.05078125
0 0.40390625 0.55703125 0.08671875 0.05390625
0 0.9484375 0.56875 0.08046875 0.04921875
0 0.96328125 0.83203125 0.06796875 0.04921875
0 0.9484375 0.61953125 0.08046875 0.0515625
0 0.76171875 0.4171875 0.08359375 0.0515625
0 0.771875 0.56640625 0.08046875 0.04609375
0 0.84609375 0.46484375 0.07265625 0.04609375
0 0.9640625 0.778125 0.07109375 0.05234375
0 0.0890625 0.24921875 0.13359375 0.07421875
0 0.73828125 0.3296875 0.0796875 0.05
0 0.490625 0.56015625 0.08359375 0.05
0 0.5734375 0.73828125 0.0765625 0.05234375
0 0.57109375 0.68125 0.075 0.05546875
0 0.57421875 0.79140625 0.08203125 0.05703125
0 0.9234375 0.41796875 0.0859375 0.04140625
0 0.93359375 0.465625 0.0859375 0.05078125
0 0.57109375 0.846875 0.08359375 0.0515625
0 0.57578125 0.4671875 0.07890625 0.05
0 0.853125 0.50546875 0.0796875 0.04453125
0 0.95390625 0.67109375 0.08359375 0.05234375
0 0.840625 0.41875 0.07109375 0.04140625
0 0.575 0.51875 0.07890625 0.05
0 0.22578125 0.7078125 0.08125 0.05078125
0 0.96015625 0.72265625 0.0765625 0.05390625
0 0.57421875 0.5734375 0.078125 0.0515625
0 0.678125 0.42890625 0.0765625 0.04375
0 0.91015625 0.325 0.075 0.04921875
0 0.91328125 0.3734375 0.08046875 0.0421875
0 0.83359375 0.3765625 0.07578125 0.0421875
0 0.57265625 0.6265625 0.07890625 0.053125
0 0.2703125 0.875 0.02421875 0.146875
0 0.3125 0.8640625 0.0296875 0.1578125
0 0.7515625 0.37109375 0.08125 0.046875
0 0.63359375 0.615625 0.03125 0.1546875
0 0.0609375 0.7015625 0.115625 0.09140625
0 0.63828125 0.7828125 0.03125 0.175
0 0.0640625 0.8015625 0.109375 0.096875
0 0.01328125 0.23828125 0.02265625 0.07734375