0 0.55 0.81328125 0.09453125 0.09296875
0 0.54921875 0.71171875 0.09375 0.103125
0 0.5484375 0.6015625 0.09296875 0.1
0 0.546875 0.49375 0.096875 0.10390625
0 0.54609375 0.37890625 0.09609375 0.11328125
0 0.55078125 0.3015625 0.08359375 0.02421875
0 0.55078125 0.27109375 0.084375 0.02890625
0 0.5515625 0.23671875 0.08359375 0.0265625
0 0.553125 0.20078125 0.08359375 0.0234375
0 0.63828125 0.265625 0.08359375 0.03515625
0 0.63828125 0.29765625 0.08515625 0.01953125
0 0.64921875 0.37421875 0.1 0.11796875
0 0.64765625 0.49375 0.09453125 0.109375
0 0.6484375 0.60546875 0.09296875 0.10078125
0 0.64921875 0.7140625 0.09375 0.1015625
0 0.6484375 0.815625 0.09296875 0.09609375
0 0.74140625 0.8171875 0.090625 0.096875
0 0.7453125 0.7125 0.0875 0.0953125
0 0.74765625 0.6015625 0.09609375 0.103125
0 0.74765625 0.49140625 0.09375 0.10078125
0 0.7421875 0.38203125 0.08359375 0.10078125
0 0.8671875 0.2546875 0.09375 0.1
0 0.8640625 0.36953125 0.0984375 0.1109375
0 0.8640625 0.48671875 0.09375 0.09921875
0 0.86328125 0.59609375 0.0921875 0.1015625
0 0.86328125 0.7046875 0.08828125 0.09609375
0 0.8578125 0.80859375 0.0921875 0.09375
0 0.95234375 0.809375 0.09375 0.09296875
0 0.95546875 0.70703125 0.084375 0.09453125
0 0.95546875 0.59375 0.08828125 0.096875
0 0.95703125 0.4890625 0.08125 0.096875
0 0.9578125 0.3765625 0.084375 0.115625
0 0.96015625 0.26015625 0.0796875 0.1046875
0 0.24453125 0.284375 0.10703125 0.1234375
0 0.24765625 0.40703125 0.11015625 0.103125
0 0.25546875 0.52890625 0.10234375 0.11328125
0 0.2625 0.64453125 0.10859375 0.1046875
0 0.26484375 0.75703125 0.1015625 0.09921875
0 0.2703125 0.8609375 0.10546875 0.09453125
0 0.16640625 0.865625 0.0953125 0.103125
0 0.15703125 0.75625 0.10625 0.1015625
0 0.15078125 0.6390625 0.0984375 0.109375
0 0.14609375 0.52578125 0.10859375 0.1015625
0 0.13828125 0.40625 0.0984375 0.1140625
0 0.13046875 0.28046875 0.11015625 0.11875
0 0.0328125 0.28359375 0.065625 0.1203125
0 0.040625 0.4078125 0.08125 0.1125
0 0.04296875 0.53046875 0.0859375 0.1109375
0 0.04453125 0.65 0.0890625 0.10390625
0 0.05 0.7609375 0.1 0.10703125
0 0.0609375 0.86640625 0.109375 0.08515625