0 0.96328125 0.46875 0.0734375 0.115625
0 0.978125 0.39609375 0.04375 0.1140625
0 0.8078125 0.659375 0.1546875 0.1328125
0 0.41875 0.67109375 0.1 0.0859375
0 0.36171875 0.46015625 0.096875 0.0796875
0 0.24296875 0.51328125 0.096875 0.08125
0 0.4765625 0.7828125 0.1046875 0.0859375
0 0.015625 0.653125 0.03125 0.090625
0 0.17421875 0.66015625 0.1015625 0.0859375
0 0.45234375 0.8390625 0.1046875 0.0859375
0 0.196875 0.61015625 0.0984375 0.0796875
0 0.22265625 0.5640625 0.09375 0.078125
0 0.4390625 0.62265625 0.0921875 0.0765625
0 0.45859375 0.5765625 0.0890625 0.0734375
0 0.06640625 0.68125 0.096875 0.08125
0 0.265625 0.4625 0.096875 0.08125
0 0.953125 0.54453125 0.09375 0.1109375
0 0.090625 0.62578125 0.103125 0.084375
0 0.02734375 0.596875 0.0546875 0.075
0 0.25546875 0.70390625 0.103125 0.0875
0 0.14921875 0.71328125 0.0984375 0.0828125
0 0.11484375 0.575 0.0984375 0.0828125
0 0.4953125 0.73515625 0.1046875 0.0859375
0 0.3421875 0.50703125 0.0984375 0.0828125
0 0.128125 0.36875 0.0984375 0.08125
0 0.14296875 0.53125 0.096875 0.078125
0 0.2984375 0.6015625 0.0984375 0.08125
0 0.3828125 0.4140625 0.1015625 0.084375
0 0.0390625 0.55078125 0.078125 0.0765625
0 0.32109375 0.5546875 0.1 0.084375
0 0.27734375 0.653125 0.1015625 0.084375
0 0.0578125 0.50546875 0.090625 0.0765625
0 0.7734375 0.74375 0.15625 0.13125
0 0.53984375 0.8734375 0.1046875 0.0859375
0 0.6296875 0.36640625 0.0859375 0.075
0 0.23203125 0.34765625 0.096875 0.0796875
0 0.21171875 0.39375 0.0890625 0.0734375
0 0.28828125 0.4171875 0.090625 0.071875
0 0.5140625 0.68125 0.1015625 0.084375
0 0.36328125 0.8140625 0.0859375 0.0625
0 0.565625 0.53046875 0.0984375 0.08125
0 0.225 0.75625 0.103125 0.0890625
0 0.5625 0.81875 0.1046875 0.0890625
0 0.1671875 0.48359375 0.09375 0.0796875
0 0.40234375 0.36796875 0.0953125 0.0734375
0 0.1890625 0.43828125 0.0875 0.0703125
0 0.30546875 0.37421875 0.0859375 0.071875
0 0.90703125 0.70390625 0.115625 0.109375
0 0.71171875 0.91953125 0.1703125 0.14375
0 0.25234375 0.30234375 0.1 0.08125
0 0.475 0.53203125 0.0859375 0.071875
0 0.41640625 0.3234375 0.09375 0.071875
0 0.284375 0.22265625 0.0921875 0.075
0 0.54609375 0.5765625 0.1 0.0828125
0 0.53046875 0.62890625 0.1015625 0.084375
0 0.43203125 0.278125 0.090625 0.075
0 0.59375 0.44765625 0.0828125 0.0671875
0 0.73828125 0.82890625 0.159375 0.134375
0 0.325 0.33515625 0.0796875 0.0640625
0 0.39375 0.746875 0.08125 0.0609375
0 0.6078125 0.41015625 0.0828125 0.065625
0 0.93828125 0.625 0.11875 0.1109375
0 0.52421875 0.41328125 0.0828125 0.06875
0 0.58671875 0.76484375 0.103125 0.0859375
0 0.38125 0.7796875 0.0796875 0.059375
0 0.8078125 0.953125 0.1 0.09375
0 0.87578125 0.7875 0.109375 0.1109375
0 0.40703125 0.71640625 0.0859375 0.065625
0 0.57890625 0.48671875 0.0859375 0.065625
0 0.6125 0.66328125 0.1015625 0.0828125
0 0.1515625 0.3234375 0.0859375 0.0703125
0 0.62734375 0.6125 0.1 0.084375
0 0.08515625 0.45625 0.09375 0.0765625
0 0.26875 0.26015625 0.09375 0.0734375
0 0.6015625 0.7140625 0.1046875 0.0859375
0 0.1078125 0.4140625 0.0921875 0.0734375
0 0.64296875 0.55859375 0.1 0.0859375
0 0.50625 0.4578125 0.08125 0.0640625
0 0.84375 0.87265625 0.1015625 0.109375
0 0.17109375 0.28515625 0.0765625 0.0625
0 0.34296875 0.2984375 0.0828125 0.06875
0 0.490625 0.4953125 0.0796875 0.0609375
0 0.5328125 0.38671875 0.0671875 0.04375
0 0.6625 0.4703125 0.0828125 0.0609375
0 0.02421875 0.41953125 0.0484375 0.1515625
0 0.06171875 0.275 0.034375 0.0515625
0 0.65234375 0.5109375 0.0890625 0.0703125