0 0.7046875 0.71640625 0.115625 0.178125
0 0.47734375 0.79609375 0.128125 0.20625
0 0.396875 0.403125 0.0984375 0.1421875
0 0.7350605375 0.61259960625 0.7066888640625 0.45576448125 0.6244503484374999 0.4760173671875 0.6573871046875001 0.6309138796875 0.7350605375 0.61259960625
0 0.8274292421875 0.6115394249999999 0.7445144265625 0.631948446875 0.7730844890624999 0.784756534375 0.8567549250000001 0.7694208328125 0.8274292421875 0.6115394249999999
0 0.796281490625 0.442679784375 0.715360409375 0.45629565781250003 0.7443537484375 0.6140036546875 0.8246884906249999 0.6058394171875 0.796281490625 0.442679784375
0 0.7614036078125 0.260749159375 0.6809165703125 0.27933105625 0.7077709890625 0.4323931328125 0.7893764859375 0.4189428859375 0.7614036078125 0.260749159375
0 0.69667968125 0.43401087031249996 0.6644568109375 0.266665875 0.5847010921875 0.292922978125 0.620684975 0.4566217609375 0.69667968125 0.43401087031249996
0 0.8437127171875 0.25314549531249997 0.769832875 0.26640240312499996 0.8021101484375001 0.40111040625000005 0.8687178359375001 0.3892265046875 0.8437127171875 0.25314549531249997
0 0.8988611046875 0.5722502 0.8704539812500001 0.4090904984375 0.8005950078125 0.43313625624999996 0.8313460578124999 0.5853041140624999 0.8988611046875 0.5722502
0 0.925117875 0.7384396093750001 0.9008396109374999 0.5869920125 0.8352326015625 0.602138584375 0.8627715406249999 0.755366265625 0.925117875 0.7384396093750001
0 0.322727571875 0.7521234953125 0.3694670625 0.9237165515625 0.4488622078125 0.900788015625 0.4041331671875 0.72826330625 0.322727571875 0.7521234953125
0 0.2227320421875 0.7942075640625 0.135274484375 0.825797721875 0.1771182984375 0.9508546171875001 0.262894690625 0.928055715625 0.2227320421875 0.7942075640625
0 0.100169615625 0.4577363796875 0.13910073437499998 0.5893356875 0.2067500109375 0.55439815 0.17358006718750002 0.43318884999999996 0.100169615625 0.4577363796875
0 0.02107073125 0.48233055468749997 0.0469237921875 0.6004839546875 0.13271023125 0.5809943953125 0.096823159375 0.46484172968750004 0.02107073125 0.48233055468749997