0 0.29765625 0.79296875 0.1578125 0.1125
0 0.45 0.803125 0.1578125 0.1109375
0 0.371875 0.23359375 0.1390625 0.0921875
0 0.3625 0.31640625 0.1484375 0.0984375
0 0.3265625 0.59375 0.1546875 0.1046875
0 0.51328125 0.17578125 0.134375 0.0875
0 0.4671875 0.703125 0.1625 0.109375
0 0.47890625 0.60625 0.1484375 0.103125
0 0.625 0.715625 0.140625 0.1015625
0 0.3109375 0.690625 0.1578125 0.1046875
0 0.63125 0.5390625 0.1328125 0.090625
0 0.35078125 0.40546875 0.15 0.0984375
0 0.628125 0.625 0.1390625 0.090625
0 0.76171875 0.38046875 0.1265625 0.0859375
0 0.33984375 0.49375 0.15 0.0984375
0 0.765625 0.6359375 0.1375 0.09375
0 0.771875 0.725 0.1328125 0.0953125
0 0.76171875 0.4640625 0.1265625 0.0890625
0 0.49296875 0.425 0.1390625 0.09375
0 0.03046875 0.76640625 0.0609375 0.1046875
0 0.6375 0.37109375 0.128125 0.0890625
0 0.50625 0.2546875 0.1359375 0.0875
0 0.634375 0.453125 0.1328125 0.096875
0 0.484375 0.51171875 0.1421875 0.0921875
0 0.49921875 0.3375 0.1375 0.0890625
0 0.03671875 0.66328125 0.0734375 0.1046875
0 0.76171875 0.546875 0.1296875 0.0828125
0 0.16015625 0.5734375 0.153125 0.1109375
0 0.1484375 0.6734375 0.153125 0.1078125
0 0.76875 0.303125 0.121875 0.08125
0 0.634375 0.815625 0.1328125 0.10625
0 0.6453125 0.2921875 0.1328125 0.0890625
0 0.04375 0.5671875 0.0875 0.096875
0 0.134375 0.77421875 0.15625 0.1109375
0 0.76875 0.8203125 0.140625 0.109375
0 0.06953125 0.296875 0.11875 0.090625
0 0.09140625 0.13203125 0.1328125 0.0859375
0 0.08125 0.2125 0.1265625 0.090625
0 0.0609375 0.38046875 0.1125 0.09375
0 0.05234375 0.47109375 0.1046875 0.0984375