0 0.25859375 0.14453125 0.1640625 0.1359375
0 0.35234375 0.209375 0.084375 0.1125
0 0.3953125 0.23203125 0.08125 0.1078125
0 0.32109375 0.3234375 0.140625 0.1453125
0 0.271875 0.42890625 0.1375 0.1359375
0 0.22734375 0.53046875 0.1328125 0.134375
0 0.18984375 0.628125 0.13125 0.1296875
0 0.14609375 0.725 0.1265625 0.1265625
0 0.390625 0.36328125 0.0578125 0.059375
0 0.434375 0.38125 0.0578125 0.059375
0 0.41015625 0.43203125 0.05625 0.0578125
0 0.38359375 0.4796875 0.0578125 0.059375
0 0.3625 0.5234375 0.0515625 0.0515625
0 0.34453125 0.565625 0.0546875 0.0546875
0 0.325 0.61328125 0.0546875 0.0578125
0 0.303125 0.6609375 0.053125 0.0546875
0 0.28359375 0.703125 0.0515625 0.0515625
0 0.26640625 0.74375 0.053125 0.053125
0 0.24609375 0.7875 0.0546875 0.0546875
0 0.36875 0.409375 0.0578125 0.059375
0 0.34453125 0.45625 0.0546875 0.0578125
0 0.321875 0.503125 0.053125 0.0546875
0 0.30390625 0.5484375 0.0578125 0.0578125
0 0.28671875 0.59375 0.0546875 0.0546875
0 0.26484375 0.6390625 0.0546875 0.05625
0 0.24296875 0.6875 0.05625 0.0578125
0 0.2234375 0.73125 0.0515625 0.05
0 0.20234375 0.775 0.0546875 0.05625
0 0.36953125 0.690625 0.21875 0.315625
0 0.640625 0.33984375 0.13125 0.1296875
0 0.5921875 0.44921875 0.1328125 0.14375
0 0.54453125 0.55859375 0.1234375 0.121875
0 0.50078125 0.65546875 0.128125 0.134375
0 0.45390625 0.75703125 0.1234375 0.121875
0 0.40625 0.85078125 0.1296875 0.13125
0 0.49609375 0.88515625 0.121875 0.125
0 0.54296875 0.79453125 0.11875 0.11875
0 0.5921875 0.69609375 0.13125 0.1390625
0 0.63828125 0.5953125 0.1234375 0.11875
0 0.68515625 0.49296875 0.1328125 0.14375
0 0.73671875 0.38046875 0.13125 0.1328125
0 0.8296875 0.4234375 0.13125 0.1359375
0 0.77890625 0.53203125 0.1359375 0.1453125
0 0.728125 0.6359375 0.125 0.1265625
0 0.68125 0.73515625 0.1296875 0.1375
0 0.63125 0.834375 0.11875 0.1203125
0 0.584375 0.9234375 0.1265625 0.128125
0 0.8359375 0.63125 0.115625 0.165625
0 0.76484375 0.78515625 0.1265625 0.178125
0 0.6859375 0.9296875 0.103125 0.140625
0 0.746875 0.96953125 0.10625 0.0609375
0 0.78984375 0.903125 0.1140625 0.1140625
0 0.8421875 0.8140625 0.128125 0.128125
0 0.89140625 0.71796875 0.13125 0.13125
0 0.93671875 0.621875 0.1265625 0.13125
0 0.965625 0.5234375 0.06875 0.128125