0 0.42578125 0.753125 0.215625 0.2203125
0 0.6125 0.21484375 0.1125 0.1078125
0 0.59296875 0.803125 0.13125 0.1328125
0 0.6125 0.43515625 0.121875 0.1140625
0 0.6015625 0.6765625 0.128125 0.128125
0 0.6140625 0.32265625 0.11875 0.1125
0 0.6078125 0.5546875 0.1234375 0.1171875
0 0.45859375 0.3578125 0.19375 0.1859375
0 0.5 0.21953125 0.1046875 0.103125
0 0.9359375 0.79296875 0.1 0.1875
0 0.44453125 0.54921875 0.2109375 0.2015625
0 0.93984375 0.61328125 0.115625 0.18125
0 0.14609375 0.28671875 0.175 0.05
0 0.040625 0.2703125 0.05 0.0359375