0 0.71484375 0.72265625 0.1515625 0.21875
0 0.57890625 0.74296875 0.153125 0.2203125
0 0.553125 0.51796875 0.16875 0.23125
0 0.85546875 0.7203125 0.153125 0.221875
0 0.8390625 0.5078125 0.16875 0.215625
0 0.81484375 0.28203125 0.1828125 0.2328125
0 0.40859375 0.78984375 0.0859375 0.1125
0 0.38671875 0.6609375 0.0828125 0.1375
0 0.35859375 0.53671875 0.090625 0.15
0 0.3296875 0.39765625 0.096875 0.1453125
0 0.3125 0.759375 0.128125 0.2078125
0 0.26796875 0.540625 0.125 0.2359375
0 0.21875 0.30078125 0.1265625 0.2546875
0 0.16328125 0.55703125 0.125 0.225
0 0.21640625 0.77578125 0.121875 0.209375
0 0.187589653125 0.437964815625 0.1389941546875 0.1932680140625 0.039967371875000005 0.2114511765625 0.0917113359375 0.4484205734375 0.187589653125 0.437964815625