0 0.425 0.8828125 0.178125 0.15625
0 0.38203125 0.790625 0.1765625 0.1578125
0 0.5609375 0.8109375 0.1734375 0.153125
0 0.5203125 0.71640625 0.18125 0.165625
0 0.4765625 0.63203125 0.1703125 0.153125
0 0.34453125 0.69375 0.1734375 0.153125
0 0.30703125 0.60625 0.1828125 0.1625
0 0.2671875 0.521875 0.16875 0.1484375
0 0.23046875 0.4390625 0.1671875 0.1515625
0 0.19296875 0.36484375 0.1546875 0.13125
0 0.2828125 0.24296875 0.1515625 0.1359375
0 0.32265625 0.3109375 0.159375 0.1421875
0 0.4390625 0.54921875 0.1625 0.1453125
0 0.39375 0.45859375 0.1734375 0.159375
0 0.3609375 0.38359375 0.165625 0.153125
0 0.73125 0.72734375 0.165625 0.1515625
0 0.84921875 0.659375 0.1671875 0.15625
0 0.796875 0.56953125 0.1671875 0.15625
0 0.6671875 0.64609375 0.178125 0.165625
0 0.62109375 0.56328125 0.15625 0.1390625
0 0.74140625 0.49609375 0.1546875 0.1375
0 0.58046875 0.4828125 0.159375 0.140625
0 0.6953125 0.42265625 0.15 0.1328125
0 0.5390625 0.41171875 0.1515625 0.134375
0 0.6515625 0.3546875 0.153125 0.140625
0 0.4953125 0.3359375 0.153125 0.140625
0 0.6078125 0.2796875 0.1421875 0.13125
0 0.56953125 0.20625 0.1484375 0.128125
0 0.46015625 0.26875 0.15625 0.140625