0 0.62734375 0.4609375 0.13125 0.15
0 0.7578125 0.53125 0.140625 0.1421875
0 0.7546875 0.66953125 0.1421875 0.1484375
0 0.7515625 0.815625 0.146875 0.1609375
0 0.60859375 0.7921875 0.1421875 0.1765625
0 0.61875 0.6203125 0.134375 0.1703125
0 0.4125 0.1953125 0.1046875 0.090625
0 0.4109375 0.2890625 0.0921875 0.0890625
0 0.4046875 0.38515625 0.0953125 0.1
0 0.396875 0.48359375 0.0984375 0.1015625
0 0.38984375 0.5859375 0.0984375 0.103125
0 0.3796875 0.69296875 0.0984375 0.1125
0 0.3703125 0.80234375 0.103125 0.1234375
0 0.328125 0.184375 0.0734375 0.0828125
0 0.32421875 0.28828125 0.09375 0.1
0 0.3140625 0.38203125 0.0984375 0.1
0 0.30625 0.4765625 0.0984375 0.1078125
0 0.2953125 0.578125 0.1 0.1078125
0 0.284375 0.684375 0.1046875 0.1171875
0 0.2734375 0.79765625 0.1078125 0.11875
0 0.175 0.784375 0.1046875 0.1109375
0 0.1890625 0.678125 0.0984375 0.10625
0 0.2 0.571875 0.103125 0.109375
0 0.2125 0.4765625 0.0984375 0.0984375
0 0.22421875 0.37578125 0.0953125 0.1015625
0 0.2359375 0.27890625 0.09375 0.0984375
0 0.246875 0.190625 0.0828125 0.0828125
0 0.3205085765625 0.13237141562500002 0.3315740359375 0.0500146296875 0.26100792500000003 0.0693285078125 0.25044678125000003 0.13898560937499999 0.3205085765625 0.13237141562500002
0 0.16484375 0.1109375 0.090625 0.084375
0 0.153125 0.19296875 0.0921875 0.0921875
0 0.13828125 0.2828125 0.090625 0.0953125
0 0.12578125 0.37421875 0.0890625 0.096875
0 0.1125 0.46796875 0.0953125 0.1015625
0 0.09609375 0.5671875 0.09375 0.109375
0 0.07890625 0.67109375 0.0984375 0.1125
0 0.06015625 0.7796875 0.1015625 0.1125
0 0.07734375 0.10703125 0.0953125 0.0875
0 0.06796875 0.1875 0.090625 0.0828125