0 0.55078125 0.85546875 0.1390625 0.1359375
0 0.56015625 0.71796875 0.140625 0.134375
0 0.703125 0.72265625 0.146875 0.128125
0 0.70859375 0.58671875 0.1546875 0.128125
0 0.69296875 0.85234375 0.1390625 0.121875
0 0.83828125 0.8625 0.14375 0.1234375
0 0.85859375 0.72890625 0.1546875 0.1265625
0 0.8796875 0.59296875 0.1625 0.134375
0 0.8890625 0.44296875 0.165625 0.1390625
0 0.67421875 0.396875 0.0984375 0.103125
0 0.68203125 0.278125 0.1078125 0.0953125
0 0.56875 0.27109375 0.1046875 0.1125
0 0.56640625 0.3828125 0.109375 0.1109375
0 0.5625 0.496875 0.109375 0.1171875
0 0.3796875 0.80078125 0.153125 0.196875
0 0.38359375 0.571875 0.1546875 0.240625
0 0.41328125 0.2890625 0.14375 0.2140625
0 0.0739009109375 0.657688978125 0.0862235 0.881625990625 0.09203177812499999 0.8744195937500001 0.30565736875 0.8831145781249999 0.3076015484375 0.6683196328125 0.0739009109375 0.657688978125
0 0.0665635015625 0.43022167343750006 0.0706521703125 0.6711587812500001 0.301013365625 0.677968346875 0.3057709234375 0.44227954687500004 0.0665635015625 0.43022167343750006
0 0.058049440625000004 0.176781603125 0.068903125 0.4228943390625 0.31391021874999997 0.4249413140625 0.311519075 0.178223875 0.058049440625000004 0.176781603125