0 0.98203125 0.76484375 0.0359375 0.0484375
0 0.975 0.72890625 0.05 0.0421875
0 0.9734375 0.69609375 0.053125 0.0421875
0 0.9734375 0.66171875 0.053125 0.0359375
0 0.95859375 0.61953125 0.0828125 0.0578125
0 0.9928229843749999 0.591482284375 0.980859521875 0.5418833328125 0.9044249843750001 0.56150094375 0.915845575 0.6042730734374999 0.9928229843749999 0.591482284375
0 0.977051825 0.5384738296875 0.9642721671875 0.4909619078125 0.8881102265624999 0.5095550484375 0.9012976171875 0.559968146875 0.977051825 0.5384738296875
0 0.9620961328125001 0.49126772812499997 0.9525801640625 0.44724176250000003 0.8775044109374999 0.46469609062500006 0.8848465390625 0.5060690906249999 0.9620961328125001 0.49126772812499997
0 0.9490442890624999 0.445766378125 0.9387121265625 0.40382744062500003 0.8678514093749999 0.4236478625 0.8760104890625 0.462933728125 0.9490442890624999 0.445766378125
0 0.9298720765624999 0.40408366874999996 0.9285144187500001 0.378634321875 0.863502834375 0.3966465421875 0.8678543609375 0.42068896875000006 0.9298720765624999 0.40408366874999996
0 0.9344992421875 0.3699039328125 0.9230794250000001 0.324173215625 0.8492258171874999 0.3463865796875 0.860377425 0.38722419218750004 0.9344992421875 0.3699039328125
0 0.9092070218750001 0.3280951734375 0.905536328125 0.313818659375 0.8392987296875001 0.331017025 0.8459650140624999 0.347831015625 0.9092070218750001 0.3280951734375
0 0.7805531546875 0.3008129484375 0.7725325734374999 0.2634799375 0.6919914125 0.2698684609375 0.6979997484375 0.3134012328125 0.7805531546875 0.3008129484375
0 0.792924715625 0.349368384375 0.7843604890625 0.3081671390625 0.7034391078125 0.3205260578125 0.7111604921875 0.358887278125 0.792924715625 0.349368384375
0 0.8052966375 0.3939791328125 0.7965964999999999 0.351810828125 0.7148589249999999 0.366256775 0.7226073203125 0.4056003578125 0.8052966375 0.3939791328125
0 0.730902634375 0.413309965625 0.736882728125 0.455860546875 0.8175322859374999 0.4415675109375 0.81128000625 0.401027503125 0.730902634375 0.413309965625
0 0.8315355078125 0.49383827187499996 0.8231079203125 0.44571470625 0.7397386828125 0.45644532812499994 0.748141421875 0.4996415890625 0.8315355078125 0.49383827187499996
0 0.8426831390625 0.5415795625000001 0.8353435671874999 0.49330308437500003 0.752901334375 0.50587574375 0.7587698921875 0.552386640625 0.8426831390625 0.5415795625000001
0 0.8539663171875 0.5942326 0.846354925 0.5440220046875 0.7609459265625 0.55208081875 0.7693486015625 0.603166365625 0.8539663171875 0.5942326
0 0.864161478125 0.64703855 0.8575021921875001 0.5957079843749999 0.7715491859375 0.603843253125 0.777528915625 0.650338525 0.864161478125 0.64703855
0 0.8781646999999999 0.6993093109374999 0.8690575562499999 0.64635045 0.7824249937500001 0.649650425 0.7894923781250001 0.6999374765625 0.8781646999999999 0.6993093109374999
0 0.8916231859374999 0.7595459078125 0.8831963249999999 0.7035329609375001 0.7965637625 0.7068329359375001 0.8030626984375001 0.7601583546875 0.8916231859374999 0.7595459078125
0 0.90372183125 0.8180012984375 0.8957034328125 0.7570001468750001 0.8066226500000001 0.762616515625 0.81219391875 0.814099990625 0.90372183125 0.8180012984375
0 0.8081140343750001 0.8127010625000001 0.8018628453125001 0.7603269828125 0.7154616984375 0.7764145124999999 0.724608159375 0.83035400625 0.8081140343750001 0.8127010625000001
0 0.8018632109375 0.75638229375 0.7916680484375 0.70357634375 0.7068991 0.7154898421875 0.7153654671874999 0.772483396875 0.8018632109375 0.75638229375
0 0.6961998015625 0.6597962671875 0.702314715625 0.7151479765625 0.7894920140624999 0.703882165625 0.78240035 0.6486677296875001 0.6961998015625 0.6597962671875
0 0.7769849078125 0.6504149796875 0.7699175234375 0.6001279296875001 0.6866442312500001 0.6147897062500001 0.693207571875 0.6621891171875001 0.7769849078125 0.6504149796875
0 0.765973915625 0.59575136875 0.7595864515625 0.546354921875 0.67740071875 0.564808490625 0.685732090625 0.6129455796875 0.765973915625 0.59575136875
0 0.7559153921874999 0.5360230984375 0.7476233515625 0.49281127968750005 0.6678859359375 0.5089484421875 0.6743130015625 0.5593254828124999 0.7559153921874999 0.5360230984375
0 0.7416392578125001 0.49365228906249997 0.7330757578125 0.44456166406250003 0.65714594375 0.46410834218749997 0.6638452906250001 0.5124747968750001 0.7416392578125001 0.49365228906249997
0 0.7264117437500001 0.4445120703125 0.7190714453125 0.4041249734375 0.6450455578125001 0.4214317515625 0.6514737296875001 0.463919359375 0.7264117437500001 0.4445120703125
0 0.63216924375 0.381822690625 0.6400535484375001 0.4221333328125 0.717031321875 0.40539785312500004 0.706536221875 0.3575648578125 0.63216924375 0.381822690625
0 0.7024833640625 0.361092928125 0.69310330625 0.318034021875 0.621115775 0.3419574453125 0.627273528125 0.3785661 0.7024833640625 0.361092928125
0 0.6076946734375 0.32214814375 0.5973621453125 0.28415389687500003 0.5249509921875 0.309123015625 0.531939375 0.35547653125 0.6076946734375 0.32214814375
0 0.6284989125 0.3636014875 0.6173509187499999 0.3198048875 0.5434439625 0.35385966562500004 0.5530158000000001 0.3949193015625 0.6284989125 0.3636014875
0 0.639374721875 0.40940865937500004 0.6289070109375 0.3625579734375 0.55396790625 0.39379933125 0.5608449 0.43819618125000004 0.639374721875 0.40940865937500004
0 0.65161036875 0.4569970375 0.641686303125 0.4140145859375 0.5653877234375 0.43953004843750004 0.5718576468750001 0.481025628125 0.65161036875 0.4569970375
0 0.6628935484375 0.5096500765624999 0.6550096046875 0.46539474375 0.5746315046875 0.4855665875 0.583684659375 0.537546875 0.6628935484375 0.5096500765624999
0 0.670641215625 0.5568830390625 0.6635731046875 0.5144853687500001 0.5838745609375 0.53949250625 0.5911608671875 0.57890103125 0.670641215625 0.5568830390625
0 0.6851884453125 0.6090773453125 0.6758091171875 0.5581290578125 0.594342634375 0.5823985015625001 0.60312349375 0.6324447390625 0.6851884453125 0.6090773453125
0 0.692391740625 0.6603314546875 0.6830124125 0.6093831671875 0.601954028125 0.632609096875 0.609375140625 0.6808741140625 0.692391740625 0.6603314546875
0 0.702858725 0.7150715203125 0.6940234046875 0.664046778125 0.6110615359375 0.6816232671875 0.6188900984375 0.7327895 0.702858725 0.7150715203125
0 0.7145492734375 0.7745704250000001 0.7038104671875 0.7178962421875 0.61894475 0.7337679796875001 0.6256036734375 0.789043234375 0.7145492734375 0.7745704250000001
0 0.722976496875 0.8266386828125001 0.7121017796875 0.7689974390625001 0.6266920546875 0.7849456328125 0.6353357046875 0.8419142718750001 0.722976496875 0.8266386828125001
0 0.635662196875 0.8487715046875 0.62628359375 0.7899338375 0.5379466140625 0.8082657484375 0.5461725875 0.8633207687500001 0.635662196875 0.8487715046875
0 0.6239716484375 0.7892726 0.6154085125 0.736237284375 0.5319679265625 0.7617703296875 0.537745728125 0.807307821875 0.6239716484375 0.7892726
0 0.6126888328125 0.732674871875 0.6058932703125001 0.6843219390625 0.5257178578125 0.7054514546874999 0.5298625125 0.755163109375 0.6126888328125 0.732674871875
0 0.6073893859374999 0.6831255140625 0.59977799375 0.6329149187499999 0.5181069234375 0.6512961578125 0.5261954546875 0.70143969375 0.6073893859374999 0.6831255140625
0 0.5990984375 0.628079625 0.591622590625 0.5827807796875 0.5100874328125 0.6021290765625 0.517359771875 0.6543596421875 0.5990984375 0.628079625
0 0.5889029125 0.579218365625 0.579931315625 0.5311712546875 0.5003002890625 0.5522242625 0.5079808046875 0.5994666640624999 0.5889029125 0.579218365625
0 0.5812911546875 0.5329524609375 0.5735438515625 0.4817748078125 0.494592571875 0.5076630828125 0.5011852421875 0.55111373125 0.5812911546875 0.5329524609375
0 0.570823809375 0.482157084375 0.5614444796875 0.431208796875 0.48555326875000004 0.4635701265625 0.4909893546875 0.5061971625 0.570823809375 0.482157084375
0 0.556548765625 0.42795220624999997 0.5487996421875 0.396498003125 0.476241390625 0.4165569984375 0.4807938296875 0.457335903125 0.556548765625 0.42795220624999997
0 0.364240790625 0.46484092656250003 0.3711726265625 0.510216228125 0.4533186640625 0.49078207812499997 0.4450268140625 0.4475702328125 0.364240790625 0.46484092656250003
0 0.45916194531250004 0.5441996437500001 0.45358975937499996 0.500605575 0.3726680140625 0.516909184375 0.37728826875 0.5576785578125001 0.45916194531250004 0.5441996437500001
0 0.46310027031249995 0.6038018921874999 0.4584811078125 0.5511984484375 0.3778311859375 0.5694361734375 0.3848065390625 0.6226946375 0.46310027031249995 0.6038018921874999
0 0.4697595578125 0.6551324562499999 0.46500412031250005 0.60550664375 0.3869383296875 0.6223950328125001 0.390513690625 0.667255896875 0.4697595578125 0.6551324562499999
0 0.47737077499999997 0.709287715625 0.47152713124999995 0.6598148390625 0.386933790625 0.673675978125 0.3915534921875 0.71839006875 0.47737077499999997 0.709287715625
0 0.48062954687500004 0.7640546703125 0.476690303125 0.712341828125 0.3919535234375 0.7262231265625 0.40038827499999996 0.777304165625 0.48062954687500004 0.7640546703125
0 0.4885120328125 0.8240887625 0.4838928703125 0.77148531875 0.3982118765625 0.7815546765625 0.403578703125 0.832080725 0.4885120328125 0.8240887625
0 0.4943547625 0.8814510453125 0.48769547500000004 0.83012048125 0.4020142921875 0.8401898671874999 0.40581835 0.8830462703125 0.4943547625 0.8814510453125
0 0.363966421875 0.490519640625 0.3596187171875 0.443795003125 0.2755986875 0.46152020625 0.2799161734375 0.5121937296875 0.363966421875 0.490519640625
0 0.3730732015625 0.547423190625 0.3661420921875 0.4941585078125 0.2819559328125 0.5148655390625 0.284564325 0.5608484609375 0.3730732015625 0.547423190625
0 0.3806847828125 0.5976337593750001 0.373753121875 0.54831379375 0.28331140625 0.5639830265625 0.28782277968750003 0.6077261828125 0.3806847828125 0.5976337593750001
0 0.38965510000000003 0.6575149671875 0.3820440703125 0.60335968125 0.2867066421875 0.6157723234375 0.2911895296875 0.6713534 0.38965510000000003 0.6575149671875
0 0.3896503703125 0.7087959374999999 0.38312663125 0.662377121875 0.2932289265625 0.6779699 0.29964282343750004 0.72341799375 0.3896503703125 0.7087959374999999
0 0.3930448765625 0.768474615625 0.3895137328125 0.715718259375 0.300431859375 0.7331686984375 0.302628934375 0.7801955875 0.3930448765625 0.768474615625
0 0.40051926875 0.829552221875 0.3952205484375 0.7721134828125 0.301378871875 0.787274390625 0.3065664078125 0.83979795625 0.40051926875 0.829552221875
0 0.40391450312500005 0.88134151875 0.3991587 0.8356603953124999 0.306949778125 0.8427025562500001 0.31472124218749997 0.889932175 0.40391450312500005 0.88134151875
0 0.4799556359375 0.700049 0.5113718625 0.698592215625 0.48853822343750003 0.540071078125 0.4594919421875 0.550070225 0.4799556359375 0.700049
0 0.479819359375 0.70302663125 0.49925120468750006 0.87681825625 0.5322998218749999 0.8711874171874999 0.509331740625 0.6998650953125 0.479819359375 0.70302663125
0 0.283720421875 0.5550501062500001 0.278692434375 0.5113795546875 0.19550800625 0.527015003125 0.20048636874999998 0.5746371671875 0.283720421875 0.5550501062500001
0 0.28670755937500003 0.6078829171875 0.28059228125 0.556475896875 0.2032060484375 0.5781995796875 0.2072819296875 0.6229901 0.28670755937500003 0.6078829171875
0 0.2925502859375 0.6652452 0.28453116093749997 0.612133428125 0.20143301875000003 0.6326875484375 0.20673246406249998 0.68223690625 0.2925502859375 0.6652452
0 0.29812082968750003 0.7246180546875001 0.289149959375 0.6686815640625 0.2052359875 0.6873780218750001 0.212214084375 0.7406361 0.29812082968750003 0.7246180546875001
0 0.30369173437499997 0.7800462203125 0.2943127671875 0.72515324375 0.2072710171875 0.741330803125 0.2154722859375 0.795403134375 0.30369173437499997 0.7800462203125
0 0.304638384375 0.8380966015625001 0.30301108593750004 0.787044996875 0.2156975140625 0.8012884390625 0.21941096249999997 0.84711605625 0.304638384375 0.8380966015625001
0 0.3077614328125 0.8918964718750001 0.3042299234375 0.84308480625 0.21478539687499998 0.8536830953125 0.2199042140625 0.9022716796875001 0.3077614328125 0.8918964718750001
0 0.2109355296875 0.8226670468749999 0.20767620468749998 0.771844809375 0.1288257796875 0.7908157921875001 0.135045771875 0.8392496156249999 0.2109355296875 0.8226670468749999
0 0.22438492031249999 0.9815208953125 0.208215121875 0.8269940140625 0.1811502359375 0.835728534375 0.19786440624999999 0.9862342703125 0.22438492031249999 0.9815208953125
0 0.16270590468749999 1 0.17392729843750002 0.997487690625 0.1585722390625 0.856652540625 0.135723875 0.8598636687500001 0.149979346875 1 0.16270590468749999 1
0 0.0485567609375 0.7606781578125 0.056440340624999995 0.8088781796875001 0.12974632656250001 0.7897002578125 0.12447891250000001 0.740146396875 0.0485567609375 0.7606781578125
0 0.1340940296875 0.8364248953125 0.12893013281250001 0.7917872859374999 0.0520886328125 0.8055451328125001 0.058630490625 0.851961403125 0.1340940296875 0.8364248953125
0 0.135312503125 0.89640939375 0.129877509375 0.8419482875 0.05779581406249999 0.8579956671875 0.05807996875 0.90726371875 0.135312503125 0.89640939375
0 0.1416999671875 0.9458058406250001 0.13680861875 0.8952129687499999 0.060511128125 0.9088943609375001 0.06513029218750001 0.96149780625 0.1416999671875 0.9458058406250001
0 0.1457470109375 1 0.1415636921875 0.9487834718749999 0.0644500078125 0.9645518921875 0.06750268125 1 0.1457470109375 1