0 0.4828125 0.42265625 0.153125 0.1109375
0 0.43046875 0.6953125 0.1546875 0.11875
0 0.56171875 0.81875 0.1578125 0.121875
0 0.590625 0.62421875 0.1484375 0.115625
0 0.57734375 0.71953125 0.1515625 0.11875
0 0.3171875 0.49375 0.15625 0.1140625
0 0.465625 0.5125 0.1578125 0.115625
0 0.41328125 0.79296875 0.1578125 0.1171875
0 0.5109375 0.2578125 0.15 0.1046875
0 0.44765625 0.603125 0.1515625 0.1125
0 0.49765625 0.33984375 0.15 0.1046875
0 0.5234375 0.1828125 0.1375 0.0984375
0 0.79140625 0.39296875 0.140625 0.1046875
0 0.7796875 0.4796875 0.14375 0.1078125
0 0.8 0.31015625 0.1375 0.1015625
0 0.27421875 0.67734375 0.159375 0.1203125
0 0.334375 0.40546875 0.1484375 0.1078125
0 0.25625 0.7765625 0.1578125 0.1171875
0 0.10859375 0.75 0.1609375 0.11875
0 0.92109375 0.34609375 0.1296875 0.0984375
0 0.2984375 0.5828125 0.153125 0.1078125
0 0.41953125 0.028125 0.1296875 0.05625
0 0.76640625 0.5671875 0.1546875 0.1140625
0 0.4046875 0.08515625 0.1375 0.09375
0 0.13359375 0.653125 0.1515625 0.1125
0 0.36875 0.23828125 0.14375 0.1
0 0.38515625 0.16015625 0.140625 0.1
0 0.7390625 0.75546875 0.15625 0.1140625
0 0.91484375 0.4234375 0.1296875 0.1015625
0 0.1828125 0.46484375 0.1484375 0.1109375
0 0.72421875 0.85234375 0.1609375 0.1234375
0 0.35234375 0.31953125 0.14375 0.1015625
0 0.1578125 0.5578125 0.146875 0.109375
0 0.92265625 0.26484375 0.1265625 0.0953125
0 0.90703125 0.509375 0.1328125 0.103125
0 0.75546875 0.66171875 0.1515625 0.115625
0 0.865625 0.87734375 0.153125 0.1203125
0 0.88203125 0.78046875 0.1546875 0.1125
0 0.8984375 0.59453125 0.140625 0.1078125
0 0.89375 0.68984375 0.1515625 0.1109375
0 0.98359375 0.3796875 0.0328125 0.078125
0 0.98046875 0.4515625 0.0390625 0.084375
0 0.98203125 0.54140625 0.0359375 0.0828125
0 0.9765625 0.61875 0.0328125 0.0796875
0 0.9625 0.7015625 0.0328125 0.0859375