0 0.8444136468749999 0.7982807875 0.9018237265625 0.8267858015625 0.943174878125 0.73390959375 0.8899249015624999 0.7131342828125 0.8444136468749999 0.7982807875
0 0.79509771875 0.8898417562500001 0.8617981828125 0.91668464375 0.8991517046874999 0.8327872624999999 0.840806125 0.8068101359375 0.79509771875 0.8898417562500001
0 0.824703796875 1 0.8588315390625001 0.9233478359375 0.7889115375 0.895195909375 0.7434824437499999 0.9763247843749999 0.8035807500000001 1 0.824703796875 1
0 0 0.4089757953125 0.09326810156250001 0.444591753125 0.20912853281250002 0.14346000625 0.1283208046875 0.1055084734375 0.071719040625 0.232638115625 0 0.40156121093749997 0 0.4089757953125
0 0 0.6998574343749999 0.0917616703125 0.4479752546875 0 0.4160012375 0 0.6998574343749999
0 0.17108714687499998 0.2582846640625 0.28278273593750003 0.30700119375 0.333565271875 0.1775782171875 0.22066552499999997 0.13035266875 0.17108714687499998 0.2582846640625
0 0.23340752031249998 0.4319829859375 0.2786202 0.311229225 0.16436761875 0.2644149078125 0.11737101406249999 0.3904557265625 0.23340752031249998 0.4319829859375
0 0.186371215625 0.547870609375 0.23511217968749998 0.43071484375 0.1224057296875 0.390670221875 0.0826637875 0.5016970875 0.186371215625 0.547870609375
0 0.14054400312499998 0.6572016890625 0.183913340625 0.5508305015625 0.0749135515625 0.5114226359375 0.0356770828125 0.6226745546875 0.14054400312499998 0.6572016890625
0 0 0.7336097609375 0.09624306875000001 0.7682258656250001 0.1396124078125 0.6618546765625 0.0296900140625 0.62203604375 0 0.7019449671875 0 0.7336097609375
0 0.36875 0.26171875 0.1640625 0.1671875
0 0.31953125 0.390625 0.153125 0.159375
0 0.26875 0.50859375 0.1515625 0.1515625
0 0.2203125 0.625 0.15 0.15625
0 0.17265625 0.7359375 0.140625 0.1375
0 0.375 0.63671875 0.121875 0.15
0 0.3203125 0.765625 0.1171875 0.1453125
0 0.38984375 0.8078125 0.11875 0.14375
0 0.44921875 0.6859375 0.1296875 0.159375
0 0.5078125 0.54453125 0.1296875 0.1625
0 0.5109375 0.33515625 0.10625 0.13125
0 0.459375 0.45390625 0.10625 0.1328125