0 0.92890625 0.3375 0.1421875 0.175
0 0.93046875 0.528125 0.1390625 0.178125
0 0.93125 0.71640625 0.13671875 0.178125
0 0.70625 0.13046875 0.23515625 0.0765625
0 0.7140625 0.2140625 0.23828125 0.08046875
0 0.7171875 0.30390625 0.23984375 0.0796875
0 0.71796875 0.3859375 0.2375 0.0734375
0 0.71328125 0.47109375 0.2359375 0.08125
0 0.71796875 0.559375 0.23828125 0.07109375
0 0.715625 0.6421875 0.234375 0.075
0 0.71640625 0.72265625 0.2359375 0.06796875
0 0.71875 0.80546875 0.2390625 0.07890625
0 0.721875 0.884375 0.2375 0.0609375
0 0.46640625 0.56171875 0.24609375 0.09140625
0 0.4625 0.778125 0.2671875 0.3140625