0 0.7553034796875 0.5016542109375 0.7796472421875 0.69403290625 0.84630135625 0.685268940625 0.8184390968749999 0.48736063593749995 0.7553034796875 0.5016542109375
0 0.842501725 0.683911325 0.7789463765625 0.702553609375 0.781078153125 0.7052834203125 0.8046768703125 0.865242225 0.865260028125 0.8555620484375 0.842501725 0.683911325
0 0.9415683234375001 0.478099678125 0.9251340234375001 0.34504603125 0.8153293328125001 0.38106274375 0.82643095 0.49209555156249996 0.9415683234375001 0.478099678125
0 0.9362827171875001 0.48122318750000004 0.8310157921875 0.497492725 0.82859818125 0.4948184734375 0.8416874156249999 0.6190897703125 0.9533757375 0.599475853125 0.9362827171875001 0.48122318750000004
0 0.948833128125 0.6003588468750001 0.844000953125 0.6249284390625001 0.84598944375 0.6297821953125 0.8595236390625001 0.7351018781249999 0.9636547546875001 0.719053121875 0.948833128125 0.6003588468750001
0 0.9557473671875 0.7268785375 0.8565934921875 0.750344284375 0.8587319093750001 0.7499286171875 0.8732096468749999 0.8540167999999999 0.9731487359375001 0.834590609375 0.9557473671875 0.7268785375
0 0.48952188750000003 0.9537516437500001 0.364181559375 0.351374059375 0.23743931875 0.38334662812500003 0.3782684046875 0.9816655046875 0.48952188750000003 0.9537516437500001
0 0.2497186625 0.465852821875 0.1270663171875 0.4896940234375 0.1284060765625 0.49572197500000004 0.15909182187499998 0.6301977015625 0.2810010671875 0.6085970374999999 0.2497186625 0.465852821875
0 0.2817441671875 0.6063565015625 0.1599191609375 0.6405174437500001 0.16296455 0.6462138546875 0.19068246875 0.7624013453125 0.31141398593749997 0.7347412328125 0.2817441671875 0.6063565015625
0 0.3148631234375 0.7403591640625 0.19225290625 0.77048055 0.19569373750000002 0.7781961890625 0.2207448921875 0.8928058546875001 0.34256989843749996 0.8586449125 0.3148631234375 0.7403591640625
0 0.25176663125 1 0.367262165625 0.979612715625 0.3426963890625 0.87748545 0.2274523578125 0.904004465625 0.24981866406250003 1 0.25176663125 1
0 0.1233089359375 0.494616665625 0.005718296875 0.5384351875 0.006416665625 0.5414436265625 0.0372668140625 0.6643586453125 0.158040478125 0.6429788125 0.1233089359375 0.494616665625
0 0.191467678125 0.7664409015625 0.15882568749999998 0.6470183671874999 0.0414389859375 0.67612440625 0.0734001765625 0.7956792734375 0.191467678125 0.7664409015625
0 0.18806066875 0.7671031562499999 0.075671584375 0.7952377562499999 0.0781029828125 0.801053515625 0.107878859375 0.90636041875 0.2184735859375 0.8932473515625 0.18806066875 0.7671031562499999
0 0.245832846875 1 0.2196514203125 0.8993067796875 0.22004404375000003 0.90132665 0.11135854999999999 0.92664515625 0.129197553125 1 0.245832846875 1