0 0.878125 0.61640625 0.24375 0.3765625
0 0.67890625 0.46953125 0.1359375 0.103125
0 0.703125 0.55 0.1328125 0.103125
0 0.7265625 0.62734375 0.1296875 0.0984375
0 0.74921875 0.709375 0.1296875 0.103125
0 0.7703125 0.78984375 0.1265625 0.0984375
0 0.6703125 0.79453125 0.109375 0.1546875
0 0.5921875 0.83046875 0.121875 0.171875
0 0.55234375 0.678125 0.1171875 0.1609375
0 0.4443263421875 0.4689054375 0.49440763125 0.61557056875 0.57483928125 0.5777229578124999 0.528835603125 0.43379959218749997 0.4443263421875 0.4689054375
0 0.5280394125 0.429219984375 0.4825326421875 0.277494759375 0.40247571718749997 0.31236619375 0.4466728890625 0.4615665578125 0.5280394125 0.429219984375
0 0.31875 0.5359375 0.3296875 0.85
0 0.2109375 0.56953125 0.315625 0.8328125