0 0.71171875 0.721875 0.1015625 0.08125
0 0.88671875 0.41484375 0.1484375 0.1203125
0 0.59453125 0.6703125 0.096875 0.0765625
0 0.35703125 0.65859375 0.0953125 0.0734375
0 0.415625 0.5421875 0.0953125 0.0734375
0 0.48828125 0.79921875 0.0984375 0.0765625
0 0.396875 0.81640625 0.0984375 0.078125
0 0.3828125 0.76171875 0.0953125 0.0734375
0 0.23984375 0.93359375 0.1 0.0796875
0 0.8390625 0.028125 0.09375 0.05625
0 0.371875 0.7109375 0.090625 0.0703125
0 0.34140625 0.6046875 0.0953125 0.0734375
0 0.56328125 0.571875 0.0875 0.0671875
0 0.32734375 0.903125 0.096875 0.0765625
0 0.72578125 0.7796875 0.1 0.0765625
0 0.86484375 0.0859375 0.0875 0.0890625
0 0.47265625 0.74609375 0.1 0.0796875
0 0.41171875 0.8734375 0.096875 0.0765625
0 0.22890625 0.871875 0.0875 0.06875
0 0.309375 0.84296875 0.103125 0.078125
0 0.5796875 0.61953125 0.0890625 0.06875
0 0.45546875 0.6921875 0.0953125 0.0734375
0 0.49921875 0.8578125 0.1 0.0796875
0 0.88984375 0.15859375 0.08125 0.0890625
0 0.296875 0.78671875 0.096875 0.078125
0 0.6953125 0.6703125 0.103125 0.078125
0 0.20625 0.76953125 0.0859375 0.0703125
0 0.81640625 0.75234375 0.103125 0.078125
0 0.4421875 0.64140625 0.0953125 0.071875
0 0.35234375 0.35703125 0.0828125 0.0671875
0 0.4015625 0.49296875 0.1 0.075
0 0.43046875 0.59140625 0.0953125 0.0734375
0 0.28984375 0.73515625 0.0953125 0.0703125
0 0.8 0.69453125 0.1015625 0.0796875
0 0.21796875 0.8203125 0.0875 0.071875
0 0.33046875 0.55546875 0.0875 0.0671875
0 0.240625 0.5375 0.0953125 0.0703125
0 0.3859375 0.44609375 0.0953125 0.0671875
0 0.5625 0.2984375 0.08125 0.0671875
0 0.31640625 0.509375 0.084375 0.065625
0 0.2 0.40625 0.0921875 0.0671875
0 0.5484375 0.5265625 0.084375 0.065625
0 0.61796875 0.46796875 0.09375 0.0734375
0 0.6734375 0.61875 0.0984375 0.0765625
0 0.2546875 0.5859375 0.0890625 0.0703125
0 0.30546875 0.46796875 0.0796875 0.059375
0 0.6546875 0.56796875 0.1 0.075
0 0.64609375 0.8140625 0.0859375 0.05625
0 0.22578125 0.48984375 0.1 0.075
0 0.265625 0.6359375 0.0859375 0.0640625
0 0.91640625 0.503125 0.1515625 0.1171875
0 0.278125 0.68359375 0.0921875 0.071875
0 0.5859375 0.38671875 0.0796875 0.0609375
0 0.3671875 0.40234375 0.0890625 0.0625
0 0.63359375 0.51640625 0.0953125 0.075
0 0.1734375 0.61796875 0.09375 0.071875
0 0.1953125 0.71484375 0.0921875 0.06875
0 0.18828125 0.6671875 0.09375 0.0703125
0 0.57265625 0.346875 0.0796875 0.059375
0 0.51015625 0.40390625 0.0828125 0.0625
0 0.7828125 0.6375 0.0984375 0.0765625
0 0.91640625 0.234375 0.071875 0.0890625
0 0.29375 0.42734375 0.0765625 0.0578125
0 0.2140625 0.4453125 0.09375 0.065625
0 0.1640625 0.56875 0.0875 0.06875
0 0.6 0.4265625 0.084375 0.0609375
0 0.71875 0.49296875 0.0984375 0.0765625
0 0.628125 0.74375 0.08125 0.053125
0 0.934375 0.58984375 0.13125 0.1234375
0 0.7625 0.58671875 0.0984375 0.0765625
0 0.95 0.67890625 0.1 0.1296875
0 0.6171875 0.70703125 0.084375 0.0578125
0 0.525 0.44921875 0.0828125 0.0609375
0 0.7421875 0.54140625 0.096875 0.075
0 0.6359375 0.77734375 0.078125 0.0515625
0 0.70078125 0.4390625 0.0984375 0.0765625
0 0.94375 0.31171875 0.0640625 0.0890625
0 0.96953125 0.39609375 0.0609375 0.0890625
0 0.50078125 0.378125 0.0703125 0.040625
0 0.03984375 0.59609375 0.0734375 0.065625
0 0.1515625 0.5265625 0.078125 0.0578125
0 0.98515625 0.4796875 0.0296875 0.090625
0 0.6546875 0.36171875 0.0828125 0.053125
0 0.53671875 0.48671875 0.08125 0.0578125
0 0.67265625 0.3984375 0.0890625 0.0640625
0 0.1092413296875 0.6557326953125 0.08413659375 0.6578517749999999 0.10811414999999999 0.8059037281249999 0.14374305625 0.8109260640624999 0.1092413296875 0.6557326953125
0 0.1355764484375 0.9803428640625 0.16620289531250002 0.9736773968750001 0.13545918437499999 0.8138764796875 0.10758625 0.8204578984375 0.1355764484375 0.9803428640625
0 0.05390625 0.64921875 0.0703125 0.0609375
0 0.06328125 0.70234375 0.0578125 0.05625
0 0.0765625 0.75703125 0.0578125 0.0671875