0 0.6854225109375001 0.75634765625 0.6881697640625 0.75439453125 0.6878950390624999 0.6669921875 0.6854225109375001 0.66015625 0.54338954375 0.65576171875 0.5381697640625001 0.658203125 0.5365214125 0.7197265625 0.5365214125 0.7529296875 0.5378950390624999 0.75537109375 0.6854225109375001 0.75634765625
0 0.687895540625 0.65771484375 0.6892691671875 0.6552734375 0.6884449906250001 0.5693359375 0.687895540625 0.5615234375 0.6859724625 0.55908203125 0.5461372984375 0.55859375 0.5417416937499999 0.56396484375 0.5409175187499999 0.57763671875 0.5398186171875 0.6240234375 0.5409175187499999 0.654296875 0.5425658703125 0.65673828125 0.687895540625 0.65771484375
0 0.68624760625 0.5517578125 0.6851487046875 0.466796875 0.683225628125 0.4638671875 0.5466871671875 0.462890625 0.5417421124999999 0.4677734375 0.539819034375 0.5009765625 0.5400937609375001 0.55322265625 0.5422915625 0.556640625 0.6845992546875 0.55615234375 0.68624760625 0.5517578125
0 0.6835008546875 0.46533203125 0.6835008546875 0.4208984375 0.681577778125 0.37841796875 0.549984371875 0.37841796875 0.5455887671874999 0.3798828125 0.5425667890625 0.38427734375 0.5417426125 0.466796875 0.5433909640625 0.46923828125 0.681852503125 0.46826171875 0.6835008546875 0.46533203125
0 0.678281409375 0.21533203125 0.6771825078125 0.21044921875 0.64970998125 0.20751953125 0.5571275625000001 0.2080078125 0.546688003125 0.20947265625 0.543666025 0.21435546875 0.543666025 0.28271484375 0.5447649250000001 0.29345703125 0.6785561343750001 0.2919921875 0.678281409375 0.21533203125
0 0.3840503890625 0.21240234375 0.385698740625 0.208984375 0.3873470921875 0.18505859375 0.38899544375 0.1396484375 0.3867976421875 0.1337890625 0.26124819062500004 0.13037109375 0.2585009390625 0.13427734375 0.2571273125 0.14208984375 0.25438005937499997 0.171875 0.25218225781250003 0.20166015625 0.25218225781250003 0.2080078125 0.253830609375 0.2099609375 0.3840503890625 0.21240234375
0 0.3835006875 0.28857421875 0.3854237640625 0.2705078125 0.386797390625 0.2158203125 0.3837754125 0.212890625 0.3579512375 0.2109375 0.2574017875 0.2099609375 0.254654534375 0.212890625 0.25383035781249996 0.216796875 0.2502589296875 0.259765625 0.24970947968749999 0.28466796875 0.2532809078125 0.2900390625 0.3810281609375 0.29150390625 0.3835006875 0.28857421875
0 0.38020365 0.37646484375 0.3840498046875 0.375 0.38569815625000003 0.3720703125 0.38542343125 0.29736328125 0.3821267265625 0.29345703125 0.25657727656249996 0.29296875 0.2538300234375 0.29443359375 0.25218167187499996 0.29931640625 0.24861024375000002 0.3330078125 0.2466871671875 0.36376953125 0.2466871671875 0.37060546875 0.24861024375000002 0.373046875 0.38020365 0.37646484375
0 0.379379390625 0.46630859375 0.3807530171875 0.45751953125 0.3843244453125 0.3916015625 0.38212664375 0.3798828125 0.379654115625 0.3779296875 0.2491596109375 0.3779296875 0.24503873125000003 0.3798828125 0.24339037968750002 0.3837890625 0.24091785312499997 0.41455078125 0.23899477500000002 0.46337890625 0.241192578125 0.46630859375 0.3774563140625 0.4677734375 0.379379390625 0.46630859375
0 0.3766318875 0.5517578125 0.3788296890625 0.4677734375 0.3766318875 0.4658203125 0.2406428765625 0.4658203125 0.23844507343750002 0.4697265625 0.23734617343750003 0.478515625 0.23267584375 0.53857421875 0.23267584375 0.552734375 0.23844507343750002 0.55517578125 0.3744340859375 0.55615234375 0.3766318875 0.5517578125
0 0.37196080625 0.74755859375 0.37251025625 0.74267578125 0.3744333328125 0.65478515625 0.37223553125 0.65087890625 0.232125640625 0.65283203125 0.22882893750000002 0.65625 0.2277300359375 0.66259765625 0.2236091578125 0.7197265625 0.22305970625 0.74609375 0.2299278390625 0.7509765625 0.36838937656250004 0.7509765625 0.37196080625 0.74755859375
0 0.3725100046875 0.7578125 0.371136378125 0.755859375 0.22553198281250003 0.75537109375 0.22360890625000002 0.7578125 0.2181144015625 0.8330078125 0.217839675 0.8505859375 0.22141110468749997 0.8525390625 0.3686638515625 0.8525390625 0.3725100046875 0.7578125
0 0.244764925 0.1298828125 0.247786903125 0.11865234375 0.24998470625000002 0.06689453125 0.24806162812500002 0.06201171875 0.241742946875 0.05908203125 0.12525943125 0.0576171875 0.1233363546875 0.06103515625 0.12086382656250001 0.07421875 0.115644046875 0.123046875 0.115644046875 0.13232421875 0.119215475 0.13427734375 0.24036932187499999 0.134765625 0.244764925 0.1298828125
0 0.23762181718750003 0.2119140625 0.23954489375 0.21044921875 0.24064379531250002 0.205078125 0.24476467500000001 0.13720703125 0.2436657734375 0.13330078125 0.241742696875 0.1328125 0.11536907031250002 0.1337890625 0.11344599375 0.13720703125 0.10877566406250001 0.173828125 0.1054789609375 0.20751953125 0.10575368593750001 0.2109375 0.10740203749999999 0.21240234375 0.23762181718750003 0.2119140625
0 1 0.7548828125 0.86868131875 0.75390625 0.8645604390624999 0.7548828125 0.8615384609375001 0.7587890625 0.8645604390624999 0.82958984375 0.86840659375 0.85107421875 0.9631868125 0.857421875 1 0.857421875 1 0.7548828125
0 0.9670329671875001 0.7568359375 0.9689560437500001 0.7548828125 0.9667582421875001 0.6953125 0.959890109375 0.66552734375 0.9326923078125 0.6630859375 0.8376373625 0.662109375 0.8335164828125 0.66357421875 0.83159340625 0.66748046875 0.8321428578125 0.71240234375 0.834890109375 0.75390625 0.8359890109375 0.75634765625 0.9670329671875001 0.7568359375
0 0.9585164828125 0.66455078125 0.9607142859375 0.66259765625 0.9579670328125 0.6162109375 0.9541208796875 0.5791015625 0.9524725281249999 0.57568359375 0.840659340625 0.57666015625 0.8296703296875 0.57958984375 0.8282967031249999 0.61279296875 0.83186813125 0.66552734375 0.9414835171875 0.6650390625 0.9585164828125 0.66455078125
0 0.93076923125 0.5751953125 0.9516483515624999 0.57080078125 0.9489010984374999 0.5185546875 0.9450549453124999 0.4912109375 0.852472528125 0.48681640625 0.827747253125 0.48828125 0.81950549375 0.4912109375 0.8225274718750001 0.54736328125 0.8252747250000001 0.5712890625 0.8310439562499999 0.57421875 0.93076923125 0.5751953125
0 0.9425824171875 0.486328125 0.9395604390625 0.439453125 0.934340659375 0.40771484375 0.8428571421875001 0.40478515625 0.81840659375 0.40478515625 0.815659340625 0.40673828125 0.8181318687499999 0.47265625 0.8211538468749999 0.48779296875 0.927747253125 0.48828125 0.9425824171875 0.486328125
0 0.88131868125 0.408203125 0.9266483515624999 0.408203125 0.9335164828125 0.40625 0.927747253125 0.341796875 0.925 0.333984375 0.896428571875 0.3291015625 0.8104395609375 0.32958984375 0.8115384609375 0.38916015625 0.8126373625 0.39794921875 0.815934065625 0.40625 0.88131868125 0.408203125
0 0.9109890109375 0.33251953125 0.9247252749999999 0.32958984375 0.9274725281249999 0.32568359375 0.9255494499999999 0.28369140625 0.9228021984374999 0.259765625 0.921428571875 0.25634765625 0.9060439562499999 0.25390625 0.80631868125 0.25244140625 0.8060439562499999 0.26318359375 0.8115384609375 0.32421875 0.8129120875 0.32763671875 0.9109890109375 0.33251953125
0 0.8016483515624999 0.22216796875 0.802747253125 0.2197265625 0.799725275 0.14892578125 0.7978021984375 0.1435546875 0.677747253125 0.14404296875 0.6736263734375 0.1455078125 0.671978021875 0.1513671875 0.671703296875 0.171875 0.675274725 0.2197265625 0.6766483515624999 0.22265625 0.8016483515624999 0.22216796875
0 0.8068681312500001 0.30078125 0.8021978015625001 0.22802734375 0.8008241765624999 0.22265625 0.677472528125 0.22265625 0.678296703125 0.28564453125 0.6785714281249999 0.2919921875 0.68049450625 0.296875 0.8068681312500001 0.30078125
0 0.8126373625 0.38525390625 0.8107142859375 0.3173828125 0.8085164828125 0.30419921875 0.70631868125 0.30078125 0.6821428578125001 0.30078125 0.6802197796875 0.302734375 0.68159340625 0.36962890625 0.684065934375 0.3857421875 0.799725275 0.38720703125 0.8126373625 0.38525390625
0 0.81923076875 0.44140625 0.816208790625 0.39501953125 0.8140109890625 0.39013671875 0.7447802203125 0.3857421875 0.6832417578125 0.3876953125 0.683791209375 0.45751953125 0.6862637359375 0.47216796875 0.8181318687499999 0.470703125 0.81923076875 0.44140625
0 0.8219780218749999 0.56103515625 0.8241758234375001 0.55859375 0.8208791203124999 0.47802734375 0.8200549453124999 0.47265625 0.8175824171875 0.4697265625 0.7381868125 0.46875 0.6881868124999999 0.470703125 0.6854395609374999 0.4716796875 0.683791209375 0.478515625 0.6848901093750001 0.53564453125 0.6868131875000001 0.55615234375 0.6892857140624999 0.56005859375 0.8219780218749999 0.56103515625
0 0.828571428125 0.65966796875 0.8335164828125 0.65478515625 0.83076923125 0.5849609375 0.8271978015625001 0.56298828125 0.6898351640625 0.56396484375 0.6887362640625 0.56494140625 0.6895604390625001 0.6103515625 0.69423076875 0.658203125 0.828571428125 0.65966796875
0 0.8310439562499999 0.67529296875 0.828571428125 0.6591796875 0.75604395625 0.65771484375 0.6901098906249999 0.65966796875 0.69395604375 0.75439453125 0.79423076875 0.755859375 0.8357142859375 0.75390625 0.8310439562499999 0.67529296875
0 0.8392857140625001 0.8603515625 0.8370879125 0.81103515625 0.8332417578125 0.75830078125 0.83159340625 0.75439453125 0.6879120875 0.755859375 0.6887362640625 0.81298828125 0.691208790625 0.85986328125 0.8359890109375 0.86181640625 0.8392857140625001 0.8603515625
0 0.6890109890625 0.767578125 0.6870879125 0.75537109375 0.658791209375 0.75341796875 0.54423076875 0.75390625 0.5392857140625 0.7548828125 0.5365384609375 0.7587890625 0.5370879125 0.857421875 0.5384615390625 0.859375 0.690934065625 0.859375 0.6890109890625 0.767578125
0 0.6832417578125 0.37744140625 0.6826923078125 0.34375 0.68049450625 0.29736328125 0.6793956046875 0.29345703125 0.5508241765624999 0.29248046875 0.5486263734375 0.29443359375 0.5489010984375 0.37890625 0.678021978125 0.3818359375 0.68104395625 0.38134765625 0.6832417578125 0.37744140625
0 0.5197802203124999 0.64599609375 0.521428571875 0.578125 0.5197802203124999 0.556640625 0.5173076921875001 0.55322265625 0.38076923125 0.552734375 0.378296703125 0.55517578125 0.3771978015625 0.56298828125 0.3758241765625 0.59521484375 0.37472527499999997 0.63525390625 0.37554945 0.6484375 0.5178571421875 0.650390625 0.5197802203124999 0.64599609375
0 0.51950549375 0.7490234375 0.521153846875 0.7138671875 0.521428571875 0.66650390625 0.5181318687500001 0.6533203125 0.378296703125 0.65234375 0.3758241765625 0.65771484375 0.3736263734375 0.703125 0.371978021875 0.74755859375 0.37554945 0.75146484375 0.51840659375 0.7509765625 0.51950549375 0.7490234375
0 0.5178571421875 0.85546875 0.5197802203124999 0.85302734375 0.5206043953124999 0.759765625 0.5197802203124999 0.751953125 0.5181318687500001 0.75 0.3758241765625 0.75244140625 0.372252746875 0.75537109375 0.37032967031249997 0.78759765625 0.3697802203125 0.8486328125 0.371428571875 0.85107421875 0.5123626375 0.85546875 0.5178571421875 0.85546875
0 0.3741758234375 0.6455078125 0.375 0.6376953125 0.3771978015625 0.55859375 0.372252746875 0.556640625 0.29917582343750004 0.556640625 0.2370879125 0.55908203125 0.234340659375 0.564453125 0.23076923124999998 0.63037109375 0.2302197796875 0.64599609375 0.23324175781249998 0.6494140625 0.371153846875 0.6484375 0.3741758234375 0.6455078125
0 0.2324175828125 0.29833984375 0.23543956093750001 0.294921875 0.23763736249999998 0.28466796875 0.24010989062500002 0.2216796875 0.2384615390625 0.216796875 0.234890109375 0.21533203125 0.11208791250000001 0.21484375 0.108791209375 0.21630859375 0.10714285781249999 0.220703125 0.10329670312499999 0.25634765625 0.1016483515625 0.2939453125 0.10467032968750001 0.296875 0.1582417578125 0.30029296875 0.2324175828125 0.29833984375
0 0.12335164843749999 0.384765625 0.2236263734375 0.38623046875 0.23104395625000002 0.3818359375 0.234890109375 0.3671875 0.23543956093750001 0.30810546875 0.234340659375 0.302734375 0.22857142812500003 0.29736328125 0.14478022031249999 0.29833984375 0.1043956046875 0.30126953125 0.099725275 0.3037109375 0.09725274687499999 0.31787109375 0.0950549453125 0.36865234375 0.09725274687499999 0.37939453125 0.10109890156250001 0.38232421875 0.12335164843749999 0.384765625
0 0.2296703296875 0.47314453125 0.23131868125000002 0.3984375 0.2291208796875 0.3896484375 0.221153846875 0.38720703125 0.096703296875 0.3857421875 0.09450549375 0.3876953125 0.09285714218749999 0.39501953125 0.0887362640625 0.44287109375 0.08736263749999999 0.47119140625 0.0898351640625 0.47412109375 0.22170329687499998 0.47705078125 0.2296703296875 0.47314453125
0 0.22719780156249997 0.56787109375 0.2291208796875 0.47998046875 0.227472528125 0.4765625 0.090384615625 0.47802734375 0.0881868125 0.48486328125 0.084615384375 0.52783203125 0.0829670328125 0.5634765625 0.0851648359375 0.56494140625 0.22582417656249998 0.5703125 0.22719780156249997 0.56787109375
0 0.21071428593750002 0.6630859375 0.2164835171875 0.65966796875 0.2208791203125 0.64501953125 0.2233516484375 0.62109375 0.2233516484375 0.5849609375 0.221978021875 0.572265625 0.21978022031250002 0.568359375 0.0821428578125 0.56884765625 0.0796703296875 0.5712890625 0.078021978125 0.5791015625 0.0733516484375 0.62646484375 0.072527471875 0.65283203125 0.0730769234375 0.65673828125 0.075 0.658203125 0.21071428593750002 0.6630859375
0 0.21126373593749997 0.7607421875 0.2123626375 0.75439453125 0.2148351640625 0.71826171875 0.216208790625 0.6689453125 0.21263736249999998 0.66552734375 0.0706043953125 0.66162109375 0.0675824171875 0.66552734375 0.0615384609375 0.72705078125 0.0609890109375 0.7568359375 0.0637362640625 0.76123046875 0.209065934375 0.7626953125 0.21126373593749997 0.7607421875
0 0.20494505468750002 0.861328125 0.20631868125000002 0.8525390625 0.21126373593749997 0.7685546875 0.20824175781249998 0.76513671875 0.19532967031249998 0.76513671875 0.0615384609375 0.771484375 0.057692307812499996 0.78125 0.051923076562500003 0.8505859375 0.0513736265625 0.8603515625 0.052747253125000004 0.8623046875 0.203021978125 0.86328125 0.20494505468750002 0.861328125