0 0.54453125 0.26171875 0.1578125 0.2078125
0 0.52265625 0.4515625 0.1609375 0.2046875
0 0.50234375 0.640625 0.1640625 0.2015625
0 0.48125 0.82265625 0.1609375 0.19375
0 0.340625 0.81171875 0.1640625 0.1921875
0 0.3609375 0.62578125 0.1609375 0.2046875
0 0.3828125 0.43515625 0.1578125 0.19375
0 0.403125 0.240625 0.1640625 0.215625
0 0.26171875 0.22578125 0.1671875 0.2109375
0 0.23515625 0.41953125 0.1625 0.2125
0 0.215625 0.61328125 0.16875 0.221875
0 0.1921875 0.80546875 0.1640625 0.2015625
0 0.06640625 0.79765625 0.1328125 0.2078125
0 0.0765625 0.60078125 0.153125 0.2109375
0 0.09296875 0.4046875 0.175 0.2140625
0 0.11328125 0.20390625 0.1765625 0.2140625
0 0.92734375 0.68359375 0.128125 0.1984375
0 0.90859375 0.8671875 0.11875 0.209375