0 0.40546875 0.2078125 0.109375 0.10625
0 0.4453125 0.28984375 0.1109375 0.115625
0 0.48515625 0.378125 0.115625 0.1125
0 0.53046875 0.4671875 0.1125 0.1125
0 0.57890625 0.56640625 0.1171875 0.1234375
0 0.625 0.66171875 0.11875 0.121875
0 0.6734375 0.76484375 0.1296875 0.1390625
0 0.48671875 0.171875 0.1140625 0.1125
0 0.52578125 0.2546875 0.115625 0.1109375
0 0.57109375 0.34140625 0.1125 0.115625
0 0.61640625 0.42890625 0.1171875 0.1203125
0 0.6625 0.5265625 0.11875 0.1203125
0 0.71015625 0.62265625 0.11875 0.121875
0 0.76328125 0.7265625 0.121875 0.13125
0 0.5625 0.13203125 0.103125 0.109375
0 0.60703125 0.21484375 0.1015625 0.0984375
0 0.65234375 0.3046875 0.1109375 0.1171875
0 0.69765625 0.38984375 0.1125 0.1171875
0 0.75078125 0.4859375 0.115625 0.1203125
0 0.796875 0.58359375 0.121875 0.128125
0 0.8546875 0.684375 0.11875 0.121875