0 0.9203125 0.19140625 0.1171875 0.1296875
0 0.934375 0.446875 0.13125 0.125
0 0.92890625 0.32265625 0.115625 0.1203125
0 0.934375 0.57109375 0.109375 0.11875
0 0.9375 0.6875 0.121875 0.1109375
0 0.934375 0.7953125 0.1109375 0.1015625
0 0.77578125 0.33359375 0.1203125 0.1296875
0 0.78671875 0.4640625 0.1234375 0.128125
0 0.79375 0.58828125 0.11875 0.11875
0 0.8015625 0.71015625 0.1125 0.1171875
0 0.80703125 0.8265625 0.10625 0.1125
0 0.70078125 0.83515625 0.115625 0.10625
0 0.690625 0.71875 0.11875 0.1203125
0 0.68125 0.59765625 0.115625 0.121875
0 0.6703125 0.471875 0.11875 0.128125
0 0.65703125 0.3453125 0.1203125 0.1328125
0 0.64609375 0.21015625 0.1203125 0.14375
0 0.5296875 0.215625 0.125 0.13125
0 0.53984375 0.34921875 0.1203125 0.134375
0 0.5578125 0.4765625 0.115625 0.128125
0 0.5671875 0.5984375 0.1171875 0.125
0 0.58125 0.71796875 0.1109375 0.11875
0 0.590625 0.83671875 0.1140625 0.1125
0 0.46015625 0.853125 0.1078125 0.109375
0 0.44765625 0.73828125 0.115625 0.1234375
0 0.43359375 0.62109375 0.1125 0.1265625
0 0.41875 0.49765625 0.1140625 0.128125
0 0.40078125 0.36953125 0.1078125 0.128125
0 0.28984375 0.3734375 0.1109375 0.1359375
0 0.309375 0.50234375 0.1078125 0.128125
0 0.325 0.625 0.1078125 0.1203125
0 0.340625 0.74375 0.1078125 0.1171875
0 0.3546875 0.85859375 0.1046875 0.10625
0 0.1796875 0.38828125 0.1140625 0.1265625
0 0.2 0.5109375 0.1046875 0.11875
0 0.21484375 0.6328125 0.1125 0.121875
0 0.234375 0.75078125 0.1078125 0.1078125
0 0.25 0.85546875 0.10625 0.096875
0 0.1609375 0.1890625 0.0984375 0.034375
0 0.16640625 0.22890625 0.096875 0.034375
0 0.1703125 0.26484375 0.0953125 0.04375
0 0.17421875 0.30078125 0.0984375 0.0375
0 0.265625 0.25546875 0.096875 0.04375
0 0.27109375 0.2921875 0.0953125 0.040625