0 0.3453125 0.26171875 0.21171875 0.15703125
0 0.3515625 0.51328125 0.19765625 0.15703125
0 0.35234375 0.75 0.19921875 0.1390625
0 0.11875 0.80390625 0.1859375 0.2015625
0 0.1109375 0.51875 0.21484375 0.203125
0 0.7109375 0.21875 0.12734375 0.2515625
0 0.70703125 0.47265625 0.13203125 0.2359375
0 0.7015625 0.71640625 0.11953125 0.22421875
0 0.56328125 0.71796875 0.12890625 0.2203125
0 0.8443085296874999 0 0.8141054515624999 0.8009259265625 1 0.79541698125 1 0 0.8443085296874999 0
0 0.23503955156249998 0.1759259265625 0.25639000312500004 0.17962962968750001 0.2569107453125 0.1351851859375 0.0908203125 0.1379629625 0.09600124531250001 0.3111111109375 0.2397262359375 0.309259259375 0.23503955156249998 0.1759259265625