0 0.5140625 0.48984375 0.2453125 0.2171875
0 0.4109375 0.70859375 0.1046875 0.0671875
0 0.42109375 0.77265625 0.10625 0.08125
0 0.434375 0.83671875 0.103125 0.0671875
0 0.44765625 0.8921875 0.103125 0.075
0 0.4984375 0.625 0.1125 0.084375
0 0.5125 0.69296875 0.1046875 0.0703125
0 0.56503954375 0.7046849859375001 0.4683045625 0.73786808125 0.4712214640625 0.7443476625 0.4822876171875 0.7869595328125001 0.5786085734374999 0.760175234375 0.56503954375 0.7046849859375001
0 0.53203125 0.81171875 0.10625 0.0765625
0 0.54453125 0.875 0.1078125 0.0734375
0 0.6015625 0.609375 0.0984375 0.0796875
0 0.609375 0.671875 0.0984375 0.071875
0 0.62109375 0.73046875 0.0984375 0.071875
0 0.6265625 0.78515625 0.09375 0.0640625
0 0.63515625 0.846875 0.1 0.071875
0 0.731595703125 0.094741653125 0.58121133125 0.11618892343750001 0.5829595375000001 0.1205503890625 0.6131859125 0.286093359375 0.7581123078124999 0.2584436765625 0.731595703125 0.094741653125
0 0.755635053125 0.2579184578125 0.6111986843749999 0.28230861093750004 0.6133856062499999 0.297094715625 0.6367078546875 0.43570685625000005 0.782627790625 0.40994958437499995 0.755635053125 0.2579184578125
0 0.7711733328125 0.41448790312500006 0.6357279546875 0.44222588281249997 0.6371872625 0.44664875468750004 0.659815684375 0.5917191171875 0.7951093874999999 0.55770263125 0.7711733328125 0.41448790312500006
0 0.808067109375 0.693784759375 0.7887473171875 0.5611584796875 0.6549318453125 0.5927572078125001 0.6767341796874999 0.72695935625 0.808067109375 0.693784759375
0 0.831361359375 0.833980534375 0.8077288609375 0.7033227734375 0.6722421109375001 0.7326472328125 0.69479805625 0.870370528125 0.831361359375 0.833980534375
0 0.907234159375 0.385041371875 0.7745004890625 0.41830336093750004 0.7755725250000001 0.4218619390625 0.797229 0.5586194265625 0.92741234375 0.5233752093749999 0.907234159375 0.385041371875
0 0.9253007671875 0.5301347453125 0.7906047546875 0.5575031375 0.7941474109375 0.569371590625 0.8148568578125 0.6949710359375 0.9440298515625001 0.6649902078125 0.9253007671875 0.5301347453125
0 0.96079656875 0.793951965625 0.9439553593750001 0.67131675 0.8157555484375001 0.70109071875 0.832559209375 0.8249961046875001 0.96079656875 0.793951965625
0 0.105931971875 0.6683257140625 0.12022129687500001 0.718929771875 0.19949711406249998 0.70460349375 0.183690409375 0.6435937203125001 0.10476047031249999 0.6653238796875 0.105931971875 0.6683257140625
0 0.21233116093749999 0.7649829390625 0.198577909375 0.7136339 0.119022709375 0.7299127859375 0.135862359375 0.782499071875 0.21233116093749999 0.7649829390625
0 0.2097062921875 0.7693273171875 0.13145718906249998 0.7884840546875 0.13415125156250002 0.7910667078125 0.1485308078125 0.845438090625 0.225421896875 0.826570009375 0.2097062921875 0.7693273171875
0 0.2643241984375 0.6289787390625 0.18691973125 0.645431565625 0.1890970578125 0.6487552062499999 0.203496478125 0.710064109375 0.2790295765625 0.69148479375 0.2643241984375 0.6289787390625
0 0.278863984375 0.6940442515624999 0.201972884375 0.7129122765625 0.2043617625 0.71555985625 0.21820185468750003 0.7725701640625 0.2925426296875 0.7517199109375 0.278863984375 0.6940442515624999
0 0.2950929671875 0.7537021953124999 0.2180362015625 0.775129634375 0.21885642500000002 0.7787417390625 0.23331306875000002 0.8236306171875001 0.30646148281249996 0.8005095484375 0.2950929671875 0.7537021953124999
0 0.33671875 0.76484375 0.1 0.1671875
0 0.17109375 0.47265625 0.115625 0.0390625
0 0.175 0.490625 0.115625 0.0390625
0 0.17890625 0.50859375 0.115625 0.0390625
0 0.1828125 0.52578125 0.115625 0.0421875
0 0.1890625 0.54375 0.1171875 0.0390625
0 0.19296875 0.56015625 0.1140625 0.0375
0 0.19765625 0.57734375 0.115625 0.0390625
0 0.20234375 0.59453125 0.1140625 0.0359375
0 0.2078125 0.61015625 0.1140625 0.0359375
0 0.2109375 0.62578125 0.1140625 0.0359375
0 0.2921875 0.49609375 0.1203125 0.20625