0 0.57109375 0.2109375 0.1375 0.1328125
0 0.49921875 0.4203125 0.146875 0.1421875
0 0.4125 0.64296875 0.15625 0.1578125
0 0.5375 0.31484375 0.146875 0.1390625
0 0.4546875 0.5296875 0.1515625 0.146875
0 0.37734375 0.30390625 0.234375 0.2296875
0 0.7046875 0.85703125 0.1921875 0.2171875
0 0.3609375 0.7625 0.159375 0.159375
0 0.88046875 0.728125 0.178125 0.2015625
0 0.7578125 0.67890625 0.1875 0.2109375
0 0.92265625 0.55859375 0.1546875 0.1921875
0 0.303125 0.47421875 0.2421875 0.2359375
0 0.8203125 0.90234375 0.165625 0.1953125
0 0.2140625 0.66640625 0.2609375 0.259375
0 0.46875 0.18515625 0.1171875 0.1203125