0 0.06640625 0.540625 0.1328125 0.0921875
0 0.40625 0.73046875 0.0921875 0.0625
0 0.06796875 0.4515625 0.1359375 0.090625
0 0.80859375 0.753125 0.0921875 0.0625
0 0.071875 0.6375 0.128125 0.096875
0 0.8015625 0.69921875 0.090625 0.0609375
0 0.5046875 0.78359375 0.0921875 0.0625
0 0.2421875 0.83515625 0.078125 0.059375
0 0.06875 0.36484375 0.1375 0.0890625
0 0.7078125 0.66328125 0.0859375 0.05625
0 0.41484375 0.846875 0.0921875 0.059375
0 0.896875 0.74140625 0.090625 0.0640625
0 0.70390625 0.6109375 0.0875 0.059375
0 0.86484375 0.534375 0.0875 0.05625
0 0.81484375 0.8109375 0.09375 0.059375
0 0.40546875 0.6765625 0.0890625 0.0609375
0 0.321875 0.76796875 0.0890625 0.059375
0 0.24609375 0.8890625 0.075 0.053125
0 0.24765625 0.9421875 0.0828125 0.0578125
0 0.7296875 0.821875 0.0828125 0.059375
0 0.496875 0.671875 0.0921875 0.059375
0 0.88984375 0.6890625 0.0859375 0.0578125
0 0.909375 0.8015625 0.0875 0.0609375
0 0.5015625 0.725 0.09375 0.059375
0 0.87265625 0.5859375 0.0859375 0.05625
0 0.8796875 0.63671875 0.08125 0.053125
0 0.7140625 0.715625 0.0875 0.059375
0 0.40703125 0.62109375 0.0890625 0.0609375
0 0.93984375 0.4875 0.0828125 0.05625
0 0.41328125 0.7859375 0.09375 0.0625
0 0.2390625 0.78046875 0.0796875 0.0546875
0 0.50703125 0.84453125 0.09375 0.0609375
0 0.76328125 0.44765625 0.084375 0.0546875
0 0.48203125 0.4546875 0.08125 0.0546875
0 0.72109375 0.76328125 0.0890625 0.0578125
0 0.4875 0.50390625 0.0875 0.0546875
0 0.6890625 0.50859375 0.0875 0.0578125
0 0.76875 0.49609375 0.08125 0.05625
0 0.6953125 0.5609375 0.0859375 0.0546875
0 0.49453125 0.61484375 0.0890625 0.0609375
0 0.79453125 0.64453125 0.0890625 0.0546875
0 0.403125 0.5109375 0.0875 0.0546875
0 0.68203125 0.46015625 0.0828125 0.05625
0 0.7859375 0.59453125 0.0875 0.05625
0 0.4078125 0.56328125 0.090625 0.059375
0 0.95234375 0.5375 0.084375 0.0546875
0 0.97421875 0.7984375 0.0515625 0.053125
0 0.95546875 0.58828125 0.084375 0.0578125
0 0.75546875 0.39921875 0.0875 0.0578125
0 0.77578125 0.54765625 0.0828125 0.0515625
0 0.84296875 0.440625 0.075 0.0515625
0 0.971875 0.74453125 0.05625 0.0578125
0 0.07265625 0.278125 0.1390625 0.0828125
0 0.72578125 0.31328125 0.0828125 0.0546875
0 0.49453125 0.5609375 0.0875 0.05625
0 0.58984375 0.7328125 0.0796875 0.0578125
0 0.58359375 0.67578125 0.078125 0.0609375
0 0.59453125 0.78515625 0.0859375 0.0625
0 0.91640625 0.38828125 0.0890625 0.046875
0 0.93046875 0.43515625 0.0890625 0.05625
0 0.5953125 0.84140625 0.0875 0.0578125
0 0.5734375 0.46171875 0.0828125 0.0546875
0 0.85234375 0.48046875 0.0828125 0.05
0 0.96015625 0.63828125 0.0796875 0.0578125
0 0.834375 0.3953125 0.0734375 0.046875
0 0.57578125 0.51328125 0.0828125 0.0546875
0 0.240625 0.7265625 0.084375 0.05625
0 0.9671875 0.6890625 0.065625 0.059375
0 0.57890625 0.56796875 0.08125 0.05625
0 0.67265625 0.41640625 0.0796875 0.0484375
0 0.896875 0.296875 0.078125 0.0546875
0 0.903125 0.34453125 0.0828125 0.0484375
0 0.82421875 0.35390625 0.078125 0.046875
0 0.58125 0.62109375 0.0828125 0.0578125
0 0.296875 0.88984375 0.034375 0.1484375
0 0.33828125 0.8765625 0.040625 0.159375
0 0.7421875 0.35390625 0.084375 0.053125
0 0.64140625 0.60625 0.0421875 0.15625
0 0.07578125 0.73203125 0.121875 0.1
0 0.6578125 0.77265625 0.04375 0.1765625
0 0.0859375 0.83125 0.115625 0.1046875
0 0.0046875 0.271875 0.009375 0.078125