0 0.5359375 0.49140625 0.209375 0.1796875
0 0.49453125 0.62265625 0.1 0.06015625
0 0.59453125 0.62421875 0.090625 0.0640625
0 0.39609375 0.69453125 0.09609375 0.05546875
0 0.49609375 0.69609375 0.09453125 0.05859375
0 0.5953125 0.690625 0.09296875 0.0546875
0 0.38984375 0.7578125 0.09375 0.05234375
0 0.49296875 0.7625 0.0984375 0.05625
0 0.59453125 0.75390625 0.08984375 0.05703125
0 0.39140625 0.81953125 0.090625 0.053125
0 0.39140625 0.87734375 0.09453125 0.0515625
0 0.49140625 0.87890625 0.096875 0.06640625
0 0.58515625 0.8125 0.078125 0.0578125
0 0.5828125 0.87265625 0.084375 0.04140625
0 0.31484375 0.4546875 0.0765625 0.18671875
0 0.30859375 0.73203125 0.08125 0.15546875
0 0.8362895625 0.157847828125 0.6777235140625 0.1450617171875 0.6752462687499999 0.3108750171875 0.8258772796875 0.309640946875 0.8362895625 0.157847828125
0 0.6777235140625 0.32098764218750003 0.6724697015625 0.47377501562499996 0.8126884296875 0.47254085 0.8196299515625001 0.32198185156250003 0.6777235140625 0.32098764218750003
0 0.6620985140625 0.4722222109375 0.659974940625 0.6095249671875 0.79602881875 0.6218658718750001 0.80921766875 0.4861159203125 0.6620985140625 0.4722222109375
0 0.7911697734375001 0.6280363234374999 0.6516818468750001 0.6388888765625 0.64400941875 0.7600839671874999 0.7835340578125 0.7526794421874999 0.7911697734375001 0.6280363234374999
0 0.6447374031249999 0.774691346875 0.6342913296875 0.8983020625 0.7731217734375 0.8884293937500001 0.7842282515625 0.7637862765625 0.6447374031249999 0.774691346875
0 0.8100040906249999 0.480576971875 0.8016093671875 0.610789190625 0.9330300375 0.60642198125 0.9434700749999999 0.4743144375 0.8100040906249999 0.480576971875
0 0.802324415625 0.619835075 0.792397634375 0.749447590625 0.9170629984374999 0.749447590625 0.9275030359375 0.6206153890625 0.802324415625 0.619835075
0 0.7917834828125 0.7603655703125 0.785028175 0.8760961453125 0.9103076906249999 0.8859223437500001 0.9176771499999999 0.7581819249999999 0.7917834828125 0.7603655703125
0 0.180738603125 0.5824024578125 0.09733026875 0.5870684625 0.0953764984375 0.6522775484375 0.180738603125 0.6522775484375 0.180738603125 0.5824024578125
0 0.2234375 0.6109375 0.08203125 0.0671875
0 0.14296875 0.68203125 0.084375 0.05546875
0 0.22421875 0.6828125 0.084375 0.04921875
0 0.14296875 0.73671875 0.08046875 0.05078125
0 0.22734375 0.740625 0.078125 0.04765625