0 0.7999641515625 0.47509765625 0.801337778125 0.478515625 0.8104037125 0.48095703125 0.889249865625 0.48095703125 0.9337553609375 0.4775390625 0.9266125031250001 0.31591796875 0.9104037125 0.31201171875 0.80435975625 0.30029296875 0.7983158 0.30029296875 0.795019096875 0.310546875 0.7941949203124999 0.3310546875 0.795293821875 0.375 0.798041075 0.4443359375 0.7999641515625 0.47509765625
0 0.8057322359375 0.65478515625 0.804908059375 0.576171875 0.8007871812499999 0.484375 0.7933695984375 0.4814453125 0.6749630046874999 0.47705078125 0.6716663015625 0.47802734375 0.67001795 0.482421875 0.670292675 0.6552734375 0.7906223453125001 0.65869140625 0.8035344328124999 0.6572265625 0.8057322359375 0.65478515625
0 0.3539745390625 0.150390625 0.346878271875 0.2490234375 0.46274681875 0.2548828125 0.4665923046875 0.154296875 0.3539745390625 0.150390625
0 0.35727066875 0.2529296875 0.3490754046875 0.3623046875 0.469339078125 0.3671875 0.47593133749999994 0.2578125 0.35727066875 0.2529296875
0 0.3539745390625 0.3662109375 0.3457778421875 0.48046875 0.47043778906249994 0.4853515625 0.4753819828125 0.3701171875 0.3539745390625 0.3662109375
0 0.340282571875 0.59765625 0.467141659375 0.6025390625 0.4742832734375 0.4833984375 0.34903034375 0.478515625 0.340282571875 0.59765625
0 0.3468329234375 0.6005859375 0.3375343625 0.7255859375 0.4676910140625 0.7265625 0.4731845640625 0.6044921875 0.3468329234375 0.6005859375
0 0.812623884375 0.66259765625 0.8420194875 0.6640625 0.9170194875 0.66064453125 0.943942565625 0.658203125 0.94806344375 0.65478515625 0.94833816875 0.63916015625 0.937623884375 0.48193359375 0.9365249828125 0.4794921875 0.9142722359375 0.47705078125 0.8150964109375 0.478515625 0.8093271812499999 0.48046875 0.8052063015625001 0.48974609375 0.8052063015625001 0.55615234375 0.8079535546875001 0.6337890625 0.8093271812499999 0.654296875 0.812623884375 0.66259765625
0 0.8631724734375 0.85693359375 0.9672933531250001 0.85302734375 0.9645461 0.80078125 0.9541065390625001 0.66357421875 0.9521834625000001 0.658203125 0.9444911546875 0.6552734375 0.892018628125 0.65673828125 0.8208647812500001 0.66455078125 0.8189417046875 0.66650390625 0.8249856609374999 0.8388671875 0.8258098359374999 0.85009765625 0.8277329140624999 0.85498046875 0.8631724734375 0.85693359375
0 0.8112499703125 0.85205078125 0.8233378828125 0.84814453125 0.8164697515625001 0.68603515625 0.815096125 0.662109375 0.8134477734375001 0.65869140625 0.7074038171875 0.65771484375 0.6799312890625 0.65869140625 0.674986234375 0.6611328125 0.674986234375 0.82568359375 0.681854365625 0.8505859375 0.688173046875 0.8525390625 0.8112499703125 0.85205078125
0 0.34525056875 0.447265625 0.3523232234375 0.2646484375 0.167190603125 0.267578125 0.151808665625 0.4453125 0.34525056875 0.447265625
0 0.152907375 0.44921875 0.1353280171875 0.6435546875 0.335842575 0.6513671875 0.3468296734375 0.455078125 0.152907375 0.44921875
0 0.13587737187499999 0.6513671875 0.1177770859375 0.8642578125 0.32815160625 0.86328125 0.3402374140625 0.65625 0.13587737187499999 0.6513671875
0 0.26393322656249996 0.1640625 0.25618610625 0.267578125 0.3446322546875 0.26953125 0.342434834375 0.154296875 0.26393322656249996 0.1640625
0 0.4260989015625 0.8603515625 0.46510989062499997 0.85888671875 0.4700549453125 0.85498046875 0.47197802187500004 0.7587890625 0.46840659375 0.7333984375 0.465659340625 0.7294921875 0.3489010984375 0.73095703125 0.346153846875 0.73486328125 0.3423076921875 0.77392578125 0.3387362640625 0.837890625 0.340109890625 0.8525390625 0.3417582421875 0.85693359375 0.4260989015625 0.8603515625