0 0.27109375 0.11171875 0.1 0.1015625
0 0.24296875 0.19921875 0.109375 0.109375
0 0.21484375 0.2921875 0.1109375 0.1140625
0 0.18046875 0.39296875 0.115625 0.1171875
0 0.15078125 0.49453125 0.1171875 0.125
0 0.11875 0.6046875 0.1171875 0.1265625
0 0.0890625 0.71484375 0.11875 0.128125
0 0.1859375 0.74453125 0.125 0.128125
0 0.2140625 0.62890625 0.11875 0.125
0 0.24609375 0.5203125 0.1203125 0.1234375
0 0.2765625 0.4171875 0.1171875 0.1234375
0 0.303125 0.3171875 0.1109375 0.1125
0 0.33359375 0.22109375 0.109375 0.1109375
0 0.3578125 0.13515625 0.10625 0.109375
0 0.44375 0.15234375 0.103125 0.1109375
0 0.4234375 0.2484375 0.1046875 0.1109375
0 0.3953125 0.34140625 0.1078125 0.1140625
0 0.36953125 0.43984375 0.1109375 0.121875
0 0.34375 0.54453125 0.11875 0.125
0 0.3140625 0.65390625 0.1203125 0.1359375
0 0.2859375 0.76796875 0.1234375 0.1375