0 0.534375 0.48359375 0.2046875 0.6078125
0 0.309375 0.5109375 0.29375 0.478125
0 0.7921875 0.2375 0.146875 0.0984375
0 0.95 0.3734375 0.09375 0.1234375
0 0.94921875 0.49453125 0.1015625 0.1109375
0 0.95078125 0.6109375 0.0984375 0.1125
0 0.95234375 0.7203125 0.0953125 0.10625
0 0.95390625 0.82890625 0.0921875 0.1046875
0 0.96015625 0.2484375 0.046875 0.1046875
0 0.91171875 0.25078125 0.0453125 0.1046875
0 0.7624446578125 0.8691780609374999 0.9010501203124999 0.8572780734375 0.8978176421875 0.2881487578125 0.750697878125 0.296786175 0.7624446578125 0.8691780609374999