0 0.4109375 0.19765625 0.1640625 0.1796875
0 0.453125 0.334375 0.1546875 0.1640625
0 0.49765625 0.4703125 0.153125 0.1625
0 0.53828125 0.59765625 0.14375 0.146875
0 0.571875 0.7140625 0.1421875 0.140625
0 0.60859375 0.8359375 0.14375 0.146875
0 0.571875 0.296875 0.1578125 0.165625
0 0.6125 0.43046875 0.146875 0.1546875
0 0.64765625 0.55390625 0.14375 0.1484375
0 0.6796875 0.67265625 0.1328125 0.1328125
0 0.7125 0.790625 0.134375 0.1390625
0 0.8122760578125 0.637549096875 0.7649581765625 0.45191409687500006 0.691141140625 0.4719002546875 0.7388944515625 0.6586930875 0.8122760578125 0.637549096875
0 0.2734375 0.27265625 0.1953125 0.153125
0 0.315625 0.38359375 0.1921875 0.15
0 0.3484375 0.4890625 0.1875 0.14375
0 0.38203125 0.590625 0.184375 0.1421875
0 0.415625 0.6890625 0.18125 0.1390625
0 0.4453125 0.78125 0.171875 0.1296875
0 0.47734375 0.87265625 0.171875 0.1234375
0 0.2482251359375 0.45239596875 0.209520203125 0.3519142140625 0.04788195 0.4129507859375 0.0864263109375 0.5096086984375 0.2482251359375 0.45239596875
0 0.2805947640625 0.5535236640625001 0.2451383453125 0.46366753593750004 0.08868373125 0.53215613125 0.12319783749999999 0.61326353125 0.2805947640625 0.5535236640625001
0 0.28462329999999997 0.569074703125 0.1291017296875 0.6230773265625 0.13141229062499998 0.6255983406250001 0.1645000203125 0.7103692500000001 0.31537481875 0.6577873484375 0.28462329999999997 0.569074703125
0 0.349922621875 0.7517942 0.31627095625 0.667841153125 0.1652622015625 0.725627959375 0.1963343984375 0.802623765625 0.349922621875 0.7517942
0 0.35076065 0.7592838546875 0.2045907265625 0.813009365625 0.20762274687499999 0.8249920812499999 0.23293172499999998 0.8985859296875001 0.3831427390625 0.8462069671875 0.35076065 0.7592838546875
0 0.4108779765625 0.934550765625 0.382292175 0.8529218578125001 0.238592096875 0.9084741796875001 0.2679110203125 0.9821330828124999 0.4108779765625 0.934550765625
0 0.8420458859375 0.148203925 0.8135680046875 0.012320971875 0.6936438468749999 0.048985465625 0.729556675 0.1838862859375 0.8420458859375 0.148203925
0 0.8766142828125 0.2873886546875 0.8468668578124999 0.154475871875 0.7313492828125 0.1865656546875 0.7647889328125 0.3228681109375 0.8766142828125 0.2873886546875
0 0.875099890625 0.29430655625 0.769249003125 0.3279593796875 0.7703318625 0.3315012484375 0.7963535875 0.44747944687499996 0.90533699375 0.41932382500000004 0.875099890625 0.29430655625
0 0.9299023765625 0.5447840937499999 0.9015282921875001 0.428234125 0.7951743609374999 0.4594587703125 0.8212219296875001 0.5715561328125001 0.9299023765625 0.5447840937499999
0 0.957973765625 0.6627176218749999 0.9299605046874999 0.547348296875 0.8250184812500001 0.582014209375 0.8514008453124999 0.6940092156250001 0.957973765625 0.6627176218749999
0 0.9842402609375 0.774748053125 0.9582059968750001 0.6729744015625 0.8487122843750001 0.6987041234375 0.8744063843750001 0.80961865625 0.9842402609375 0.774748053125