0 0.807658084375 0.8466796875 0.8980427000000001 0.8447265625 0.9018888531249999 0.8427734375 0.89859215 0.76318359375 0.8969437984375 0.75341796875 0.764251490625 0.75341796875 0.7598558875 0.7568359375 0.7606800625 0.8349609375 0.7612295125 0.84326171875 0.7626031390625 0.845703125 0.807658084375 0.8466796875
0 0.8922739468750001 0.751953125 0.8963948265624999 0.7470703125 0.89557065 0.69189453125 0.8933728484374999 0.66357421875 0.8903508703125 0.65869140625 0.761229990625 0.6552734375 0.7551860359375 0.6572265625 0.7573838375 0.748046875 0.7595816390625 0.75244140625 0.8876036171875 0.7529296875 0.8922739468750001 0.751953125
0 0.8667252609375 0.65576171875 0.884307678125 0.65478515625 0.8876043828125001 0.650390625 0.88732965625 0.60546875 0.8851318546875 0.572265625 0.883208778125 0.56640625 0.7686483375 0.56591796875 0.7595824046875 0.56640625 0.7510659203125 0.56982421875 0.751890096875 0.650390625 0.7535384484375001 0.65478515625 0.7947472390625 0.6572265625 0.8667252609375 0.65576171875
0 0.88238479375 0.56201171875 0.88293424375 0.55419921875 0.879637540625 0.4853515625 0.8777144640625 0.478515625 0.7568353421875 0.47607421875 0.7502419359375 0.4765625 0.7488683093749999 0.47900390625 0.7491430343750001 0.560546875 0.7507913859374999 0.5634765625 0.8749672109375 0.56494140625 0.88238479375 0.56201171875
0 0.8722207234375 0.39697265625 0.870847096875 0.3935546875 0.7804624812500001 0.39111328125 0.7441987453125 0.39306640625 0.7444734703125 0.47509765625 0.745572371875 0.47705078125 0.8752427015625001 0.478515625 0.8722207234375 0.39697265625
0 0.8661774359375001 0.32177734375 0.8642543593750001 0.31298828125 0.7389796343749999 0.31201171875 0.7414521609375 0.3896484375 0.8013422718750001 0.3916015625 0.8681005125000001 0.39013671875 0.8661774359375001 0.32177734375
0 0.8573868015624999 0.24609375 0.8554637234375001 0.236328125 0.778540646875 0.23388671875 0.7326615265624999 0.236328125 0.7337604265625 0.3037109375 0.7365076796875 0.31103515625 0.859859328125 0.31298828125 0.8573868015624999 0.24609375
0 0.855463628125 0.2333984375 0.8535405515625 0.166015625 0.852166925 0.15771484375 0.730738353125 0.15478515625 0.729639453125 0.15673828125 0.729639453125 0.166015625 0.7312878046875 0.2314453125 0.855463628125 0.2333984375
0 0.74941460625 0.8544921875 0.7521618578125 0.85205078125 0.7518871328125 0.77001953125 0.75051350625 0.76318359375 0.6134255937499999 0.763671875 0.6104036171875 0.7666015625 0.6082058140625 0.8466796875 0.609304715625 0.8525390625 0.7241398796875 0.85693359375 0.74941460625 0.8544921875
0 0.3126621578125 0.3358956453125 0.3118379828125 0.3012276765625 0.31018963125 0.2987862703125 0.2426072125 0.3065987703125 0.2371127078125 0.3090401765625 0.23683798281250001 0.3446847078125 0.2568929265625 0.3446847078125 0.31073908125 0.3378487703125 0.3126621578125 0.3358956453125
0 0.301463909375 0.4287109375 0.3025628109375 0.42431640625 0.3033869859375 0.3896484375 0.2998155578125 0.388671875 0.22976061250000002 0.40087890625 0.2278375359375 0.40869140625 0.226463909375 0.43701171875 0.22728808437499998 0.44287109375 0.29871665625 0.43017578125 0.301463909375 0.4287109375
0 0.33293070625 0.53271484375 0.3645241125 0.529296875 0.398040596875 0.517578125 0.3969416953125 0.474609375 0.39501861875 0.4677734375 0.3378757609375 0.47802734375 0.3115021359375 0.48486328125 0.3084801578125 0.48779296875 0.30738125625 0.51904296875 0.310128509375 0.52880859375 0.3126010359375 0.53076171875 0.33293070625 0.53271484375
0 0.3252380171875 0.6357421875 0.39776548906250003 0.62646484375 0.3958424125 0.583984375 0.39474351093750004 0.5791015625 0.392820434375 0.5771484375 0.32551274218750004 0.5830078125 0.3131501046875 0.587890625 0.3093039515625 0.595703125 0.30820505 0.62890625 0.309029225 0.63232421875 0.3136995546875 0.63525390625 0.3252380171875 0.6357421875
0 0.40078718125 0.74072265625 0.4032597078125 0.73876953125 0.404083884375 0.7353515625 0.40683113593750003 0.68408203125 0.404908059375 0.6826171875 0.3329300375 0.68798828125 0.3180948734375 0.69140625 0.3150728953125 0.69677734375 0.3123256421875 0.732421875 0.3117761921875 0.7431640625 0.31424871875 0.74560546875 0.3821058625 0.74365234375 0.40078718125 0.74072265625
0 0.39391809218749996 0.8037109375 0.39803897187500004 0.79736328125 0.3994125984375 0.7509765625 0.398588421875 0.74658203125 0.3963906203125 0.744140625 0.367544465625 0.74267578125 0.30765435625 0.7470703125 0.30765435625 0.7939453125 0.30875325781249996 0.7958984375 0.367544465625 0.8046875 0.39391809218749996 0.8037109375
0 0.400235721875 0.861328125 0.40078517343750003 0.85546875 0.400510446875 0.8037109375 0.39858737031249997 0.80029296875 0.3417192390625 0.79833984375 0.3290818765625 0.7998046875 0.30847748125 0.80810546875 0.3051807765625 0.83447265625 0.30463132656249997 0.84716796875 0.30737857968750004 0.853515625 0.3983126453125 0.86328125 0.400235721875 0.861328125
0 0.3859563171875 0.41796875 0.38732994375 0.41455078125 0.38705521875 0.412109375 0.3829343390625 0.40966796875 0.34914313125 0.39794921875 0.315901371875 0.390625 0.3139782953125 0.39111328125 0.31260466875000004 0.396484375 0.31232994375 0.40478515625 0.3142530203125 0.4111328125 0.333758515625 0.42041015625 0.3859563171875 0.41796875
0 0.23128770781250002 0.6416015625 0.2807382578125 0.63720703125 0.301067928125 0.6337890625 0.30381518125 0.62890625 0.30381518125 0.58203125 0.3018921046875 0.580078125 0.2642547421875 0.58056640625 0.225243753125 0.5869140625 0.21425474218749999 0.5908203125 0.21535364218750003 0.6318359375 0.21672726875 0.63720703125 0.22002397187499997 0.640625 0.23128770781250002 0.6416015625
0 0.3046386875 0.6875 0.3084848421875 0.6845703125 0.3087595671875 0.64111328125 0.307935390625 0.63427734375 0.3060123140625 0.6328125 0.22304528124999998 0.6435546875 0.220298028125 0.64501953125 0.2181002265625 0.65185546875 0.2156276984375 0.693359375 0.21727605 0.697265625 0.2834848421875 0.69140625 0.3046386875 0.6875
0 0.30491303125 0.80029296875 0.30491303125 0.75244140625 0.29529764531249997 0.74609375 0.2760668765625 0.74462890625 0.21672621718750001 0.7509765625 0.2131547890625 0.75439453125 0.2112317125 0.7666015625 0.21013281093749997 0.80126953125 0.21178116249999998 0.80419921875 0.299418525 0.8046875 0.30491303125 0.80029296875
0 0.29914284375 0.8583984375 0.30243954687499996 0.85546875 0.3046373484375 0.80712890625 0.3007911953125 0.80322265625 0.23623075624999998 0.79931640625 0.2131538328125 0.80029296875 0.209032953125 0.80322265625 0.21068130468750002 0.8564453125 0.21205493125000002 0.85986328125 0.26150548125 0.8603515625 0.29914284375 0.8583984375
0 0.30046549218749996 0.46410086406250006 0.3087072515625 0.43431570781250006 0.2315094484375 0.44261648906250006 0.22656439375 0.44505789531250006 0.22656439375 0.47191336406250006 0.229311646875 0.47386648906250006 0.279311646875 0.47142508281250006 0.30046549218749996 0.46410086406250006
0 0.1567145328125 0.3755841921875 0.15479145625 0.3775373171875 0.15506618125 0.3882795046875 0.22319804843750002 0.3838849734375 0.22182442343750003 0.3702130984375 0.1567145328125 0.3755841921875
0 0.22390850156250003 0.3864641453125 0.2217106984375 0.3835344578125 0.21649091875 0.3830461765625 0.1489085015625 0.3879289890625 0.144787621875 0.3937883640625 0.14286454531249998 0.42552664531250006 0.1431392703125 0.43333914531250006 0.2206117984375 0.42845633281250006 0.2217106984375 0.42650320781250006 0.22390850156250003 0.3864641453125
0 0.2183723390625 0.5090227390625001 0.2233173953125 0.47826102031250006 0.22276794375 0.47484305156250006 0.21342728437499997 0.47142508281250006 0.14749321875000002 0.47044852031250006 0.14172398749999998 0.47484305156250006 0.1414492625 0.5143938328125001 0.1433723390625 0.5178118015625001 0.2164492625 0.5114641453125001 0.2183723390625 0.5090227390625001
0 0.3036204859375 0.5269304531250001 0.307191915625 0.5230242031250001 0.3085655421875 0.48786795312500003 0.307741365625 0.48298514062500003 0.3047193875 0.48005545312500003 0.2220270796875 0.47907889062500003 0.21845565156250002 0.48298514062500003 0.21570839843749998 0.5122820156250001 0.214609496875 0.5298601406250001 0.21708202499999998 0.5327898281250001 0.2533457609375 0.5332781093750001 0.3036204859375 0.5269304531250001
0 0.21187425625 0.55908203125 0.21297315781249998 0.55712890625 0.21517095937500003 0.51220703125 0.21352260781250001 0.509765625 0.1978632671875 0.50927734375 0.1426434875 0.517578125 0.14072040937500002 0.52001953125 0.139896234375 0.52880859375 0.1385226078125 0.55419921875 0.1385226078125 0.5634765625 0.139896234375 0.56494140625 0.21187425625 0.55908203125
0 0.20761000937500002 0.6083984375 0.21228033906250002 0.6064453125 0.2133792390625 0.6025390625 0.21228033906250002 0.5634765625 0.2106319875 0.5615234375 0.19085176718750002 0.560546875 0.1414012171875 0.5654296875 0.1375550640625 0.5703125 0.13645616249999998 0.576171875 0.1348078109375 0.6064453125 0.1350825359375 0.61279296875 0.13645616249999998 0.6142578125 0.20761000937500002 0.6083984375
0 0.2107393203125 0.6552943640625 0.21238767187500002 0.6489467078125 0.2140360234375 0.6069545203125 0.190134925 0.6074428015625 0.142332728125 0.6133021765625 0.13958547500000001 0.6162318640625 0.137112946875 0.6401576453125 0.13601404687500002 0.6577357703125 0.1376623984375 0.6592006140625 0.1887612984375 0.6582240515625 0.2107393203125 0.6552943640625
0 0.212531040625 0.7133998328125 0.2141793921875 0.7050990515625 0.21500356874999998 0.6616420203125 0.211981590625 0.6596888953125 0.1570365359375 0.6587123328125 0.1320365359375 0.6611537390625 0.1268167546875 0.6660365515625 0.1237947765625 0.7036342078125 0.12434422812499998 0.7148646765625 0.125443128125 0.7182826453125 0.12819038124999999 0.7197474890625 0.212531040625 0.7133998328125
0 0.20575823125 0.8641409734375 0.20713185781250001 0.8612112859375 0.208230759375 0.8314261296875 0.20575823125 0.8255667546875 0.1310329578125 0.8236136296875 0.1285604296875 0.8275198796875 0.126637353125 0.8616995671875 0.1280109796875 0.8646292546875 0.20026372656250002 0.8656058171875 0.20575823125 0.8641409734375
0 1 0.564453125 0.8881868125000001 0.5634765625 0.8848901093749999 0.56591796875 0.8846153843750001 0.57470703125 0.890659340625 0.65380859375 1 0.654296875 1 0.564453125
0 1 0.65625 0.896703296875 0.65673828125 0.89313186875 0.6591796875 0.89395604375 0.7021484375 0.900274725 0.74658203125 1 0.74755859375 1 0.65625
0 1 0.7490234375 0.9370879125 0.74951171875 0.9021978015625001 0.7529296875 0.9008241765625 0.77490234375 0.9052197796874999 0.84423828125 0.965659340625 0.8466796875 1 0.845703125 1 0.7490234375
0 0.741208790625 0.76123046875 0.7483516484375 0.75927734375 0.747527471875 0.68798828125 0.746153846875 0.66796875 0.74450549375 0.66552734375 0.6120879125 0.6630859375 0.6079670328125 0.666015625 0.6074175828125 0.68408203125 0.6068681312499999 0.75146484375 0.6071428578125 0.7587890625 0.6085164828125 0.76025390625 0.741208790625 0.76123046875
0 0.7359890109375 0.6669921875 0.74450549375 0.6650390625 0.7425824171875 0.59130859375 0.7417582421875 0.5810546875 0.7398351640625 0.5771484375 0.671703296875 0.57373046875 0.6131868125 0.57373046875 0.6079670328125 0.57568359375 0.60631868125 0.5810546875 0.60659340625 0.65478515625 0.6071428578125 0.66357421875 0.6082417578125 0.6650390625 0.7359890109375 0.6669921875
0 0.740384615625 0.57275390625 0.7384615390625 0.50146484375 0.7362637359375 0.4892578125 0.6085164828125 0.48828125 0.6049450546874999 0.4912109375 0.6049450546874999 0.5498046875 0.60631868125 0.57470703125 0.7370879125 0.57568359375 0.740384615625 0.57275390625
0 0.7379120875 0.48583984375 0.7365384609375 0.44482421875 0.7318681312499999 0.40478515625 0.73049450625 0.40283203125 0.6049450546874999 0.400390625 0.60549450625 0.48583984375 0.7228021984375 0.48876953125 0.7354395609375 0.48828125 0.7379120875 0.48583984375
0 0.73104395625 0.40234375 0.728846153125 0.3349609375 0.7271978015625 0.32080078125 0.725274725 0.3173828125 0.60659340625 0.3154296875 0.6008241765625 0.318359375 0.60054945 0.359375 0.602747253125 0.3994140625 0.7167582421875001 0.404296875 0.73104395625 0.40234375
0 0.7263736265625 0.28271484375 0.725 0.2587890625 0.722527471875 0.2412109375 0.721153846875 0.23876953125 0.609890109375 0.23779296875 0.600274725 0.23974609375 0.59945055 0.25048828125 0.6008241765625 0.31689453125 0.7263736265625 0.3193359375 0.7263736265625 0.28271484375
0 0.7145604390625 0.24072265625 0.7208791203125 0.23974609375 0.722527471875 0.2373046875 0.722527471875 0.21630859375 0.7195054937500001 0.16650390625 0.7170329671875 0.1611328125 0.6010989015625 0.15966796875 0.5978021984375 0.16162109375 0.597527471875 0.22119140625 0.5978021984375 0.23681640625 0.5989010984375 0.23828125 0.7145604390625 0.24072265625
0 0.7173076921875 0.16162109375 0.7184065937499999 0.15966796875 0.7173076921875 0.10498046875 0.715659340625 0.09228515625 0.7137362640625 0.09033203125 0.597252746875 0.08642578125 0.5947802203125 0.0986328125 0.5945054937500001 0.1552734375 0.596153846875 0.158203125 0.6865384609375 0.162109375 0.7173076921875 0.16162109375
0 0.7140109890625 0.0908203125 0.7137362640625 0.0478515625 0.7126373625 0.02294921875 0.7112637359375 0.02001953125 0.6129120875 0.01513671875 0.597252746875 0.01513671875 0.5958791203125 0.01806640625 0.5956043953125 0.06787109375 0.596703296875 0.087890625 0.70686813125 0.0927734375 0.7140109890625 0.0908203125
0 0.6046703296875 0.5185546875 0.603846153125 0.4873046875 0.602747253125 0.48583984375 0.4763736265625 0.48193359375 0.47307692343749996 0.4833984375 0.47115384687499995 0.49072265625 0.4706043953125 0.5712890625 0.47197802187500004 0.5732421875 0.6046703296875 0.5732421875 0.6046703296875 0.5185546875
0 0.6052197796875001 0.66357421875 0.60549450625 0.57568359375 0.6041208796875 0.57373046875 0.5552197796875 0.57177734375 0.47390109843749995 0.57275390625 0.4708791203125 0.57373046875 0.46895604375 0.5771484375 0.46813186875 0.603515625 0.46895604375 0.6611328125 0.4706043953125 0.6630859375 0.5791208796875 0.66552734375 0.6052197796875001 0.66357421875
0 0.60631868125 0.75537109375 0.60549450625 0.66748046875 0.6030219781249999 0.66455078125 0.5870879125 0.66259765625 0.47197802187500004 0.66357421875 0.46868131875 0.66455078125 0.4667582421875 0.66796875 0.46593406562500006 0.6865234375 0.465384615625 0.751953125 0.46785714218749996 0.75732421875 0.5892857140625 0.75732421875 0.60631868125 0.75537109375
0 0.60549450625 0.8564453125 0.6074175828125 0.85498046875 0.60659340625 0.76416015625 0.6041208796875 0.759765625 0.5934065937499999 0.7587890625 0.4697802203125 0.75830078125 0.4664835171875 0.76318359375 0.46483516406250003 0.82568359375 0.46456043906250005 0.8564453125 0.4675824171875 0.85888671875 0.578571428125 0.8603515625 0.60549450625 0.8564453125
0 0.3453296703125 0.466796875 0.3881868125 0.45556640625 0.3865384609375 0.423828125 0.38406593437500003 0.42138671875 0.33269230781250003 0.42578125 0.3142857140625 0.43310546875 0.3115384609375 0.43505859375 0.3107142859375 0.43896484375 0.3107142859375 0.4638671875 0.3120879125 0.46826171875 0.3145604390625 0.4697265625 0.3453296703125 0.466796875
0 0.3898351640625 0.57177734375 0.3898351640625 0.5224609375 0.3881868125 0.517578125 0.315659340625 0.53466796875 0.3021978015625 0.54150390625 0.3021978015625 0.5791015625 0.30384615312499996 0.5859375 0.3826923078125 0.576171875 0.3898351640625 0.57177734375
0 0.3483516484375 0.6884765625 0.40164835156249995 0.68408203125 0.3991758234375 0.63232421875 0.396703296875 0.62744140625 0.35521977968749996 0.6279296875 0.3379120875 0.630859375 0.31236263750000004 0.64111328125 0.309890109375 0.64990234375 0.3085164828125 0.671875 0.31263736249999996 0.681640625 0.31538461562500003 0.68408203125 0.3483516484375 0.6884765625
0 0.303021978125 0.75146484375 0.3104395609375 0.74658203125 0.3137362640625 0.72412109375 0.3115384609375 0.69580078125 0.3104395609375 0.69287109375 0.30659340625 0.69140625 0.271153846875 0.68994140625 0.22554945 0.69287109375 0.2206043953125 0.69677734375 0.2164835171875 0.70654296875 0.2164835171875 0.744140625 0.22005494531249997 0.748046875 0.228021978125 0.7509765625 0.303021978125 0.75146484375
0 0.3034352109375 0.573048409375 0.302414 0.5458180203125 0.302754403125 0.5373463453125 0.3019230765625 0.52685546875 0.23763736249999998 0.52978515625 0.21978022031250002 0.53369140625 0.21730769218749998 0.53515625 0.2164835171875 0.5380859375 0.21730769218749998 0.576171875 0.21923076875 0.5810546875 0.296428571875 0.5771484375 0.3034352109375 0.573048409375
0 0.30549450624999996 0.3876953125 0.30659340625 0.3828125 0.30549450624999996 0.35400390625 0.30357142812500004 0.35107421875 0.24203296718749998 0.35400390625 0.23516483593749998 0.35595703125 0.2321428578125 0.36083984375 0.23186813125 0.38525390625 0.23296703281250003 0.39501953125 0.302747253125 0.38916015625 0.30549450624999996 0.3876953125
0 0.21840659375000002 0.470703125 0.2208791203125 0.4697265625 0.2239010984375 0.46435546875 0.22554945 0.443359375 0.22280219843750002 0.43994140625 0.1640109890625 0.4423828125 0.1546703296875 0.4453125 0.153846153125 0.451171875 0.153571428125 0.466796875 0.1541208796875 0.47216796875 0.15549450625 0.4736328125 0.21840659375000002 0.470703125
0 0.21263736249999998 0.75634765625 0.21538461562500003 0.751953125 0.2142857140625 0.720703125 0.21263736249999998 0.7177734375 0.208791209375 0.71630859375 0.146978021875 0.71875 0.1423076921875 0.72216796875 0.140109890625 0.73095703125 0.1373626375 0.75537109375 0.1384615390625 0.76171875 0.20604395625 0.75927734375 0.21263736249999998 0.75634765625
0 0.209615384375 0.78857421875 0.21071428593750002 0.771484375 0.2085164828125 0.76806640625 0.1986263734375 0.763671875 0.14368131875 0.7607421875 0.1376373625 0.763671875 0.1351648359375 0.775390625 0.1351648359375 0.78564453125 0.178021978125 0.791015625 0.2079670328125 0.79150390625 0.209615384375 0.78857421875
0 0.20384615312499998 0.82421875 0.2085164828125 0.81884765625 0.209615384375 0.8134765625 0.209065934375 0.79541015625 0.20576923125 0.78857421875 0.1365384609375 0.7861328125 0.1335164828125 0.78662109375 0.13186813125000002 0.79443359375 0.13049450625 0.81103515625 0.13049450625 0.8212890625 0.13159340625 0.82275390625 0.20384615312499998 0.82421875