0 0.93671875 0.746875 0.0953125 0.1140625
0 0.91328125 0.63828125 0.0921875 0.10625
0 0.88984375 0.53515625 0.0890625 0.1046875
0 0.8640625 0.434375 0.0890625 0.1078125
0 0.8421875 0.3328125 0.0875 0.0953125
0 0.81953125 0.24140625 0.084375 0.0984375
0 0.79765625 0.15 0.084375 0.0953125
0 0.70078125 0.0625 0.0828125 0.0875
0 0.71640625 0.16015625 0.0890625 0.09375
0 0.73671875 0.25078125 0.0859375 0.09375
0 0.75546875 0.34609375 0.0890625 0.09375
0 0.7765625 0.44609375 0.0875 0.103125
0 0.8 0.5453125 0.0984375 0.103125
0 0.8234375 0.65 0.0984375 0.1125
0 0.84765625 0.76015625 0.1015625 0.1171875
0 0.75390625 0.77109375 0.109375 0.121875
0 0.728125 0.66328125 0.096875 0.1109375
0 0.70859375 0.55859375 0.0953125 0.1125
0 0.6875 0.4546875 0.0953125 0.1046875
0 0.66640625 0.3578125 0.090625 0.0953125
0 0.6484375 0.2609375 0.0859375 0.0984375
0 0.62734375 0.16796875 0.0859375 0.0953125