0 0.134375 0.57109375 0.2625 0.2390625
0 0.1921875 0.76953125 0.2609375 0.2453125
0 0.24453125 0.921875 0.2546875 0.15625
0 0.36875 0.71953125 0.1859375 0.2140625
0 0.425 0.90078125 0.175 0.1984375
0 0.40234375 0.30703125 0.1765625 0.2171875
0 0.45703125 0.48671875 0.16875 0.1984375
0 0.5125 0.6734375 0.1703125 0.1984375
0 0.428125 0.1515625 0.2046875 0.1203125
0 0.55859375 0.85 0.171875 0.1984375
0 0.53671875 0.26796875 0.1765625 0.20625
0 0.59140625 0.4515625 0.16875 0.1984375
0 0.6390625 0.6296875 0.171875 0.2
0 0.69296875 0.8125 0.1625 0.190625
0 0.67109375 0.234375 0.175 0.20625
0 0.72421875 0.4140625 0.171875 0.2046875
0 0.7765625 0.59296875 0.1703125 0.2046875
0 0.82734375 0.77265625 0.16875 0.1984375
0 0.80390625 0.19140625 0.1625 0.1921875
0 0.85546875 0.3796875 0.1671875 0.2015625
0 0.90546875 0.559375 0.165625 0.1921875
0 0.93828125 0.73046875 0.1234375 0.1890625