0 0.95625 0.6515625 0.0875 0.13125
0 0.82265625 0.61015625 0.1546875 0.1265625
0 0.759375 0.4390625 0.15 0.125
0 0.85546875 0.69921875 0.1671875 0.1359375
0 0.8859375 0.3984375 0.1546875 0.1234375
0 0.7890625 0.5234375 0.15 0.1203125
0 0.93828125 0.5625 0.1234375 0.13125
0 0.7515625 0.09609375 0.1421875 0.1109375
0 0.72109375 0.040625 0.1359375 0.08125
0 0.78359375 0.16796875 0.1453125 0.115625
0 0.59140625 0.75625 0.103125 0.0796875
0 0.853125 0.31640625 0.1453125 0.11875
0 0.921875 0.47890625 0.1515625 0.1203125
0 0.609375 0.81171875 0.103125 0.08125
0 0.67890625 0.7234375 0.1015625 0.08125
0 0.29765625 0.5921875 0.0953125 0.075
0 0.44375 0.61328125 0.0875 0.0703125
0 0.81875 0.23984375 0.1421875 0.1140625
0 0.69765625 0.7796875 0.10625 0.0859375
0 0.478125 0.70703125 0.09375 0.075
0 0.43671875 0.34296875 0.08125 0.06875
0 0.4609375 0.65859375 0.0890625 0.0703125
0 0.571875 0.7015625 0.10625 0.0859375
0 0.27734375 0.81015625 0.0953125 0.0765625
0 0.6640625 0.66640625 0.0984375 0.08125
0 0.3171875 0.6390625 0.0953125 0.075
0 0.265625 0.759375 0.090625 0.071875
0 0.37578125 0.8453125 0.096875 0.0796875
0 0.53046875 0.8515625 0.0828125 0.059375
0 0.31015625 0.91875 0.0984375 0.0796875
0 0.23125 0.65859375 0.0953125 0.075
0 0.553125 0.65234375 0.1 0.0796875
0 0.246875 0.70703125 0.0953125 0.0796875
0 0.2921875 0.8625 0.0984375 0.08125
0 0.20625 0.8953125 0.0984375 0.078125
0 0.5296875 0.6046875 0.1 0.0796875
0 0.23671875 0.4078125 0.0859375 0.06875
0 0.28203125 0.5421875 0.1 0.0796875
0 0.63828125 0.61875 0.1 0.0796875
0 0.44921875 0.38828125 0.0796875 0.059375
0 0.4625 0.4265625 0.084375 0.06875
0 0.42890625 0.5671875 0.0859375 0.06875
0 0.51015625 0.553125 0.0953125 0.078125
0 0.359375 0.79140625 0.096875 0.0796875
0 0.49375 0.50703125 0.09375 0.075
0 0.59296875 0.52578125 0.096875 0.0796875
0 0.50859375 0.78203125 0.078125 0.0546875
0 0.21875 0.60859375 0.0875 0.06875
0 0.33203125 0.68828125 0.096875 0.0796875
0 0.61484375 0.5734375 0.096875 0.0765625
0 0.25390625 0.453125 0.0890625 0.065625
0 0.2671875 0.49375 0.09375 0.0671875
0 0.19453125 0.52109375 0.078125 0.0625
0 0.2046875 0.5640625 0.08125 0.065625
0 0.39296875 0.9015625 0.0953125 0.078125
0 0.1296875 0.59453125 0.090625 0.0734375
0 0.225 0.9546875 0.0953125 0.0765625
0 0.496875 0.746875 0.0828125 0.0578125
0 0.19375 0.8390625 0.096875 0.0765625
0 0.47734375 0.46484375 0.084375 0.0625
0 0.0921875 0.46953125 0.0953125 0.071875
0 0.11640625 0.5453125 0.0953125 0.0765625
0 0.38984375 0.44921875 0.084375 0.0671875
0 0.51796875 0.8140625 0.0796875 0.05625
0 0.18203125 0.4828125 0.0765625 0.059375
0 0.40234375 0.4890625 0.078125 0.05625
0 0.0875 0.7234375 0.0859375 0.0671875
0 0.5734375 0.4734375 0.0984375 0.0796875
0 0.18203125 0.7859375 0.0984375 0.0765625
0 0.1 0.771875 0.0796875 0.06875
0 0.15859375 0.6921875 0.0796875 0.0625
0 0.14453125 0.9203125 0.0640625 0.0609375
0 0.05703125 0.63046875 0.0828125 0.0640625
0 0.14375 0.64375 0.0828125 0.06875
0 0.17109375 0.73671875 0.0890625 0.0734375
0 0.12734375 0.8703125 0.0671875 0.0640625
0 0.34296875 0.73984375 0.09375 0.075
0 0.07265625 0.6765625 0.0875 0.06875
0 0.53359375 0.39375 0.0828125 0.05625
0 0.11484375 0.82421875 0.0703125 0.0609375
0 0.415625 0.525 0.08125 0.059375
0 0.1625 0.97265625 0.065625 0.0546875
0 0.37890625 0.4203125 0.0671875 0.040625
0 0.55 0.43125 0.0890625 0.0671875
0 0.10078125 0.50625 0.090625 0.0625
0 0.046875 0.5890625 0.071875 0.05625