0 0.65703125 0.7734375 0.0984375 0.0859375
0 0.53828125 0.82890625 0.1 0.0875
0 0.48359375 0.73828125 0.1 0.0875
0 0.5125 0.88359375 0.0984375 0.0859375
0 0.3484375 0.80703125 0.1 0.0875
0 0.3765625 0.75234375 0.0984375 0.084375
0 0.4015625 0.70546875 0.0984375 0.0859375
0 0.5078125 0.69375 0.0984375 0.084375
0 0.58515625 0.72890625 0.0953125 0.08125
0 0.5609375 0.7796875 0.0984375 0.084375
0 0.23359375 0.55390625 0.10625 0.090625
0 0.4328125 0.84375 0.1046875 0.0875
0 0.615625 0.88359375 0.103125 0.0890625
0 0.1234375 0.55546875 0.1015625 0.0890625
0 0.628125 0.63671875 0.0984375 0.084375
0 0.6078125 0.68515625 0.096875 0.084375
0 0.44921875 0.6140625 0.0984375 0.084375
0 0.2609375 0.50703125 0.1046875 0.0890625
0 0.67890625 0.73125 0.096875 0.084375
0 0.425 0.659375 0.0953125 0.0828125
0 0.5890625 0.9328125 0.1015625 0.090625
0 0.153125 0.509375 0.1 0.0875
0 0.2890625 0.459375 0.10625 0.0921875
0 0.63828125 0.8265625 0.096875 0.0859375
0 0.49296875 0.525 0.1015625 0.0875
0 0.53046875 0.64609375 0.0984375 0.0859375
0 0.7 0.68671875 0.096875 0.084375
0 0.7203125 0.63671875 0.096875 0.084375
0 0.57265625 0.55625 0.09375 0.0828125
0 0.20546875 0.6015625 0.1078125 0.0921875
0 0.41640625 0.4171875 0.1 0.0890625
0 0.3453125 0.36328125 0.0984375 0.084375
0 0.3171875 0.40703125 0.1015625 0.0875
0 0.5515625 0.60234375 0.090625 0.078125
0 0.4734375 0.571875 0.0953125 0.078125
0 0.45703125 0.79296875 0.1046875 0.0890625
0 0.18125 0.4609375 0.1 0.0890625
0 0.6484375 0.5859375 0.0921875 0.078125
0 0.25 0.696875 0.0984375 0.0875
0 0.17578125 0.64921875 0.109375 0.0921875
0 0.66796875 0.5453125 0.0875 0.0765625
0 0.2421875 0.36796875 0.096875 0.0828125
0 0.51484375 0.4796875 0.096875 0.084375
0 0.59296875 0.509375 0.096875 0.084375
0 0.7390625 0.590625 0.1046875 0.0890625
0 0.21953125 0.74921875 0.103125 0.090625
0 0.78984375 0.45546875 0.0921875 0.08125
0 0.0625 0.65390625 0.1015625 0.0859375
0 0.76953125 0.5 0.0921875 0.0765625
0 0.7578125 0.54453125 0.0953125 0.078125
0 0.6828125 0.50390625 0.0828125 0.0703125
0 0.21484375 0.4140625 0.0953125 0.0828125
0 0.69765625 0.4640625 0.084375 0.071875
0 0.80859375 0.76484375 0.0921875 0.08125
0 0.3890625 0.46484375 0.1 0.0875
0 0.27890625 0.65 0.096875 0.0859375
0 0.14296875 0.70078125 0.1140625 0.096875
0 0.6125 0.4640625 0.0984375 0.084375
0 0.71953125 0.98359375 0.0796875 0.0328125
0 0.31796875 0.6078125 0.121875 0.0984375
0 0.75390625 0.93671875 0.0734375 0.059375
0 0.534375 0.43828125 0.0875 0.0765625
0 0.796875 0.8125 0.0953125 0.08125
0 0.7765625 0.859375 0.103125 0.0875
0 0.82734375 0.71953125 0.0890625 0.078125
0 0.64296875 0.3828125 0.0890625 0.0765625
0 0.096875 0.60546875 0.09375 0.0828125
0 0.82265625 0.91953125 0.05625 0.0640625
0 0.365625 0.51484375 0.1140625 0.0953125
0 0.03984375 0.54296875 0.0796875 0.0828125
0 0.76796875 0.903125 0.075 0.0609375
0 0.7375 0.965625 0.0703125 0.059375
0 0.86640625 0.82109375 0.0671875 0.06875
0 0.875 0.59921875 0.090625 0.0796875
0 0.965625 0.55859375 0.06875 0.0765625
0 0.628125 0.42109375 0.096875 0.08125
0 0.846875 0.871875 0.0578125 0.0640625
0 0.90859375 0.72109375 0.084375 0.075
0 0.7984375 0.96875 0.0515625 0.0578125
0 0.95234375 0.59765625 0.0796875 0.0671875
0 0.0171875 0.46796875 0.034375 0.0765625
0 0.34375 0.55859375 0.1171875 0.0984375
0 0.9390625 0.6375 0.0859375 0.075
0 0.771875 0.99375 0.053125 0.0125
0 0.846875 0.675 0.0875 0.0765625
0 0.3109375 0.71875 0.115625 0.1734375
0 0.8859375 0.765625 0.08125 0.071875
0 0.928125 0.68046875 0.0828125 0.071875
0 0.85703125 0.6421875 0.078125 0.065625
0 0.87890625 0.578125 0.0796875 0.065625