0 0.753125 0.715625 0.1828125 0.165625
0 0.61796875 0.7859375 0.1828125 0.1671875
0 0.56875 0.69140625 0.175 0.159375
0 0.70546875 0.625 0.1640625 0.14375
0 0.6609375 0.53515625 0.1640625 0.1453125
0 0.5265625 0.59921875 0.1734375 0.1546875
0 0.484375 0.51640625 0.165625 0.146875
0 0.61328125 0.45625 0.1625 0.1453125
0 0.571875 0.37890625 0.15 0.1296875
0 0.5296875 0.303125 0.153125 0.1375
0 0.48984375 0.23359375 0.146875 0.1296875
0 0.45078125 0.1625 0.14375 0.125
0 0.36875 0.284375 0.1578125 0.1390625
0 0.409375 0.35859375 0.1609375 0.1390625
0 0.4453125 0.43671875 0.1640625 0.1390625
0 0.37890625 0.678125 0.1703125 0.1453125
0 0.4234375 0.7671875 0.1734375 0.1546875
0 0.465625 0.86171875 0.178125 0.159375
0 0.334375 0.92734375 0.16875 0.1453125
0 0.29375 0.8375 0.175 0.159375
0 0.2515625 0.7484375 0.1578125 0.1375
0 0.21328125 0.6609375 0.1578125 0.1390625
0 0.1765625 0.5765625 0.1609375 0.1359375
0 0.140625 0.49609375 0.15625 0.1328125
0 0.10546875 0.41953125 0.15625 0.1328125
0 0.0734375 0.34609375 0.146875 0.1234375
0 0.9125 0.59609375 0.175 0.2140625
0 0.8375 0.55859375 0.1546875 0.1390625
0 0.9453125 0.4828125 0.109375 0.134375
0 0.91015625 0.4140625 0.134375 0.1140625
0 0.78671875 0.471875 0.1546875 0.134375
0 0.74296875 0.4015625 0.1453125 0.1234375
0 0.85859375 0.35390625 0.1390625 0.1171875
0 0.81328125 0.28203125 0.1484375 0.1328125
0 0.70078125 0.328125 0.1515625 0.1375
0 0.6546875 0.25625 0.140625 0.1203125
0 0.61953125 0.190625 0.1359375 0.115625
0 0.72734375 0.13671875 0.1359375 0.1140625
0 0.765625 0.20078125 0.1515625 0.1359375