0 0.5328125 0.19453125 0.084375 0.078125
0 0.53515625 0.2859375 0.08203125 0.08984375
0 0.5359375 0.3828125 0.08828125 0.084375
0 0.54140625 0.4828125 0.08515625 0.0859375
0 0.5453125 0.59296875 0.084375 0.096875
0 0.5484375 0.6984375 0.08828125 0.09375
0 0.55078125 0.8125 0.09296875 0.1109375
0 0.62109375 0.19453125 0.08671875 0.084375
0 0.6234375 0.28671875 0.08984375 0.08125
0 0.6296875 0.384375 0.08203125 0.090625
0 0.63515625 0.48203125 0.08671875 0.09296875
0 0.6375 0.590625 0.08828125 0.09296875
0 0.6421875 0.69765625 0.08671875 0.0953125
0 0.6484375 0.8140625 0.0875 0.10390625
0 0.70703125 0.1890625 0.07421875 0.08671875
0 0.7140625 0.2828125 0.078125 0.07265625
0 0.71875 0.38359375 0.0796875 0.0921875
0 0.725 0.4796875 0.0828125 0.09140625
0 0.73515625 0.5890625 0.0859375 0.09296875
0 0.7375 0.696875 0.08828125 0.10078125
0 0.74921875 0.8125 0.0875 0.09453125