0 0.49765625 0.68984375 0.1046875 0.0890625
0 0.7921875 0.59921875 0.1015625 0.0875
0 0.90234375 0.60703125 0.1 0.0859375
0 0.52109375 0.73984375 0.103125 0.0859375
0 0.4796875 0.6421875 0.1 0.0859375
0 0.93125 0.65859375 0.1 0.0859375
0 0.39609375 0.6765625 0.103125 0.0875
0 0.5453125 0.78984375 0.1046875 0.090625
0 0.96875 0.5765625 0.0625 0.084375
0 0.3234375 0.9390625 0.0921875 0.08125
0 0.4421875 0.78046875 0.1015625 0.0859375
0 0.6734375 0.55546875 0.1 0.0859375
0 0.7703125 0.55390625 0.0953125 0.08125
0 0.98203125 0.6265625 0.0359375 0.0875
0 0.37421875 0.84921875 0.0921875 0.0796875
0 0.74375 0.69375 0.1 0.08125
0 0.696875 0.59921875 0.0953125 0.0796875
0 0.82109375 0.65078125 0.1015625 0.084375
0 0.71953125 0.6453125 0.0984375 0.0828125
0 0.41953125 0.72734375 0.1 0.0859375
0 0.56953125 0.85 0.103125 0.0890625
0 0.35546875 0.5765625 0.0953125 0.0796875
0 0.7921875 0.42421875 0.0984375 0.0828125
0 0.87421875 0.56015625 0.0984375 0.084375
0 0.3734375 0.62265625 0.1 0.084375
0 0.4875 0.8875 0.1078125 0.090625
0 0.34609375 0.97421875 0.0890625 0.0515625
0 0.84765625 0.7 0.103125 0.0859375
0 0.9265625 0.48359375 0.096875 0.08125
0 0.7453125 0.509375 0.096875 0.0828125
0 0.7734375 0.746875 0.096875 0.0828125
0 0.3046875 0.8890625 0.0890625 0.075
0 0.81875 0.46953125 0.0984375 0.0828125
0 0.45390625 0.59296875 0.0984375 0.084375
0 0.4078125 0.49453125 0.0953125 0.0828125
0 0.8453125 0.51484375 0.0953125 0.0796875
0 0.71953125 0.4671875 0.0921875 0.0765625
0 0.69296875 0.421875 0.0953125 0.08125
0 0.9015625 0.4390625 0.096875 0.08125
0 0.465625 0.83046875 0.103125 0.0890625
0 0.76328125 0.38125 0.09375 0.0765625
0 0.6671875 0.3796875 0.096875 0.0828125
0 0.6078125 0.70859375 0.1046875 0.090625
0 0.59921875 0.425 0.090625 0.078125
0 0.4296875 0.54140625 0.090625 0.0765625
0 0.73671875 0.34375 0.0890625 0.075
0 0.58828125 0.26953125 0.09375 0.0796875
0 0.9515625 0.52890625 0.096875 0.0828125
0 0.64140625 0.34140625 0.1 0.084375
0 0.58125 0.66015625 0.0984375 0.084375
0 0.62265625 0.4671875 0.0953125 0.0828125
0 0.84765625 0.3515625 0.096875 0.0828125
0 0.64609375 0.51328125 0.096875 0.0828125
0 0.8765625 0.3953125 0.0953125 0.08125
0 0.6875 0.271875 0.084375 0.071875
0 0.5609375 0.6140625 0.096875 0.08125
0 0.2859375 0.840625 0.0953125 0.0828125
0 0.63125 0.7609375 0.1046875 0.0890625
0 0.490625 0.46796875 0.096875 0.0828125
0 0.51171875 0.5140625 0.096875 0.08125
0 0.78828125 0.26875 0.09375 0.075
0 0.5375 0.56640625 0.0984375 0.0859375
0 0.73828125 0.19140625 0.0921875 0.078125
0 0.81796875 0.31015625 0.0953125 0.08125
0 0.5765625 0.38671875 0.0875 0.0734375
0 0.71015625 0.30703125 0.08125 0.06875
0 0.615625 0.3046875 0.0953125 0.078125
0 0.0203125 0.4734375 0.040625 0.109375
0 0.7609375 0.23359375 0.090625 0.0734375
0 0.03515625 0.55390625 0.0703125 0.1078125
0 0.609375 0.5765625 0.090625 0.14375
0 0.653125 0.81015625 0.103125 0.08125
0 0.39921875 0.94609375 0.0890625 0.1078125
0 0.43203125 0.92890625 0.0984375 0.1421875
0 0.875 0.19296875 0.0578125 0.0453125
0 0.68125 0.721875 0.1 0.1609375
0 0.04921875 0.634375 0.0984375 0.103125
0 0.934375 0.2921875 0.0484375 0.0453125
0 0.9484375 0.31640625 0.0421875 0.04375
0 0.12265625 0.803125 0.0890625 0.103125
0 0.99375 0.43515625 0.0125 0.0921875
0 0.91796875 0.2578125 0.0484375 0.05
0 0.0828125 0.71484375 0.090625 0.1015625
0 0.89140625 0.21953125 0.0640625 0.059375
0 0.97890625 0.36953125 0.0390625 0.0484375
0 0.20546875 0.9640625 0.0828125 0.071875
0 0.16171875 0.89375 0.078125 0.0984375