0 0.38515625 0.17578125 0.21875 0.23125
0 0.434375 0.353125 0.20625 0.2015625
0 0.47265625 0.515625 0.2 0.2
0 0.509375 0.6671875 0.1890625 0.178125
0 0.54609375 0.8109375 0.1859375 0.1796875
0 0.70234375 0.76875 0.1796875 0.175
0 0.6671875 0.62265625 0.1953125 0.178125
0 0.63359375 0.47265625 0.1921875 0.1953125
0 0.26015625 0.503125 0.2765625 0.253125
0 0.49017278124999997 0.2273312078125 0.6086020046875 0.2020413359375 0.5755306109375 0.058369210937500006 0.4541938765625 0.0825663171875 0.49017278124999997 0.2273312078125
0 0.637374140625 0.3382770921875 0.6063642437500001 0.20557272499999998 0.492309665625 0.23249790625000002 0.5259726359375 0.36540475781250004 0.637374140625 0.3382770921875
0 0.30314556875 0.6103885515624999 0.3212563046875 0.6716589578125001 0.42092895625000004 0.6546371671875 0.40288242500000004 0.5914218703125 0.30314556875 0.6103885515624999
0 0.43801465781250004 0.71614128125 0.42069347500000004 0.6575944109375 0.32052025156249997 0.6747597375 0.33786532812500003 0.733359971875 0.43801465781250004 0.71614128125
0 0.3403977875 0.7384132421875 0.3605009328125 0.7971858515625 0.45422072968749994 0.7780180546875 0.438548990625 0.7179747578125 0.3403977875 0.7384132421875
0 0.3565161109375 0.80218144375 0.37306591875 0.8523405531250001 0.46468997187500005 0.829920740625 0.4508883640625 0.7780103546875 0.3565161109375 0.80218144375
0 0.37333100625000004 0.8551542609375 0.389900553125 0.9091606734375001 0.48125951718750004 0.883927153125 0.4657108515625 0.83348096875 0.37333100625000004 0.8551542609375
0 0.265973540625 0.8888282406249999 0.28480058750000004 0.943150565625 0.3874273109375 0.91564930625 0.3706883703125 0.86650766875 0.265973540625 0.8888282406249999
0 0.2498650859375 0.8269836906249999 0.2714798109375 0.8872493421875 0.373360615625 0.8609252125 0.3545703953125 0.80273936875 0.2498650859375 0.8269836906249999
0 0.2327653609375 0.7673498624999999 0.25462543593750003 0.826581921875 0.3537185625 0.7943144640625001 0.334417815625 0.7343485296875001 0.2327653609375 0.7673498624999999
0 0.2159109859375 0.7066824421875 0.23651470156249998 0.7653115171875 0.33536247812500003 0.7340776515625 0.3165719953125 0.67589188125 0.2159109859375 0.7066824421875
0 0.190222615625 0.6340995265625 0.21186694843749998 0.7001361296875 0.3147587625 0.6754485765625 0.2944265703125 0.6099989640625 0.190222615625 0.6340995265625
0 0.228702140625 0.7588531890625 0.20734207968749999 0.6975806546875 0.1084745640625 0.7249672171875 0.1303346390625 0.784199278125 0.228702140625 0.7588531890625
0 0.1261143375 0.7921521109375 0.1497412125 0.8537672687500001 0.24483964687499998 0.8245717515625 0.2254725515625 0.7626983609375 0.1261143375 0.7921521109375
0 0.1515080109375 0.8561503687500001 0.17210185625000002 0.9128557921875 0.2659727703125 0.8811225390624999 0.2468517953125 0.8259212578125 0.1515080109375 0.8561503687500001
0 0.1726122953125 0.91463590625 0.191684690625 0.9679246375 0.2808244296875 0.9423642296875 0.26270503125 0.88687575 0.1726122953125 0.91463590625
0 0.10862881875 0.2375568890625 0.13010502031249999 0.299755290625 0.2027074125 0.28278985 0.1823194390625 0.2173562296875 0.10862881875 0.2375568890625
0 0.09636928125000001 0.612849525 0.13842703437499998 0.6027161390625 0.135364396875 0.592035453125 0.160392896875 0.584858646875 0.112539884375 0.44253536093749996 0.1164753578125 0.4279215203125 0.10932920312500001 0.4029999203125 0.03076160625 0.425528815625 0.09636928125000001 0.612849525
0 0 0.49444866562499995 0.024548125 0.488957878125 0.020217582812500003 0.4718980765625 0 0.4789993390625 0 0.49444866562499995
0 0 0.5120797203125 0.0316633421875 0.5042559453125001 0.026560275 0.490307384375 0 0.496847653125 0 0.5120797203125
0 0 0.5311269421875 0.036767737499999995 0.5220570890625 0.0298978703125 0.505725428125 0 0.51366980625 0 0.5311269421875
0 0 0.5497629875000001 0.044139764062499996 0.54209771875 0.0370045453125 0.5229524249999999 0 0.5335633078125 0 0.5497629875000001
0 0 0.568291834375 0.049205746875 0.5560569156249999 0.050991567187499996 0.5584345609375 0.0438658703125 0.5412130171875 0 0.5512212453124999 0 0.568291834375
0 0.0055095 0.5888146562500001 0.056803123437500005 0.571216728125 0.05682249375 0.5712111734375 0.051718465625 0.5572628843749999 0.0009056734375000001 0.5708699796875 0.0055095 0.5888146562500001
0 0.057814132812499995 0.5728533046875001 0.0048231796875 0.5870908421875 0.0096708 0.60399650625 0.0644301734375 0.588294509375 0.057814132812499995 0.5728533046875001
0 0.06416501718749999 0.58933378125 0.0099260203125 0.6048865640625001 0.0147751953125 0.6217976484375 0.0715371984375 0.6055214062500001 0.06416501718749999 0.58933378125
0 0.07051590468749999 0.6058142578125 0.0147751953125 0.6217976484375 0.018862240625000002 0.6360508671875 0.0778785625 0.6200781328125 0.07051590468749999 0.6058142578125
0 0.0778580609375 0.6200840125 0.019363525 0.63779905625 0.024248584375 0.6548352828125 0.084984475 0.6411583125 0.0778580609375 0.6200840125
0 0.0761068296875 0.835686471875 0.1167712890625 0.8275813546874999 0.072040128125 0.7074806578125 0.0887154640625 0.6843975171875 0.077553990625 0.6548478515625 0.0785264125 0.652642534375 0.025839128125 0.660382165625 0.0761068296875 0.835686471875
0 0.1079838640625 0.7270344046874999 0.127623140625 0.695395446875 0.07456271875 0.710610278125 0.1330834171875 0.8768453781250001 0.15560139687500002 0.87231493125 0.125368415625 0.7933292390625 0.128823059375 0.782706234375 0.1079838640625 0.7270344046874999