0 0.35625 0.75 0.0953125 0.0703125
0 0.5203125 0.67265625 0.0921875 0.065625
0 0.28671875 0.8875 0.09375 0.0734375
0 0.51171875 0.62109375 0.0921875 0.065625
0 0.53046875 0.7234375 0.0953125 0.0703125
0 0.3515625 0.696875 0.090625 0.0640625
0 0.36328125 0.80546875 0.0953125 0.06875
0 0.26171875 0.66796875 0.0875 0.065625
0 0.50234375 0.56953125 0.0921875 0.065625
0 0.54140625 0.7828125 0.090625 0.0703125
0 0.771875 0.728125 0.0984375 0.06875
0 0.33359375 0.596875 0.0875 0.0609375
0 0.28203125 0.82421875 0.0859375 0.0671875
0 0.340625 0.64375 0.0921875 0.0671875
0 0.7828125 0.78515625 0.0984375 0.06875
0 0.2703125 0.7203125 0.0875 0.0609375
0 0.66328125 0.66328125 0.09375 0.0703125
0 0.42734375 0.628125 0.090625 0.065625
0 0.65703125 0.29921875 0.0796875 0.0625
0 0.2484375 0.56875 0.090625 0.065625
0 0.41640625 0.5765625 0.0875 0.0625
0 0.76328125 0.671875 0.096875 0.0734375
0 0.4828125 0.47109375 0.096875 0.0671875
0 0.49140625 0.51953125 0.090625 0.0640625
0 0.2765625 0.77109375 0.0875 0.0640625
0 0.43515625 0.67734375 0.090625 0.0625
0 0.8734375 0.76640625 0.0984375 0.071875
0 0.69765625 0.81171875 0.08125 0.0484375
0 0.6515625 0.61171875 0.0859375 0.0609375
0 0.37265625 0.865625 0.09375 0.0671875
0 0.45390625 0.7859375 0.0953125 0.0703125
0 0.63828125 0.565625 0.084375 0.0625
0 0.40625 0.52421875 0.0828125 0.0578125
0 0.39609375 0.47890625 0.08125 0.0578125
0 0.31796875 0.496875 0.090625 0.065625
0 0.46328125 0.84609375 0.0984375 0.06875
0 0.7296875 0.57109375 0.0953125 0.06875
0 0.44296875 0.7328125 0.0890625 0.065625
0 0.46953125 0.42109375 0.0890625 0.0578125
0 0.7453125 0.621875 0.09375 0.06875
0 0.625 0.5171875 0.08125 0.0609375
0 0.7125 0.51875 0.09375 0.0671875
0 0.30859375 0.4484375 0.0921875 0.0671875
0 0.23984375 0.5203125 0.0828125 0.0609375
0 0.32734375 0.546875 0.0875 0.0625
0 0.79921875 0.50078125 0.09375 0.0703125
0 0.46015625 0.37734375 0.0859375 0.0546875
0 0.25546875 0.61796875 0.0875 0.059375
0 0.8625 0.7078125 0.0984375 0.071875
0 0.2890625 0.365625 0.0859375 0.05625
0 0.94921875 0.44609375 0.1015625 0.0953125
0 0.55234375 0.8390625 0.0953125 0.0703125
0 0.67734375 0.70546875 0.084375 0.05
0 0.84921875 0.65234375 0.096875 0.0703125
0 0.44921875 0.33203125 0.084375 0.059375
0 0.67265625 0.384375 0.075 0.05625
0 0.59921875 0.3921875 0.0828125 0.0640625
0 0.390625 0.4359375 0.078125 0.0546875
0 0.0390625 0.58515625 0.0703125 0.0578125
0 0.0765625 0.865625 0.0453125 0.0609375
0 0.04765625 0.64375 0.0671875 0.059375
0 0.83203125 0.6 0.0953125 0.06875
0 0.68515625 0.74296875 0.0796875 0.0453125
0 0.05546875 0.7 0.0640625 0.0640625
0 0.29765625 0.4046875 0.090625 0.059375
0 0.6640625 0.34453125 0.078125 0.0515625
0 0.959375 0.53515625 0.08125 0.0953125
0 0.70078125 0.4671875 0.090625 0.0640625
0 0.06875 0.809375 0.0484375 0.05625
0 0.11640625 0.5890625 0.0921875 0.065625
0 0.03359375 0.5359375 0.0671875 0.059375
0 0.3796875 0.396875 0.08125 0.05625
0 0.78359375 0.44921875 0.0953125 0.0703125
0 0.11015625 0.53515625 0.0921875 0.06875
0 0.69140625 0.7734375 0.0765625 0.046875
0 0.81640625 0.55234375 0.09375 0.06875
0 0.684375 0.42578125 0.08125 0.0546875
0 0.134375 0.8046875 0.0984375 0.0703125
0 0.6109375 0.4421875 0.0796875 0.05625
0 0.23125 0.4796875 0.075 0.0515625
0 0.0625 0.75546875 0.05625 0.0625
0 0.9703125 0.6265625 0.059375 0.1
0 0.13671875 0.8625 0.0953125 0.071875
0 0.12734375 0.75 0.0859375 0.0625
0 0.74296875 0.36640625 0.0765625 0.0484375
0 0.1421875 0.92109375 0.084375 0.0625
0 0.0859375 0.92734375 0.040625 0.0609375
0 0.1234375 0.69921875 0.0890625 0.065625
0 0.121875 0.64609375 0.090625 0.0671875
0 0.75703125 0.40703125 0.0765625 0.053125
0 0.98203125 0.7171875 0.0359375 0.096875
0 0.615625 0.48046875 0.075 0.05