0 0.921875 0.3890625 0.15625 0.2125
0 0.8859375 0.5765625 0.175 0.2171875
0 0.83203125 0.7625 0.1703125 0.203125
0 0.77890625 0.92109375 0.1734375 0.1578125
0 0.565625 0.8953125 0.18125 0.2078125
0 0.62109375 0.7125 0.1828125 0.2171875
0 0.67109375 0.52734375 0.18125 0.2046875
0 0.72734375 0.33984375 0.18125 0.21875
0 0.5890625 0.3 0.1875 0.2265625
0 0.5328125 0.48671875 0.1875 0.2109375
0 0.4828125 0.67109375 0.184375 0.2234375
0 0.43125 0.85703125 0.18125 0.20625
0 0.45 0.25234375 0.19375 0.21875
0 0.396875 0.44765625 0.1875 0.221875
0 0.3421875 0.63984375 0.1921875 0.215625
0 0.2875 0.82265625 0.19375 0.225
0 0.14296875 0.7890625 0.1890625 0.2078125
0 0.1984375 0.6 0.1953125 0.228125
0 0.25 0.40390625 0.1953125 0.215625
0 0.30546875 0.21484375 0.1921875 0.23125
0 0.15859375 0.16640625 0.196875 0.2296875
0 0.103125 0.36328125 0.1921875 0.209375
0 0.07421875 0.55859375 0.1484375 0.2265625
0 0.0453125 0.75234375 0.090625 0.2140625