0 0.2859375 0.734375 0.1703125 0.146875
0 0.3203125 0.64375 0.16875 0.1453125
0 0.35703125 0.559375 0.1625 0.1359375
0 0.50390625 0.25546875 0.1515625 0.134375
0 0.39140625 0.4796875 0.15625 0.13125
0 0.4296875 0.4078125 0.1515625 0.128125
0 0.465625 0.3265625 0.146875 0.125
0 0.4578125 0.70078125 0.1625 0.14375
0 0.41328125 0.79296875 0.1671875 0.1484375
0 0.48046875 0.61328125 0.159375 0.1375
0 0.5171875 0.5328125 0.153125 0.13125
0 0.54921875 0.45859375 0.1484375 0.1265625
0 0.58203125 0.38359375 0.153125 0.134375
0 0.61484375 0.30703125 0.15 0.1328125