0 0.1515625 0.5125 0.1328125 0.0828125
0 0.16640625 0.33984375 0.1328125 0.07734375
0 0.14453125 0.60859375 0.14140625 0.0875
0 0.15859375 0.4234375 0.13515625 0.0828125
0 0.484375 0.72578125 0.0859375 0.05546875
0 0.17578125 0.2546875 0.128125 0.07578125
0 0.39140625 0.7546875 0.078125 0.05234375
0 0.3125 0.86640625 0.07734375 0.04921875
0 0.4859375 0.66875 0.08203125 0.05234375
0 0.31328125 0.9203125 0.08125 0.05234375
0 0.48671875 0.6140625 0.08125 0.05078125
0 0.31171875 0.81328125 0.078125 0.053125
0 0.86953125 0.71640625 0.0859375 0.0546875
0 0.48984375 0.50703125 0.07890625 0.0484375
0 0.87109375 0.775 0.0875 0.05234375
0 0.484375 0.78125 0.0859375 0.0546875
0 0.0546875 0.240625 0.1078125 0.0765625
0 0.87890625 0.8328125 0.09140625 0.05703125
0 0.31328125 0.7609375 0.07421875 0.0484375
0 0.5734375 0.4546875 0.08125 0.05
0 0.315625 0.70859375 0.0765625 0.05078125
0 0.57421875 0.721875 0.084375 0.05078125
0 0.13984375 0.70390625 0.153125 0.09140625
0 0.76796875 0.52578125 0.0828125 0.05390625
0 0.66328125 0.7875 0.08828125 0.05703125
0 0.8671875 0.66640625 0.0828125 0.0484375
0 0.57421875 0.5046875 0.08046875 0.05
0 0.49140625 0.56015625 0.08203125 0.04921875
0 0.575 0.56328125 0.08515625 0.0546875
0 0.5765625 0.67109375 0.08828125 0.053125
0 0.6625 0.84921875 0.08828125 0.05625
0 0.7828125 0.675 0.08515625 0.0515625
0 0.65546875 0.52421875 0.0828125 0.05
0 0.57421875 0.61796875 0.0890625 0.05234375
0 0.65859375 0.46796875 0.08203125 0.0515625
0 0.784375 0.77734375 0.08359375 0.05
0 0.959375 0.7703125 0.078125 0.05625
0 0.94140625 0.5625 0.084375 0.0515625
0 0.1375 0.80078125 0.16015625 0.09375
0 0.5765625 0.778125 0.08671875 0.053125
0 0.66015625 0.57421875 0.08203125 0.05390625
0 0.8515625 0.5171875 0.0765625 0.05
0 0.84609375 0.46875 0.08125 0.05
0 0.815625 0.33671875 0.08125 0.05078125
0 0.8421875 0.421875 0.08515625 0.053125
0 0.9640625 0.82734375 0.07109375 0.0546875
0 0.78203125 0.725 0.0828125 0.0515625
0 0.36484375 0.871875 0.0234375 0.14296875
0 0.7640625 0.47421875 0.08046875 0.04921875
0 0.9421875 0.6125 0.078125 0.0515625
0 0.86171875 0.61484375 0.08203125 0.05078125
0 0.79140625 0.83515625 0.0765625 0.053125
0 0.853125 0.56796875 0.078125 0.04609375
0 0.57421875 0.8390625 0.0890625 0.05
0 0.66171875 0.73125 0.0859375 0.053125
0 0.97265625 0.3296875 0.05390625 0.05
0 0.77578125 0.62421875 0.08203125 0.05390625
0 0.75703125 0.43203125 0.07734375 0.04765625
0 0.95 0.66484375 0.0765625 0.04765625
0 0.9578125 0.7140625 0.0796875 0.0484375
0 0.77109375 0.575 0.07890625 0.04921875
0 0.4828125 0.83203125 0.0875 0.0359375
0 0.66171875 0.6265625 0.08515625 0.05
0 0.04609375 0.3265625 0.09140625 0.07578125
0 0.6609375 0.67734375 0.084375 0.05078125
0 0.83671875 0.3765625 0.0828125 0.04609375
0 0.9140625 0.421875 0.065625 0.03984375
0 0.91953125 0.46484375 0.06796875 0.046875
0 0.9109375 0.38046875 0.06875 0.04296875
0 0.93203125 0.51015625 0.08125 0.04296875
0 0.040625 0.41171875 0.08046875 0.07734375
0 0.97265625 0.3796875 0.0546875 0.040625
0 0.4015625 0.859375 0.03125 0.15703125