0 0.68125 0.60859375 0.1375 0.09296875
0 0.54140625 0.7046875 0.1390625 0.09375
0 0.6875 0.7046875 0.146875 0.0984375
0 0.54296875 0.80390625 0.14140625 0.09375
0 0.540625 0.43046875 0.13359375 0.0859375
0 0.53984375 0.51953125 0.13671875 0.0859375
0 0.3921875 0.26875 0.1390625 0.08125
0 0.54140625 0.3453125 0.1328125 0.08203125
0 0.39296875 0.353125 0.1359375 0.08515625
0 0.53515625 0.1875 0.125 0.07578125
0 0.4 0.1125 0.12421875 0.07578125
0 0.39375 0.190625 0.12734375 0.0765625
0 0.6890625 0.803125 0.140625 0.096875
0 0.39375 0.528125 0.13515625 0.0875
0 0.390625 0.43671875 0.140625 0.08828125
0 0.540625 0.6125 0.13671875 0.08828125
0 0.83515625 0.34765625 0.125 0.0828125
0 0.384375 0.81484375 0.1453125 0.09296875
0 0.5359375 0.26484375 0.12890625 0.0765625
0 0.25546875 0.52265625 0.140625 0.0890625
0 0.38671875 0.715625 0.1453125 0.09453125
0 0.84140625 0.43515625 0.12890625 0.08359375
0 0.4015625 0.03828125 0.12265625 0.07109375
0 0.8265625 0.26640625 0.125 0.08125
0 0.39140625 0.61953125 0.140625 0.08828125
0 0.2421875 0.71484375 0.1390625 0.090625
0 0.2484375 0.6171875 0.1375 0.0859375
0 0.23828125 0.81484375 0.1421875 0.0953125
0 0.94375 0.2765625 0.11015625 0.0765625
0 0.9484375 0.359375 0.103125 0.07890625
0 0.84453125 0.52265625 0.13828125 0.0890625
0 0.8578125 0.8078125 0.14296875 0.09921875
0 0.853125 0.71171875 0.13671875 0.090625
0 0.93828125 0.1984375 0.1234375 0.078125
0 0.953125 0.44296875 0.09296875 0.078125
0 0.8515625 0.6171875 0.13515625 0.09140625
0 0.9640625 0.8078125 0.071875 0.090625
0 0.046875 0.60859375 0.09296875 0.0546875
0 0.04609375 0.55234375 0.09140625 0.06015625
0 0.95625 0.525 0.0875 0.08046875
0 0.05078125 0.6609375 0.09609375 0.05546875
0 0.0546875 0.49375 0.09453125 0.05390625
0 0.9625 0.71015625 0.075 0.0859375
0 0.96015625 0.61484375 0.0796875 0.0859375
0 0.015625 0.40234375 0.02890625 0.0421875
0 0.046875 0.78046875 0.08984375 0.06015625
0 0.05078125 0.71640625 0.09375 0.05703125
0 0.071875 0.4421875 0.0859375 0.04765625
0 0.01484375 0.4484375 0.025 0.0421875
0 0.0171875 0.3625 0.03046875 0.040625
0 0.04296875 0.84296875 0.08125 0.06015625
0 0.08203125 0.3984375 0.07734375 0.0328125
0 0.01875 0.3109375 0.03515625 0.05