0 0.28359375 0.55390625 0.559375 0.5921875
0 0.87578125 0.28125 0.0875 0.096875
0 0.96796875 0.20625 0.0640625 0.096875
0 0.8640625 0.371875 0.090625 0.103125
0 0.846875 0.46484375 0.09375 0.1046875
0 0.834375 0.5640625 0.096875 0.1109375
0 0.81640625 0.66796875 0.1 0.1109375
0 0.8015625 0.7703125 0.1 0.1171875
0 0.7828125 0.8828125 0.1046875 0.11875
0 0.8890625 0.7921875 0.096875 0.1109375
0 0.87109375 0.90234375 0.10625 0.11875
0 0.903125 0.68984375 0.09375 0.1078125
0 0.915625 0.58671875 0.09375 0.1046875
0 0.93125 0.48984375 0.096875 0.103125
0 0.94609375 0.3953125 0.0921875 0.1
0 0.95546875 0.3046875 0.0890625 0.1
0 0.98828125 0.409375 0.0234375 0.09375
0 0.98359375 0.5078125 0.0328125 0.1