0 0.97085931875 0.08333333281250001 0.8772786453125001 0.09629629687499999 0.9031612843750001 0.8703703703125001 0.998980040625 0.859259259375 0.97085931875 0.08333333281250001
0 0.646875 0.26171875 0.13046875 0.16640625
0 0.63828125 0.4453125 0.12421875 0.178125
0 0.64140625 0.628125 0.128125 0.16171875
0 0.64140625 0.809375 0.12578125 0.178125
0 0.46953125 0.84140625 0.0984375 0.11640625
0 0.36171875 0.85078125 0.09765625 0.11328125
0 0.36640625 0.7296875 0.0984375 0.11484375
0 0.365625 0.609375 0.09609375 0.10703125
0 0.365625 0.490625 0.10078125 0.10390625
0 0.36953125 0.3734375 0.09609375 0.11875
0 0.3703125 0.24921875 0.103125 0.096875
0 0.25078125 0.11875 0.10390625 0.10390625
0 0.25546875 0.24609375 0.1046875 0.1265625
0 0.25546875 0.37421875 0.10390625 0.11796875
0 0.25859375 0.49375 0.1046875 0.10703125
0 0.259375 0.6171875 0.10390625 0.11796875
0 0.259375 0.7390625 0.10234375 0.1109375
0 0.2578125 0.85859375 0.10078125 0.10546875
0 0.1375 0.11015625 0.10859375 0.109375
0 0.140625 0.24375 0.10625 0.11640625
0 0.14296875 0.36875 0.10703125 0.10625
0 0.146875 0.49375 0.10625 0.11875
0 0.14765625 0.61875 0.10703125 0.115625
0 0.14921875 0.74296875 0.10703125 0.11953125
0 0.1515625 0.8671875 0.10390625 0.1140625