0 0.75390625 0.18828125 0.20625 0.2203125
0 0.84375 0.3609375 0.2046875 0.221875
0 0.9125 0.52734375 0.175 0.2234375
0 0.4359375 0.11875 0.24375 0.175
0 0.4828125 0.19140625 0.2484375 0.1796875
0 0.52421875 0.2671875 0.25 0.1796875
0 0.5640625 0.34140625 0.2453125 0.1734375
0 0.6 0.421875 0.246875 0.1796875
0 0.6421875 0.496875 0.2421875 0.1671875
0 0.678125 0.5703125 0.2421875 0.1734375
0 0.715625 0.640625 0.240625 0.1671875
0 0.7578125 0.7171875 0.2484375 0.178125
0 0.7953125 0.7875 0.2390625 0.1625
0 0.41875 0.61171875 0.2671875 0.196875
0 0.5125 0.8046875 0.38125 0.390625