0 0.840625 0.3390625 0.2078125 0.225
0 0.78515625 0.52734375 0.196875 0.2078125
0 0.74375 0.71953125 0.1984375 0.2171875
0 0.69609375 0.89765625 0.1984375 0.2046875
0 0.534375 0.859375 0.2 0.2125
0 0.578125 0.678125 0.190625 0.209375
0 0.61875 0.4875 0.2 0.20625
0 0.665625 0.2984375 0.1984375 0.21875
0 0.50390625 0.25859375 0.2 0.2234375
0 0.45703125 0.44375 0.196875 0.2125
0 0.41484375 0.6328125 0.196875 0.2140625
0 0.3734375 0.82109375 0.196875 0.209375
0 0.20703125 0.784375 0.2 0.2171875
0 0.2515625 0.5921875 0.2046875 0.2203125
0 0.2953125 0.403125 0.20625 0.2234375
0 0.34609375 0.2109375 0.2 0.2171875
0 0.12265625 0.365625 0.203125 0.215625
0 0.09296875 0.56015625 0.1859375 0.2109375
0 0.0703125 0.75 0.140625 0.21875
0 0.15625 0.16875 0.2015625 0.2265625