0 0.2734375 0.50078125 0.28125 0.25
0 0.40703125 0.17890625 0.2140625 0.2234375
0 0.45078125 0.3546875 0.2015625 0.2015625
0 0.4859375 0.51953125 0.1984375 0.1984375
0 0.52109375 0.671875 0.1890625 0.1765625
0 0.5546875 0.81328125 0.1796875 0.1703125
0 0.64765625 0.47734375 0.1921875 0.1828125
0 0.6796875 0.63046875 0.1875 0.184375
0 0.71171875 0.77890625 0.175 0.165625
0 0.371875 0.62890625 0.1109375 0.096875
0 0.3875 0.69296875 0.10625 0.08125
0 0.403125 0.7484375 0.1046875 0.0765625
0 0.4171875 0.8078125 0.109375 0.0828125
0 0.43359375 0.8734375 0.10625 0.08125
0 0.26328125 0.6515625 0.1203125 0.0875
0 0.2828125 0.71875 0.109375 0.0796875
0 0.3015625 0.778125 0.1109375 0.078125
0 0.3171875 0.83984375 0.1125 0.08125
0 0.33125 0.8984375 0.115625 0.08125
0 0.17890625 0.7328125 0.11875 0.0890625
0 0.1953125 0.79921875 0.1109375 0.0765625
0 0.215625 0.8640625 0.10625 0.075
0 0.23125 0.9203125 0.10625 0.0796875
0 0.1078125 0.503125 0.11875 0.1890625
0 0.55234375 0.1484375 0.1515625 0.171875