0 0.7671875 0.66796875 0.0828125 0.05390625
0 0.68828125 0.77265625 0.08515625 0.05390625
0 0.596875 0.71796875 0.08359375 0.05546875
0 0.69140625 0.8328125 0.0828125 0.05390625
0 0.51015625 0.8421875 0.08359375 0.05546875
0 0.509375 0.78125 0.084375 0.05078125
0 0.509375 0.728125 0.08359375 0.05234375
0 0.59765625 0.6671875 0.08359375 0.0515625
0 0.6828125 0.66171875 0.0828125 0.0484375
0 0.68515625 0.71796875 0.08359375 0.0515625
0 0.28984375 0.67265625 0.09140625 0.05390625
0 0.60234375 0.83515625 0.090625 0.0515625
0 0.78203125 0.784375 0.08671875 0.05546875
0 0.19375 0.72578125 0.08515625 0.05546875
0 0.67734375 0.56015625 0.08359375 0.0515625
0 0.68203125 0.6125 0.08125 0.05234375
0 0.50859375 0.62421875 0.0828125 0.05234375
0 0.2921875 0.61875 0.090625 0.053125
0 0.76640625 0.6203125 0.0828125 0.05078125
0 0.50859375 0.67578125 0.08125 0.05
0 0.78203125 0.840625 0.0859375 0.05625
0 0.1984375 0.67109375 0.084375 0.05390625
0 0.29453125 0.56328125 0.08984375 0.05703125
0 0.775 0.7234375 0.08125 0.0546875
0 0.50546875 0.52578125 0.0859375 0.053125
0 0.5953125 0.61484375 0.0828125 0.05390625
0 0.7640625 0.57109375 0.08125 0.05234375
0 0.75859375 0.5171875 0.0828125 0.05078125
0 0.590625 0.515625 0.078125 0.05234375
0 0.2875 0.728125 0.09375 0.05390625
0 0.3875 0.46640625 0.084375 0.05546875
0 0.29921875 0.45234375 0.0828125 0.05234375
0 0.2953125 0.50390625 0.08515625 0.0546875
0 0.59375 0.56640625 0.078125 0.046875
0 0.51015625 0.57578125 0.08359375 0.04453125
0 0.59921875 0.77890625 0.0890625 0.05390625
0 0.2 0.61484375 0.084375 0.05546875
0 0.671875 0.50625 0.07890625 0.046875
0 0.371875 0.79140625 0.08203125 0.05546875
0 0.28359375 0.784375 0.0953125 0.053125
0 0.66953125 0.4609375 0.075 0.046875
0 0.21015625 0.5046875 0.0828125 0.04921875
0 0.503125 0.475 0.0828125 0.05078125
0 0.58671875 0.46484375 0.08125 0.05234375
0 0.75390625 0.46796875 0.0890625 0.05390625
0 0.36953125 0.8515625 0.0859375 0.0578125
0 0.73515625 0.32421875 0.078125 0.05078125
0 0.1859375 0.84140625 0.0875 0.05078125
0 0.73828125 0.3734375 0.08203125 0.04296875
0 0.7484375 0.41796875 0.0859375 0.04296875
0 0.66328125 0.41796875 0.07265625 0.04140625
0 0.2078125 0.5578125 0.08125 0.05078125
0 0.6578125 0.37578125 0.07265625 0.04296875
0 0.896875 0.5890625 0.07578125 0.05234375
0 0.38515625 0.52109375 0.08515625 0.05390625
0 0.375 0.7359375 0.08046875 0.05390625
0 0.27890625 0.8453125 0.09921875 0.05625
0 0.5828125 0.415625 0.084375 0.0515625
0 0.9296875 0.8390625 0.0703125 0.03671875
0 0.38984375 0.68046875 0.109375 0.05390625
0 0.92890625 0.76640625 0.06640625 0.0328125
0 0.5015625 0.42890625 0.0734375 0.046875
0 0.90859375 0.63671875 0.0828125 0.0484375
0 0.9125 0.6875 0.0890625 0.0515625
0 0.8921875 0.53984375 0.07578125 0.0484375
0 0.57109375 0.3296875 0.0765625 0.04609375
0 0.19375 0.78203125 0.07890625 0.0515625
0 0.03125 0.7640625 0.0625 0.046875
0 0.98203125 0.71875 0.03515625 0.053125
0 0.38828125 0.5765625 0.0984375 0.05625
0 0.10625 0.75859375 0.0828125 0.05
0 0.92578125 0.73046875 0.06640625 0.03359375
0 0.928125 0.8 0.0625 0.03359375
0 0.03125 0.81796875 0.0609375 0.05078125
0 0.97421875 0.61171875 0.0484375 0.0515625
0 0.878125 0.41171875 0.07734375 0.0484375
0 0.946875 0.3296875 0.06953125 0.04921875
0 0.57578125 0.3703125 0.08359375 0.04765625
0 0.98125 0.665625 0.0375 0.05234375
0 0.96484375 0.503125 0.06875 0.04921875
0 0.98359375 0.7734375 0.0328125 0.04765625
0 0.9453125 0.37421875 0.07109375 0.0375
0 0.0375 0.71015625 0.065625 0.05234375
0 0.38984375 0.625 0.10234375 0.05703125
0 0.06875 0.87734375 0.02734375 0.14921875
0 0.95234375 0.415625 0.071875 0.046875
0 0.028125 0.92578125 0.0546875 0.05625
0 0.02578125 0.8703125 0.0515625 0.0515625
0 0.9828125 0.8296875 0.03359375 0.04921875
0 0.88828125 0.49140625 0.0734375 0.04765625
0 0.4359375 0.78203125 0.0359375 0.17734375
0 0.965625 0.553125 0.06796875 0.04609375
0 0.9625 0.45859375 0.0703125 0.04375
0 0.88203125 0.4578125 0.06875 0.03828125
0 0.87109375 0.39140625 0.07109375 0.03671875