0 0.84453125 0.84140625 0.1328125 0.18671875
0 0.8453125 0.6484375 0.13671875 0.18046875
0 0.70625 0.85 0.14453125 0.178125
0 0.7046875 0.6546875 0.14140625 0.19453125
0 0.7015625 0.45625 0.140625 0.17890625
0 0.70078125 0.2609375 0.13984375 0.19140625
0 0.5609375 0.26171875 0.14140625 0.1890625
0 0.5609375 0.4625 0.14140625 0.17890625
0 0.56328125 0.6546875 0.14140625 0.1890625
0 0.56328125 0.85 0.13984375 0.18125
0 0.4140625 0.259375 0.14921875 0.19140625
0 0.41484375 0.45859375 0.15078125 0.2015625
0 0.41875 0.65859375 0.14765625 0.190625
0 0.41953125 0.85625 0.1421875 0.184375
0 0.2609375 0.25390625 0.15078125 0.1953125
0 0.265625 0.46015625 0.14453125 0.19609375
0 0.26953125 0.6625 0.14921875 0.1859375
0 0.26953125 0.86328125 0.1453125 0.19609375