0 0.5505221609375 0.530888021875 0.597363975 0.534496003125 0.60650775 0.43628640625 0.6083303734375 0.377628296875 0.55330238125 0.36987309218750003 0.5248396750000001 0.367382928125 0.5235747296875 0.3692328453125 0.51035799375 0.5234529421875 0.5505221609375 0.530888021875
0 0.513891615625 0.52719311875 0.5070254046875 0.530023428125 0.5055418015625001 0.54067685 0.4920631359375 0.6821302234375 0.49233094062499994 0.68852555625 0.545905421875 0.6971338874999999 0.571588771875 0.6998710359375 0.580790434375 0.6987154921875 0.5942016109375 0.539120796875 0.5934047875 0.535620059375 0.513891615625 0.52719311875
0 0.5607082015625 0.8778225468749999 0.5665405906250001 0.877352521875 0.5695327296875 0.874673421875 0.5828221124999999 0.7101666078125 0.582408296875 0.7022880609375 0.492367621875 0.6944105234375 0.48912014531250003 0.7000081625 0.4770040046875 0.84795264375 0.4765300078125 0.8596746890625001 0.47789253125000003 0.866165796875 0.492920709375 0.8709116171875 0.5338875765625 0.875476046875 0.5607082015625 0.8778225468749999
0 0.7427269578125 0.43644052968749997 0.6107523671874999 0.4224435171875 0.6080339109375 0.4251465609375 0.602039315625 0.4873608421875 0.5996810828125 0.533228284375 0.7224114562499999 0.548867265625 0.7332126390625 0.5483418078125 0.7375548359375 0.54283994375 0.7426740828125 0.4937830328125 0.7442780499999999 0.443928428125 0.7427269578125 0.43644052968749997
0 0.58345974375 0.680813609375 0.5836791171875 0.6940667546875 0.5876507703125 0.702256571875 0.5910383828125 0.704513534375 0.7516216906250001 0.7224839249999999 0.760087425 0.720283703125 0.764958640625 0.71188724375 0.7663329140624999 0.7056355734374999 0.7687814203125 0.6303672437500001 0.769259859375 0.5681605078125 0.76779388125 0.5596997625 0.765312421875 0.556541784375 0.7581784046875 0.5529767609375 0.681572259375 0.5428435671875 0.606310296875 0.5362589984375 0.5979905734375001 0.539942434375 0.594506096875 0.5514010953125 0.58345974375 0.680813609375
0 0.6055676328125 0.7023536546875 0.5866411640625 0.70118795 0.5841963859375 0.7039149375 0.5731742484375 0.8298985453125001 0.570816015625 0.8757659875 0.7188951609374999 0.8916621125 0.7523266625 0.8940968437500001 0.7555073671875 0.8924145343750001 0.764922675 0.7280589281250001 0.7633290265625 0.7210574515625 0.6055676328125 0.7023536546875
0 0.44473557656249996 0.702987065625 0.35745004062499997 0.6982914484375 0.3476429859375 0.7851696484375 0.340724615625 0.8673991125 0.3895430828125 0.8736307609375 0.4312700921875 0.8758109624999999 0.4340003 0.8603651390625 0.44158782656250006 0.7830956828125 0.4470959578125 0.723289575 0.447575828125 0.705196140625 0.44473557656249996 0.702987065625
0 0.35036144375 0.7824666046875 0.35740748437500003 0.698777871875 0.3408832390625 0.6953716015625 0.26681944999999996 0.6908524453125 0.25960834374999997 0.7480588312500001 0.25187480624999997 0.8238450734375 0.250033128125 0.85750405 0.25114618593750004 0.8605423078125 0.318720896875 0.8698853546875001 0.3384075078125 0.86866683125 0.33994613125 0.8668408578125 0.35036144375 0.7824666046875
0 0.17567818125 0.689250521875 0.1709294765625 0.7246157515625 0.16031972187500002 0.814364603125 0.157535209375 0.8430396265625 0.159992453125 0.8496265109375001 0.24588537187499998 0.8576313140625 0.24772189375 0.8524003796875 0.2651348140625 0.69119520625 0.21545275 0.6853781484375 0.1774295890625 0.6849924328125 0.17567818125 0.689250521875
0 0.24063058124999998 0.6655243359374999 0.2447291890625 0.6501982328125 0.253240490625 0.55291359375 0.23785352187500003 0.5491166765625 0.1854955546875 0.545516240625 0.18011953593750002 0.5533783890625 0.176246178125 0.5755862484375001 0.171796084375 0.6296031671875 0.18846705625 0.6565493015625 0.19984640625 0.6683280859375 0.2218200328125 0.6756421390625 0.2338861625 0.6732667640625001 0.24063058124999998 0.6655243359374999
0 0 0.82720035 0.120357303125 0.8392968359375 0.1334939359375 0.8404461421875 0.136674640625 0.8387638328125 0.1522766890625 0.723473990625 0.1546840703125 0.6928053843749999 0.153005309375 0.68677675625 0.1471362375 0.6813618140625 0.0460691296875 0.667127978125 0 0.6630974515625 0 0.82720035