0 0.63203125 0.11953125 0.1078125 0.1046875
0 0.51640625 0.18046875 0.10625 0.10625
0 0.484375 0.2671875 0.1109375 0.1140625
0 0.44921875 0.35703125 0.1125 0.1140625
0 0.41484375 0.44921875 0.1171875 0.11875
0 0.3765625 0.54921875 0.11875 0.121875
0 0.33828125 0.6484375 0.125 0.134375
0 0.29765625 0.75 0.1265625 0.1375
0 0.38671875 0.7859375 0.1265625 0.13125
0 0.4265625 0.68203125 0.121875 0.128125
0 0.4640625 0.58203125 0.11875 0.11875
0 0.49921875 0.48203125 0.1140625 0.1171875
0 0.534375 0.390625 0.1078125 0.109375
0 0.5671875 0.2984375 0.1078125 0.109375
0 0.5984375 0.2078125 0.1078125 0.1109375
0 0.6765625 0.2421875 0.1046875 0.1015625
0 0.646875 0.33203125 0.10625 0.109375
0 0.61796875 0.421875 0.1140625 0.11875
0 0.58359375 0.51875 0.1125 0.1203125
0 0.55 0.61640625 0.1140625 0.121875
0 0.51484375 0.7171875 0.121875 0.1265625
0 0.478125 0.82109375 0.125 0.134375
0 0.81484375 0.2484375 0.09375 0.096875
0 0.79296875 0.33046875 0.0921875 0.0984375
0 0.76796875 0.4140625 0.0953125 0.103125
0 0.74296875 0.4984375 0.096875 0.1046875
0 0.7171875 0.58671875 0.1 0.1109375
0 0.68828125 0.68046875 0.103125 0.1078125
0 0.66015625 0.775 0.1078125 0.11875
0 0.62734375 0.8765625 0.109375 0.121875
0 0.709375 0.91484375 0.1109375 0.1140625
0 0.7390625 0.81328125 0.103125 0.109375
0 0.7640625 0.7234375 0.103125 0.1171875
0 0.790625 0.62890625 0.0984375 0.109375
0 0.81328125 0.5390625 0.0921875 0.1046875
0 0.840625 0.45390625 0.0953125 0.0984375
0 0.865625 0.36875 0.09375 0.0984375
0 0.88203125 0.2921875 0.0890625 0.09375
0 0.95234375 0.315625 0.0875 0.0921875
0 0.93515625 0.39375 0.0875 0.09375
0 0.9109375 0.47734375 0.0890625 0.096875
0 0.88828125 0.56484375 0.090625 0.103125
0 0.8671875 0.65078125 0.090625 0.103125
0 0.84296875 0.74453125 0.09375 0.1109375
0 0.81796875 0.84296875 0.0984375 0.1125
0 0.79140625 0.94140625 0.103125 0.1140625