0 0.42890625 0.20234375 0.11015625 0.1328125
0 0.546875 0.20234375 0.11328125 0.10859375
0 0.54453125 0.33515625 0.11484375 0.109375
0 0.4296875 0.32578125 0.115625 0.1140625
0 0.4265625 0.4609375 0.115625 0.11953125
0 0.540625 0.46484375 0.1046875 0.11484375
0 0.4296875 0.5828125 0.1140625 0.1171875
0 0.5390625 0.5828125 0.1046875 0.1171875
0 0.428125 0.70078125 0.109375 0.10546875
0 0.53828125 0.81171875 0.103125 0.1046875
0 0.43046875 0.80625 0.11015625 0.09453125
0 0.53984375 0.6984375 0.10625 0.10625
0 0.6546875 0.44765625 0.1140625 0.1296875
0 0.65234375 0.58046875 0.11328125 0.1171875
0 0.64921875 0.70234375 0.11015625 0.10234375
0 0.64296875 0.81640625 0.10703125 0.10234375
0 0.28125 0.32890625 0.1203125 0.1265625
0 0.28671875 0.4671875 0.1203125 0.1265625
0 0.2890625 0.59453125 0.11875 0.10859375
0 0.29453125 0.71484375 0.11875 0.10859375
0 0.3 0.8328125 0.11328125 0.096875
0 0.17109375 0.475 0.115625 0.1109375
0 0.178125 0.5890625 0.11640625 0.115625
0 0.178125 0.71328125 0.11640625 0.1109375
0 0.19140625 0.8265625 0.1171875 0.109375
0 0.71550711875 0.426879540625 0.8335129968749999 0.43058185 0.8390663406250001 0.3108750171875 0.7127305515625 0.3121091359375 0.71550711875 0.426879540625
0 0.71765406875 0.43518517343749996 0.6995415953124999 0.8686839656249999 0.7974171015625 0.8674497999999999 0.8231007124999999 0.42564546875 0.71765406875 0.43518517343749996
0 0.80921766875 0.9550702984375 0.8096679578125 0.8765431984375001 0.6967650296875 0.8723861812499999 0.6946825515625 0.9501339171875 0.80921766875 0.9550702984375
0 0.0956291609375 0.28372501875 0.1060414453125 0.3972613515625 0.2171058 0.38862275468749996 0.20808190624999998 0.259043209375 0.0956291609375 0.28372501875
0 0.10133462499999998 0.13888887656249999 0.1102064 0.259043209375 0.214329234375 0.25287275625 0.2094701890625 0.13316601875 0.10133462499999998 0.13888887656249999
0 0.011056846875 0.524691346875 0.0213548953125 0.6527181343749999 0.12339525 0.642845371875 0.11853620625000001 0.52437270625 0.011056846875 0.524691346875
0 0.011056846875 0.6450617171874999 0.027602328125 0.765020346875 0.125477728125 0.76625441875 0.1199244890625 0.65148396875 0.011056846875 0.6450617171874999
0 0.023209625 0.7654320875 0.0352379390625 0.8884293937500001 0.1358900109375 0.8822589421875 0.12756020625 0.77612718125 0.023209625 0.7654320875