0 0.5078125 0.80546875 0.13828125 0.1171875
0 0.64453125 0.8046875 0.13125 0.11953125
0 0.6390625 0.7015625 0.12890625 0.090625
0 0.62890625 0.6203125 0.13046875 0.09296875
0 0.49765625 0.7046875 0.13984375 0.0953125
0 0.49609375 0.6125 0.134375 0.0875
0 0.4953125 0.5359375 0.1328125 0.090625
0 0.62734375 0.53359375 0.12734375 0.08515625
0 0.49375 0.44453125 0.12890625 0.0828125
0 0.6203125 0.4515625 0.125 0.0828125
0 0.49453125 0.36015625 0.1234375 0.090625
0 0.62421875 0.36640625 0.1203125 0.0875
0 0.6203125 0.2859375 0.11953125 0.0828125
0 0.496875 0.28046875 0.12734375 0.078125
0 0.35234375 0.1796875 0.12890625 0.08046875
0 0.21328125 0.2453125 0.1375 0.08515625
0 0.16484375 0.803125 0.15234375 0.1078125
0 0.31796875 0.8109375 0.13984375 0.10234375
0 0.32578125 0.70703125 0.15078125 0.11015625
0 0.17109375 0.7015625 0.15078125 0.090625
0 0.1796875 0.5984375 0.13828125 0.0875
0 0.190625 0.5078125 0.146875 0.09765625
0 0.20234375 0.42265625 0.1484375 0.09296875
0 0.203125 0.3234375 0.13046875 0.090625
0 0.33515625 0.609375 0.14375 0.1
0 0.34140625 0.51875 0.14296875 0.0953125
0 0.34453125 0.425 0.1328125 0.10234375
0 0.34921875 0.334375 0.134375 0.0828125
0 0.35078125 0.25390625 0.13125 0.0875