0 0.88984375 0.2359375 0.1109375 0.121875
0 0.9296875 0.34140625 0.1140625 0.1234375
0 0.95390625 0.4453125 0.0921875 0.128125
0 0.97109375 0.54765625 0.0578125 0.1203125
0 0.9875 0.6453125 0.025 0.125
0 0.94375 0.67578125 0.1125 0.115625
0 0.91171875 0.57890625 0.1234375 0.1203125
0 0.875 0.4765625 0.1234375 0.125
0 0.83828125 0.375 0.1296875 0.1359375
0 0.8 0.26796875 0.1328125 0.1375
0 0.7015625 0.3046875 0.1296875 0.134375
0 0.7421875 0.409375 0.1265625 0.128125
0 0.78125 0.51328125 0.121875 0.1265625
0 0.81875 0.6109375 0.1203125 0.1109375
0 0.85 0.70546875 0.1140625 0.11875
0 0.6515625 0.1375 0.0859375 0.053125
0 0.6609375 0.16875 0.0859375 0.0484375
0 0.67109375 0.2 0.0890625 0.053125
0 0.68203125 0.23125 0.0921875 0.0578125
0 0.753125 0.1671875 0.0890625 0.05625
0 0.76328125 0.19765625 0.084375 0.05
0 0.409375 0.315625 0.140625 0.146875
0 0.4515625 0.42890625 0.134375 0.1375
0 0.4984375 0.53359375 0.1328125 0.1359375
0 0.540625 0.640625 0.1328125 0.1359375
0 0.5796875 0.740625 0.128125 0.125
0 0.61796875 0.83515625 0.125 0.1234375
0 0.525 0.871875 0.1234375 0.1265625
0 0.4828125 0.77265625 0.1234375 0.1234375
0 0.43984375 0.675 0.1296875 0.13125
0 0.4 0.56875 0.13125 0.134375
0 0.353125 0.46484375 0.1359375 0.1375
0 0.3046875 0.3515625 0.1453125 0.1546875
0 0.2078125 0.39296875 0.1390625 0.1484375
0 0.25625 0.5046875 0.128125 0.1359375
0 0.30234375 0.609375 0.1296875 0.13125
0 0.34453125 0.7140625 0.1296875 0.1359375
0 0.390625 0.8140625 0.1234375 0.1234375
0 0.43203125 0.9078125 0.1234375 0.121875
0 0.33828125 0.90703125 0.10625 0.1609375
0 0.2640625 0.74921875 0.1171875 0.1796875
0 0.1875 0.58671875 0.1125 0.18125
0 0.0359375 0.44921875 0.071875 0.1484375
0 0.0671875 0.5640625 0.13125 0.134375
0 0.0473802296875 0.6400232203125 0.0957721953125 0.7384797937500001 0.18794103906249998 0.698140484375 0.14264349375000002 0.6004796765625 0.14149369375 0.5989374421875 0.0473802296875 0.6400232203125
0 0.1005257265625 0.7435976906249999 0.145337115625 0.8414451171874999 0.23526305 0.800974978125 0.19026379375 0.70419146875 0.1005257265625 0.7435976906249999
0 0.14765987187500001 0.8474961000000001 0.19295741718749998 0.9451569093750001 0.28335912812499997 0.907479540625 0.238702071875 0.8085810703125 0.14765987187500001 0.8474961000000001
0 0.3230694703125 1 0.2867119828125 0.916110509375 0.2851957296875 0.9137171421874999 0.192316928125 0.9463945703125001 0.217507128125 1 0.3230694703125 1
0 0.141756540625 0.8408359671875001 0.10280485937499999 0.8604853359375 0.14134709843749999 0.9608913015624999 0.1875815328125 0.9412697109374999 0.141756540625 0.8408359671875001
0 0.21638813125 1 0.19083530625 0.9439879078125 0.142694059375 0.9644002546875001 0.1563595203125 1 0.21638813125 1
0 0.0930022078125 0.7355758875 0.0606509265625 0.7506705874999999 0.10082054375 0.85531601875 0.14188771718749998 0.8368184109374999 0.0930022078125 0.7355758875
0 0.0393547875 0.6321940875000001 0.0197457453125 0.6441089484375 0.0602539890625 0.74963653125 0.0887574796875 0.7332380828125 0.0393547875 0.6321940875000001
0 0 0.592669521875 0.017720459375 0.638832896875 0.0347787453125 0.6289916609375 0 0.56009629375 0 0.592669521875