0 0.60078125 0.38046875 0.175 0.221875
0 0.52890625 0.55390625 0.178125 0.2078125
0 0.55703125 0.8578125 0.1890625 0.2125
0 0.61875 0.68203125 0.18125 0.215625
0 0.69375 0.50625 0.1890625 0.23125
0 0.31015625 0.65859375 0.3046875 0.40625
0 0.2140625 0.4109375 0.159375 0.128125
0 0.1890625 0.49609375 0.1546875 0.121875
0 0.1578125 0.57421875 0.153125 0.1234375
0 0.12578125 0.65703125 0.1546875 0.125
0 0.096875 0.73125 0.15625 0.125
0 0.88359375 0.51953125 0.1421875 0.153125
0 0.83359375 0.6265625 0.13125 0.1515625
0 0.78359375 0.7421875 0.13125 0.1390625
0 0.73828125 0.85078125 0.1328125 0.1359375
0 0.69453125 0.9390625 0.1390625 0.121875
0 0.9234375 0.6625 0.1265625 0.1359375
0 0.784375 0.9609375 0.125 0.078125
0 0.83515625 0.8796875 0.1265625 0.1328125
0 0.87421875 0.7828125 0.1296875 0.14375
0 0.02734375 0.6765625 0.0546875 0.175