0 0.3546875 0.77734375 0.128125 0.134375
0 0.39453125 0.67421875 0.1234375 0.128125
0 0.43046875 0.5734375 0.1171875 0.125
0 0.4640625 0.4734375 0.1125 0.121875
0 0.5 0.375 0.1140625 0.11875
0 0.5296875 0.284375 0.10625 0.1109375
0 0.5609375 0.1953125 0.10625 0.109375
0 0.5125 0.07421875 0.10625 0.1078125
0 0.4796875 0.165625 0.1078125 0.109375
0 0.4484375 0.25234375 0.1140625 0.1140625
0 0.41484375 0.34296875 0.1125 0.1140625
0 0.3796875 0.43828125 0.1125 0.1203125
0 0.34140625 0.53828125 0.11875 0.11875
0 0.303125 0.6390625 0.1234375 0.13125
0 0.26328125 0.7390625 0.125 0.13125
0 0.1703125 0.7078125 0.1265625 0.1359375
0 0.21328125 0.6015625 0.1234375 0.13125
0 0.253125 0.503125 0.1203125 0.128125
0 0.29140625 0.40546875 0.1203125 0.125
0 0.328125 0.3109375 0.1125 0.1140625
0 0.365625 0.221875 0.1125 0.1140625
0 0.3984375 0.13359375 0.1078125 0.109375
0 0.7109375 0.203125 0.096875 0.0984375
0 0.68671875 0.2859375 0.1 0.103125
0 0.66015625 0.36796875 0.096875 0.0984375
0 0.63359375 0.45234375 0.1015625 0.109375
0 0.60703125 0.54296875 0.1078125 0.1125
0 0.58125 0.63359375 0.1109375 0.1140625
0 0.54765625 0.73203125 0.109375 0.1203125
0 0.51640625 0.8328125 0.1109375 0.11875
0 0.59765625 0.86796875 0.1125 0.121875
0 0.62734375 0.76875 0.1046875 0.1140625
0 0.6578125 0.67578125 0.1015625 0.109375
0 0.68359375 0.58359375 0.103125 0.1171875
0 0.70625 0.49140625 0.09375 0.103125
0 0.73359375 0.40859375 0.0984375 0.109375
0 0.76015625 0.325 0.09375 0.1015625
0 0.77734375 0.24296875 0.09375 0.096875
0 0.84921875 0.26640625 0.0875 0.0921875
0 0.83046875 0.34921875 0.090625 0.096875
0 0.8046875 0.4328125 0.09375 0.1015625
0 0.7828125 0.5140625 0.0984375 0.10625
0 0.76171875 0.60390625 0.096875 0.1046875
0 0.73359375 0.7 0.109375 0.121875
0 0.71015625 0.79453125 0.1125 0.1234375
0 0.68515625 0.89296875 0.10625 0.115625
0 0.94296875 0.371875 0.1015625 0.0984375
0 0.9265625 0.465625 0.109375 0.1109375
0 0.9 0.55234375 0.109375 0.1125
0 0.875 0.64375 0.103125 0.1125
0 0.84921875 0.7375 0.1109375 0.121875
0 0.8296875 0.8359375 0.1125 0.1234375
0 1 0.26066941250000003 0.9513935 0.25483477187500003 0.9328793515625 0.32292117343750004 1 0.337799896875 1 0.26066941250000003
0 0.80234375 0.93125 0.09375 0.1046875