0 0.19609375 0.53515625 0.284375 0.259375
0 0.3015625 0.1953125 0.2296875 0.23125
0 0.36171875 0.3671875 0.2203125 0.228125
0 0.41875 0.5296875 0.2078125 0.2015625
0 0.578125 0.47265625 0.196875 0.1984375
0 0.203125 0.68984375 0.1296875 0.103125
0 0.31328125 0.65234375 0.11875 0.103125
0 0.47109375 0.68359375 0.2015625 0.196875
0 0.6234375 0.6265625 0.1953125 0.1921875
0 0.67109375 0.771875 0.1890625 0.1875
0 0.52109375 0.82421875 0.196875 0.1921875
0 0.3390625 0.7234375 0.1171875 0.1
0 0.3640625 0.7890625 0.1125 0.090625
0 0.38125 0.84375 0.1109375 0.084375
0 0.4015625 0.89453125 0.1109375 0.08125
0 0.2375 0.75859375 0.1265625 0.1
0 0.26015625 0.81796875 0.1234375 0.090625
0 0.2828125 0.88046875 0.125 0.1
0 0.30234375 0.93984375 0.1203125 0.090625
0 0.1296875 0.78828125 0.1109375 0.084375
0 0.153125 0.85390625 0.115625 0.0890625
0 0.1765625 0.91171875 0.11875 0.096875
0 0.20234375 0.9640625 0.1140625 0.071875
0 0.45859375 0.15546875 0.1734375 0.1859375
0 0.5 0.2953125 0.1609375 0.1671875