0 0.12734375 0.2515625 0.1125 0.1171875
0 0.1109375 0.371875 0.121875 0.121875
0 0.0953125 0.47890625 0.1296875 0.1203125
0 0.08984375 0.596875 0.1234375 0.1140625
0 0.09296875 0.7015625 0.11875 0.11875
0 0.0859375 0.8046875 0.115625 0.10625
0 0.190625 0.37421875 0.0484375 0.053125
0 0.2375 0.3828125 0.0484375 0.053125
0 0.18515625 0.4265625 0.05 0.0515625
0 0.23125 0.4359375 0.0484375 0.0578125
0 0.1796875 0.48203125 0.04375 0.0546875
0 0.225 0.4921875 0.05 0.0609375
0 0.1765625 0.53515625 0.0453125 0.0453125
0 0.22265625 0.5390625 0.046875 0.04375
0 0.171875 0.58515625 0.05 0.0484375
0 0.21640625 0.59375 0.0484375 0.0515625
0 0.1671875 0.6375 0.0515625 0.0484375
0 0.2171875 0.64140625 0.0484375 0.053125
0 0.20859375 0.69609375 0.05 0.04375
0 0.16875 0.68984375 0.04375 0.05
0 0.1671875 0.74296875 0.0453125 0.0453125
0 0.21015625 0.7421875 0.0546875 0.05625
0 0.1625 0.7828125 0.0484375 0.0515625
0 0.20625 0.78671875 0.0515625 0.053125
0 0.15703125 0.83515625 0.0515625 0.0484375
0 0.19921875 0.83984375 0.0484375 0.053125
0 0.28359375 0.70078125 0.153125 0.3328125
0 0.41953125 0.28359375 0.1109375 0.1296875
0 0.409375 0.39921875 0.1171875 0.115625
0 0.40234375 0.5171875 0.1140625 0.1109375
0 0.39765625 0.63046875 0.1078125 0.11875
0 0.3875 0.74296875 0.1078125 0.1046875
0 0.3765625 0.8453125 0.1125 0.1109375
0 0.528125 0.290625 0.1140625 0.1171875
0 0.5171875 0.41328125 0.109375 0.121875
0 0.51015625 0.528125 0.1171875 0.1109375
0 0.5015625 0.634375 0.1109375 0.0984375
0 0.49140625 0.740625 0.1015625 0.109375
0 0.478125 0.84453125 0.1078125 0.1125
0 0.634375 0.29609375 0.115625 0.1296875
0 0.61953125 0.41484375 0.121875 0.1234375
0 0.6140625 0.528125 0.1171875 0.11875
0 0.603125 0.64453125 0.1078125 0.1140625
0 0.5875 0.7546875 0.109375 0.1203125
0 0.57421875 0.8609375 0.103125 0.0984375
0 0.7140625 0.49375 0.0890625 0.1828125
0 0.69765625 0.671875 0.0796875 0.165625
0 0.6765625 0.83359375 0.078125 0.15625
0 0.83125 0.334375 0.115625 0.1296875
0 0.9359375 0.35 0.1125 0.1296875
0 0.8203125 0.4515625 0.1203125 0.1296875
0 0.9203125 0.45703125 0.10625 0.1046875
0 0.7984375 0.5609375 0.1140625 0.10625
0 0.903125 0.57109375 0.103125 0.1125
0 0.78359375 0.66640625 0.10625 0.1140625
0 0.88125 0.68203125 0.1015625 0.115625
0 0.7671875 0.77265625 0.10625 0.1078125
0 0.86328125 0.784375 0.1 0.10625
0 0.75859375 0.86796875 0.103125 0.1125
0 0.846875 0.884375 0.096875 0.1046875