0 0.747438928125 0.4893150234375 0.695519528125 0.32975431093749996 0.505687459375 0.4004897859375 0.55811385625 0.5560340328125 0.747438928125 0.4893150234375
0 0.6149520796875 0.67329563125 0.5943202109375 0.6216839796875 0.5083264234375 0.6590047234374999 0.5277564734375 0.709411503125 0.6149520796875 0.67329563125
0 0.609644959375 0.6807013984375 0.5289407453125 0.7177391937500001 0.530494396875 0.719910728125 0.5500531 0.7757449109375 0.6330917796875 0.7400470718750001 0.609644959375 0.6807013984375
0 0.6513575953124999 0.7936147124999999 0.6337639765625 0.74527664375 0.5493995468749999 0.7820043 0.5661761249999999 0.8268078640625 0.6513575953124999 0.7936147124999999
0 0.6646026093749999 0.8435355421875 0.64876834375 0.8000312546874999 0.5665293421875 0.831606053125 0.5807315421875 0.8718724812499999 0.6646026093749999 0.8435355421875
0 0.6861532796875001 0.591543975 0.6666400859375 0.536240709375 0.5772295609375 0.566593796875 0.5989891609375 0.6243639375 0.6861532796875001 0.591543975
0 0.7045793 0.6472429890625 0.6880727875 0.598509146875 0.602900265625 0.629509409375 0.622244321875 0.6848742375 0.7045793 0.6472429890625
0 0.7239322703125 0.7004148390625 0.7052830343750001 0.6491764828125001 0.6194062859375 0.6875494468750001 0.6390711140625001 0.737870771875 0.7239322703125 0.7004148390625
0 0.7406959734375 0.7600033359375 0.7227820421875 0.7074024859375 0.6367759921875 0.7403483765625001 0.65372363125 0.7916586796875 0.7406959734375 0.7600033359375
0 0.7589303171874999 0.8168669296875001 0.7413682203125 0.765232890625 0.65433763125 0.8012887 0.6708707875 0.848917978125 0.7589303171874999 0.8168669296875001
0 0.775460103125 0.5612286328125 0.7598806375 0.5099677406249999 0.6785689578125 0.5379205203125 0.6925475718749999 0.5837424625 0.6932513218749999 0.5856760000000001 0.775460103125 0.5612286328125
0 0.791328378125 0.6200481734375 0.77648425 0.567424871875 0.694259271875 0.59625745 0.708736159375 0.6468247828125 0.791328378125 0.6200481734375
0 0.8074199156249999 0.6744071843749999 0.7909450578125 0.6223774234375 0.7137882 0.6499127390624999 0.728472615625 0.6976675218749999 0.8074199156249999 0.6744071843749999
0 0.8145569796875 0.721076996875 0.80303979375 0.67928591875 0.727031396875 0.709140346875 0.7391598515625 0.750708940625 0.8145569796875 0.721076996875
0 0.8301364437500001 0.7723378890625 0.81286320625 0.7282624796875 0.7411862671875 0.7581826328125 0.7563700984375 0.8013762765625 0.8301364437500001 0.7723378890625
0 0.790015975 0.0402643140625 0.653226203125 0.088956878125 0.6539060078125 0.0919939484375 0.6987804265625 0.23441182968750002 0.8317336125000001 0.1904001421875 0.790015975 0.0402643140625
0 0.8743782390625 0.3380089171875 0.832757759375 0.1965963828125 0.7017446765625001 0.24373381093750002 0.742703903125 0.380460271875 0.8743782390625 0.3380089171875
0 0.9033994406250001 0.47524853125 0.8623879999999999 0.3456575046875 0.7431056875000001 0.3929046 0.7825020234375 0.5236309078125 0.9033994406250001 0.47524853125
0 0.9330272265625 0.6056983687499999 0.897580246875 0.4795561765625 0.7761657 0.5319587046875001 0.8108509453125 0.6556410296874999 0.9330272265625 0.6056983687499999
0 0.8114329171874999 0.66692495625 0.8448904718750001 0.7779161265625001 0.96773896875 0.7332029296875 0.9311732640624999 0.6107525218750001 0.8088053203125 0.661859809375 0.8126759078125 0.6724941609374999 0.8114329171874999 0.66692495625
0 0.4015625 0.49296875 0.134375 0.19375
0 0.48671875 0.73515625 0.1296875 0.178125
0 0.2875 0.48203125 0.10625 0.05
0 0.2921875 0.4984375 0.1046875 0.05
0 0.29765625 0.515625 0.1046875 0.0515625
0 0.30546875 0.53125 0.1046875 0.0484375
0 0.3125 0.5484375 0.1078125 0.0515625
0 0.31796875 0.5640625 0.10625 0.0515625
0 0.325 0.57890625 0.103125 0.046875
0 0.33046875 0.59375 0.1046875 0.0484375
0 0.33671875 0.60859375 0.1046875 0.0515625
0 0.34375 0.62421875 0.1015625 0.0453125
0 0.3456502078125 0.702156496875 0.3207004515625 0.6426279015625 0.25092291875 0.6745938453125 0.273642396875 0.7298249515624999 0.3456502078125 0.702156496875
0 0.363201778125 0.7548892359375 0.34236773125000003 0.7055408859375001 0.2721952140625 0.7347310140625 0.292643515625 0.782030096875 0.363201778125 0.7548892359375
0 0.381449459375 0.816857184375 0.3594635046875 0.7620889421875 0.2920600203125 0.7910011375 0.31404587031250003 0.8413900859375 0.381449459375 0.816857184375
0 0.41588048281249995 0.6780545234375001 0.39370201875 0.6182471703125 0.3252640703125 0.6453462140624999 0.34834911874999996 0.7033638390625 0.41588048281249995 0.6780545234375001
0 0.43643793437499995 0.7311530296875 0.417287971875 0.68192156875 0.34922339375 0.7077898828125 0.3686509328125 0.7580151468749999 0.43643793437499995 0.7311530296875
0 0.454586465625 0.7843983375 0.43639590625 0.7355476609375 0.368736328125 0.76309324375 0.3875242578125 0.8109966500000001 0.454586465625 0.7843983375
0 0.1314965515625 0.438286025 0.0961825125 0.3501409296875 0.011783529687499999 0.3742906359375 0.0481125921875 0.462887425 0.1314965515625 0.438286025
0 0.1710803390625 0.5330882953125 0.1356225546875 0.44581666875000003 0.050037678125 0.473682490625 0.085370440625 0.560178546875 0.1710803390625 0.5330882953125
0 0.2031565640625 0.61994848125 0.1718247328125 0.5402074796874999 0.0869603125 0.56370548125 0.1200365125 0.6452749578125 0.2031565640625 0.61994848125
0 0.233986065625 0.7097258140625 0.2021501109375 0.6260626984375001 0.1214358296875 0.6546191453125 0.1527370296875 0.7376558203125 0.233986065625 0.7097258140625
0 0.2666373984375 0.79309223125 0.232355321875 0.7103193578125 0.1532842953125 0.7440256062499999 0.1872356765625 0.8260976921875001 0.2666373984375 0.79309223125
0 0.29959993749999997 0.8722397031250001 0.2657984046875 0.7958609734375 0.1877958 0.8312311125 0.2172006765625 0.9071573296875 0.29959993749999997 0.8722397031250001