0 0.41953125 0.165625 0.203125 0.21875
0 0.45 0.346875 0.19375 0.1890625
0 0.47109375 0.51328125 0.1875 0.1875
0 0.4921875 0.6671875 0.178125 0.165625
0 0.51328125 0.8140625 0.175 0.1671875
0 0.67265625 0.78828125 0.16875 0.1625
0 0.653125 0.63984375 0.184375 0.165625
0 0.6359375 0.4875 0.1796875 0.1828125
0 0.2609375 0.478125 0.2625 0.2328125
0 0.518728265625 0.2277976921875 0.6391522328125 0.2150255859375 0.621279834375 0.068683609375 0.498078509375 0.08006501875000001 0.518728265625 0.2277976921875
0 0.6535262390625001 0.35352253437500003 0.6365576 0.21830371875000001 0.5203133765625 0.2331594515625 0.5398993890625 0.3688569640625 0.6535262390625001 0.35352253437500003
0 0.2926852125 0.589206940625 0.30429223437499997 0.6520347875 0.40519812968749996 0.6455248734375 0.3938582578125 0.5807695015625 0.2926852125 0.589206940625
0 0.41576130312500004 0.708478003125 0.4046548234375 0.648441303125 0.30323609375 0.65504164375 0.314360759375 0.7151339125 0.41576130312500004 0.708478003125
0 0.3163511359375 0.720424215625 0.3302007421875 0.7809762140625 0.4254107140625 0.77170980625 0.416101059375 0.710357290625 0.3163511359375 0.720424215625
0 0.32571556875 0.7855279109375 0.33693165937499997 0.8371421703124999 0.430397296875 0.824422496875 0.4220974078125 0.7713538203125 0.32571556875 0.7855279109375
0 0.33690118281250003 0.8399681734375 0.347734753125 0.895410721875 0.44123086406249995 0.8798650453124999 0.4310404375 0.8280699328125 0.33690118281250003 0.8399681734375
0 0.22661194375 0.8622357718749999 0.2396576234375 0.9182284765625001 0.3445968140625 0.9016052859375 0.33308627031250004 0.8509831546875001 0.22661194375 0.8622357718749999
0 0.2170562484375 0.7990462218750001 0.232253090625 0.8612410859375 0.3363274015625 0.8457106062499999 0.3237221921875 0.785879396875 0.2170562484375 0.7990462218750001
0 0.2062836296875 0.737951665625 0.22183251718750002 0.799144246875 0.32375566875 0.7774116046875 0.3108288 0.7157566921875 0.2062836296875 0.737951665625
0 0.1958630578125 0.6758548265625001 0.210225496875 0.7363164 0.3117966015625 0.71558604375 0.299191125 0.6557548796875 0.1958630578125 0.6758548265625001
0 0.177902390625 0.6009843609375001 0.19252545000000001 0.6689216578125 0.2974341640625 0.6551244703125 0.2840547 0.587908103125 0.177902390625 0.6009843609375001
0 0.20313081249999998 0.729076815625 0.1882924890625 0.6659072046875 0.087103903125 0.6828092703124999 0.10265279062499999 0.7440018515625 0.20313081249999998 0.729076815625
0 0.0976243109375 0.7514699765625 0.11468121718749999 0.81521728125 0.2123104546875 0.79612219375 0.1995169859375 0.7325633390624999 0.0976243109375 0.7514699765625
0 0.1161892359375 0.8177720078125 0.130742934375 0.8763194359375 0.2274166421875 0.8545722031249999 0.2141705203125 0.7976746328125001 0.1161892359375 0.8177720078125
0 0.13106450625 0.878143153125 0.14446223125 0.9331335718749999 0.2357854421875 0.917030825 0.22356542968749998 0.8599523250000001 0.13106450625 0.878143153125
0 0.138205565625 0.1980851515625 0.153062615625 0.262187696875 0.22704065624999997 0.2529042125 0.21360404531250002 0.185697921875 0.138205565625 0.1980851515625
0 0.086784425 0.570040425 0.129671009375 0.5643587828125 0.127741584375 0.5534164734375 0.15338315625 0.5488951734375 0.12066912187500001 0.40234954843750004 0.1261105984375 0.3882271328125 0.121608609375 0.362695078125 0.041116501562500005 0.376888009375 0.086784425 0.570040425
0 0 0.442599378125 0.028306915625 0.4393201140625 0.025783331250000003 0.421901103125 0 0.4280214078125 0 0.442599378125
0 0 0.45995363593749994 0.033784071875 0.4552781203125 0.030166981250000002 0.4408725546875 0 0.44502285468749997 0 0.45995363593749994
0 0 0.47862117968750006 0.0369997796875 0.47351530156250005 0.03187466875 0.45655501093749995 0 0.46153540312499997 0 0.47862117968750006
0 0 0.4970603515625 0.0422366046875 0.49421673281249995 0.0371417 0.47443048593750003 0 0.48097957031250005 0 0.4970603515625
0 0 0.5150380703125 0.0458157015625 0.508629 0.047343207812499996 0.5111802890625 0.0420566875 0.49330824843750004 0 0.49836217187500004 0 0.5150380703125
0 0 0.536395096875 0.0517868265625 0.52449990625 0.051806671875 0.52449640625 0.0481885984375 0.5100910125 0 0.5177159421875001 0 0.536395096875
0 0 0.5437443328125 0.0014862796875000001 0.5521734453125 0.05758698125 0.542281378125 0.052621228124999996 0.5262331984374999 0 0.5346042890625 0 0.5437443328125
0 0.05721464375 0.543287240625 0.001647065625 0.5530853046875001 0.0047019875 0.570410625 0.06285437187500001 0.560156790625 0.05721464375 0.543287240625
0 0.061808062500000004 0.560341284375 0.0047019875 0.570410625 0.007276775000000001 0.5850129749999999 0.06763940625 0.575296628125 0.061808062500000004 0.560341284375
0 0.0676184015625 0.57530033125 0.007592578125000001 0.5868039859375 0.01067010625 0.6042575140625 0.0725029125 0.597004096875 0.0676184015625 0.57530033125
0 0.043340168750000005 0.7895386453125 0.0846290796875 0.7857285203125 0.05269690312500001 0.6616100687500001 0.0716937359375 0.6403964281250001 0.0636821859375 0.609841946875 0.0648798 0.60775035625 0.011672129687500001 0.6099402671874999 0.043340168750000005 0.7895386453125
0 0.0863998109375 0.6848138421875001 0.109238675 0.65540106875 0.054878539062499995 0.664986228125 0.09570235625 0.836427753125 0.11857054062500001 0.8342758953124999 0.0967594328125 0.7525626875 0.10130555625 0.742358984375 0.0863998109375 0.6848138421875001