0 0.13203125 0.13515625 0.1 0.0875
0 0.059375 0.24453125 0.1 0.0890625
0 0.0625 0.34140625 0.1 0.0921875
0 0.0671875 0.43828125 0.0984375 0.0984375
0 0.07578125 0.5359375 0.0984375 0.1078125
0 0.084375 0.646875 0.103125 0.1203125
0 0.08984375 0.75859375 0.0984375 0.1046875
0 0.09921875 0.8765625 0.1015625 0.10625
0 0.14765625 0.23046875 0.078125 0.0828125
0 0.15390625 0.33125 0.0921875 0.084375
0 0.16328125 0.428125 0.0921875 0.09375
0 0.17578125 0.5296875 0.0953125 0.09375
0 0.184375 0.63671875 0.1015625 0.1046875
0 0.19296875 0.74453125 0.10625 0.1015625
0 0.20078125 0.85625 0.10625 0.1125
0 0.23203125 0.221875 0.09375 0.1046875
0 0.24375 0.3203125 0.0953125 0.0890625
0 0.25625 0.415625 0.0984375 0.0953125
0 0.2703125 0.51484375 0.090625 0.1
0 0.27890625 0.62265625 0.0984375 0.1109375
0 0.29296875 0.728125 0.096875 0.1078125
0 0.30625 0.8421875 0.090625 0.1125
0 0.38359375 0.159375 0.0890625 0.0859375
0 0.396875 0.2484375 0.090625 0.08125
0 0.409375 0.32890625 0.0859375 0.0828125
0 0.42109375 0.4171875 0.090625 0.090625
0 0.43671875 0.509375 0.0890625 0.0875
0 0.45 0.60546875 0.096875 0.1015625
0 0.465625 0.7109375 0.1 0.1140625
0 0.48046875 0.81640625 0.1015625 0.1078125
0 0.46875 0.1625 0.08125 0.0765625
0 0.47890625 0.2390625 0.090625 0.0921875
0 0.4953125 0.33125 0.090625 0.0921875
0 0.5078125 0.4203125 0.09375 0.0953125
0 0.52421875 0.51015625 0.09375 0.09375
0 0.53984375 0.59921875 0.0921875 0.0890625
0 0.55703125 0.70078125 0.0953125 0.109375
0 0.57109375 0.8078125 0.0984375 0.1046875
0 0.546875 0.15 0.0828125 0.0796875
0 0.55859375 0.22578125 0.0828125 0.0703125
0 0.5765625 0.31796875 0.084375 0.0875
0 0.59140625 0.403125 0.084375 0.084375
0 0.60859375 0.49453125 0.084375 0.1
0 0.62734375 0.5921875 0.0859375 0.090625
0 0.64453125 0.6875 0.09375 0.096875
0 0.66640625 0.79140625 0.096875 0.1046875
0 0.675 0.109375 0.103125 0.0828125
0 0.66640625 0.20078125 0.0921875 0.0828125
0 0.6875 0.2859375 0.0984375 0.071875
0 0.7 0.37890625 0.0921875 0.0875
0 0.71875 0.471875 0.090625 0.08125
0 0.7375 0.56953125 0.090625 0.0796875
0 0.7625 0.671875 0.096875 0.0953125
0 0.78046875 0.7671875 0.09375 0.0953125
0 0.75 0.190625 0.078125 0.0921875
0 0.771875 0.2765625 0.078125 0.0796875
0 0.79765625 0.36171875 0.0859375 0.0859375
0 0.8171875 0.459375 0.084375 0.0796875
0 0.834375 0.553125 0.0921875 0.1046875
0 0.8578125 0.6578125 0.084375 0.096875
0 0.8734375 0.75859375 0.09375 0.1109375
0 0.78984375 0.128125 0.003125 0.0015625
0 0.825 0.1734375 0.090625 0.0875
0 0.85 0.2609375 0.0796875 0.09375
0 0.878125 0.35390625 0.0765625 0.090625
0 0.89453125 0.440625 0.078125 0.084375
0 0.921875 0.53828125 0.084375 0.0890625
0 0.9484375 0.63984375 0.0828125 0.0953125
0 0.9640625 0.74375 0.071875 0.1