0 0.68359375 0.80703125 0.1359375 0.11953125
0 0.82421875 0.80234375 0.13671875 0.11484375
0 0.66484375 0.70703125 0.134375 0.0953125
0 0.815625 0.70546875 0.1296875 0.09765625
0 0.65859375 0.61015625 0.134375 0.09296875
0 0.7953125 0.6078125 0.1328125 0.09765625
0 0.65390625 0.51640625 0.125 0.08515625
0 0.65234375 0.4359375 0.1328125 0.0953125
0 0.65234375 0.35546875 0.125 0.08046875
0 0.65390625 0.27734375 0.11328125 0.08515625
0 0.78125 0.2796875 0.11875 0.07578125
0 0.78125 0.3578125 0.121875 0.090625
0 0.78359375 0.43828125 0.1203125 0.08515625
0 0.7875 0.5140625 0.12890625 0.090625
0 0.5140625 0.17421875 0.1234375 0.07578125
0 0.50078125 0.79921875 0.14375 0.1046875
0 0.34921875 0.80546875 0.15078125 0.09765625
0 0.3515625 0.696875 0.1546875 0.1
0 0.50625 0.70546875 0.14765625 0.0828125
0 0.51171875 0.603125 0.14140625 0.0875
0 0.35859375 0.60390625 0.1453125 0.090625
0 0.36953125 0.51015625 0.146875 0.10234375
0 0.3703125 0.42265625 0.13828125 0.1078125
0 0.37578125 0.334375 0.14140625 0.09296875
0 0.37578125 0.25390625 0.1328125 0.09765625
0 0.51328125 0.25390625 0.13046875 0.09296875
0 0.515625 0.33828125 0.134375 0.090625
0 0.51171875 0.4234375 0.13125 0.08515625
0 0.50859375 0.509375 0.13125 0.08515625