0 0.47421875 0.628125 0.07578125 0.2
0 0.61328125 0.18671875 0.128125 0.1328125
0 0.73984375 0.1890625 0.12109375 0.14296875
0 0.8640625 0.1890625 0.1203125 0.15
0 0.85546875 0.33046875 0.11640625 0.14140625
0 0.846875 0.47421875 0.10859375 0.13984375
0 0.73671875 0.33671875 0.11484375 0.13046875
0 0.60625 0.3328125 0.12734375 0.134375
0 0.60390625 0.4640625 0.12265625 0.13203125
0 0.7296875 0.47265625 0.1140625 0.13046875
0 0.596875 0.59921875 0.1265625 0.1296875
0 0.71796875 0.6 0.1078125 0.1203125
0 0.83828125 0.6046875 0.1046875 0.10390625
0 0.59765625 0.7296875 0.12421875 0.11328125
0 0.71484375 0.7296875 0.1125 0.1375
0 0.825 0.73125 0.08984375 0.1359375
0 0.5921875 0.85546875 0.1140625 0.11796875
0 0.7140625 0.8546875 0.1140625 0.12890625
0 0.81875 0.8546875 0.08671875 0.09921875
0 0.3765625 0.84609375 0.1125 0.10546875
0 0.375 0.715625 0.11640625 0.12890625
0 0.37421875 0.59140625 0.121875 0.1203125
0 0.36953125 0.4578125 0.1296875 0.13125
0 0.3640625 0.3125 0.1328125 0.14453125
0 0.25546875 0.7296875 0.12734375 0.11328125
0 0.2546875 0.84609375 0.11953125 0.1171875
0 0.25703125 0.603125 0.12734375 0.11953125
0 0.2453125 0.4625 0.13515625 0.14765625
0 0.23125 0.32421875 0.1375 0.1359375
0 0.23515625 0.16875 0.13515625 0.140625
0 0.1171875 0.75625 0.15 0.09375
0 0.121875 0.8484375 0.15625 0.0796875
0 0.019272417187499998 0.6045885875 0.040096984375 0.7033158234375 0.1983637125 0.7008475875 0.19003390625 0.595949896875 0.019272417187499998 0.6045885875
0 0.0180012921875 0.4938271484375 0.026908134374999997 0.594715825 0.1941988625 0.598418134375 0.18378657812500002 0.504627278125 0.0180012921875 0.4938271484375
0 0.009554328125 0.38862275468749996 0.017884134375 0.4873499921875 0.18378657812500002 0.49352044375000004 0.174762578125 0.37628185 0.009554328125 0.38862275468749996
0 0.0023762921875 0.26851850625 0.0109426109375 0.384920446875 0.1705976234375 0.38121823125 0.165044384375 0.2701501359375 0.0023762921875 0.26851850625