0 0.4796875 0.37734375 0.08828125 0.0921875
0 0.5703125 0.3796875 0.084375 0.09375
0 0.56953125 0.2796875 0.08125 0.08984375
0 0.57265625 0.48046875 0.0875 0.09453125
0 0.48046875 0.47890625 0.08828125 0.0984375
0 0.38515625 0.4796875 0.09140625 0.09453125
0 0.3890625 0.28203125 0.08203125 0.08828125
0 0.3859375 0.8125 0.09453125 0.1046875
0 0.38671875 0.37890625 0.08828125 0.09140625
0 0.3859375 0.5859375 0.0921875 0.1
0 0.57890625 0.584375 0.0875 0.09921875
0 0.38671875 0.69921875 0.09375 0.10390625
0 0.48359375 0.584375 0.0921875 0.1
0 0.48515625 0.815625 0.09375 0.10625
0 0.390625 0.190625 0.0828125 0.084375
0 0.484375 0.6984375 0.0890625 0.10546875
0 0.47890625 0.28046875 0.08984375 0.090625
0 0.56484375 0.18828125 0.07890625 0.08359375
0 0.47734375 0.18828125 0.08046875 0.0828125
0 0.5796875 0.69765625 0.08515625 0.1015625
0 0.584375 0.81171875 0.09453125 0.1078125