0 0.8029050234374999 0.48713905 0.801413990625 0.48421200000000003 0.6889247765625 0.45609262968750003 0.6852222890624999 0.4561115625 0.6826443140625 0.4614868671875 0.664774784375 0.5239310328125 0.6656087109375 0.52718751875 0.6835523265625 0.534523025 0.78043549375 0.562504815625 0.7839989953125001 0.561943134375 0.801047209375 0.497256875 0.8029050234374999 0.48713905
0 0.7679944640625 0.7426699109375 0.6460028453125 0.7054328015625 0.64389254375 0.705878359375 0.6426035546875 0.7085660109374999 0.6281335796875 0.7572614125 0.618617509375 0.7895914984375 0.6198305656249999 0.7914330546875 0.7452088625 0.8245225609375 0.7492904796875 0.8230886984374999 0.7513377265625001 0.817571184375 0.7685756375 0.7468696828125 0.7679944640625 0.7426699109375
0 0.6095179765625 0.834165340625 0.595603953125 0.88503173125 0.5966906328125 0.8873449296875 0.7153715015625 0.9242004312500001 0.718808625 0.9241103953125 0.7289179546875 0.9182255796875 0.7503769984375 0.825401853125 0.621978540625 0.7940306265625 0.6204115765625 0.7956327828124999 0.6095179765625 0.834165340625
0 0.6633454953125 0.5366912109374999 0.6625115687500001 0.533434725 0.5402671984375 0.49714090312500003 0.53818211875 0.49961524375 0.5328490828125 0.5173954859375 0.5161169421875 0.5755948609375 0.517342609375 0.57845080625 0.6337111328125 0.6101371640625 0.641267709375 0.6116564375 0.64428786875 0.6099381562499999 0.6623470953124999 0.54147875 0.6633454953125 0.5366912109374999
0 0.5081172281249999 0.6022651828125001 0.49256030937500006 0.6592629375 0.49301510625 0.6639343546875 0.6214387859375 0.6973343640625 0.62300575 0.69573220625 0.6456901953124999 0.6163799796875 0.645109021875 0.6121802078125 0.5172034609375 0.577908015625 0.514461275 0.580711790625 0.5081172281249999 0.6022651828125001
0 0.5952045375 0.23585507031250003 0.5945095984375001 0.2331413328125 0.4774335234375 0.1977268453125 0.47279595468749996 0.19698971875 0.4708372515625 0.198992415625 0.4489113265625 0.2648992265625 0.44802669218749996 0.26820073125 0.4491133703125 0.2705139296875 0.5702836734375001 0.30550894375 0.5743779015625 0.305089471875 0.57775196875 0.299927478125 0.5952045375 0.23585507031250003
0 0.5514515156249999 0.39701451875 0.5504912125 0.3942296765625 0.47430645312499997 0.3717940078125 0.42402623593750005 0.3588269703125 0.42139781562499995 0.3601447109375 0.40039436093749997 0.425793190625 0.39786683125 0.435226059375 0.398549159375 0.43692540625 0.5185316281250001 0.47210764843749997 0.529790690625 0.4736079875 0.54704095 0.41453643125 0.5514515156249999 0.39701451875
0 0.5125778624999999 0.5357226093749999 0.529044640625 0.47745213125 0.5272882437499999 0.47445397656250005 0.4955709125 0.4654498375 0.397929484375 0.4402979078125 0.3940246875 0.44531769062500004 0.3807680328125 0.4852390921875 0.36931848125 0.521600659375 0.37149184062499996 0.52622705625 0.401907571875 0.53690445625 0.50034509375 0.5622696984375 0.5040097484375 0.5592075921874999 0.5125778624999999 0.5357226093749999
0 0.23193489218750002 0.45900803437500004 0.22648809218750002 0.47827431249999997 0.2298618953125 0.4837278734375 0.364666928125 0.5198487734375 0.3663728796875 0.5187893625 0.37035360625 0.5092403703125 0.394263721875 0.4327440921875 0.2586373734375 0.394381096875 0.25370895312499997 0.40215963906249996 0.23193489218750002 0.45900803437500004
0 0.7730697765625 0.6495002234375 0.771464978125 0.6480592078125 0.65081279375 0.6121920109375 0.64766625625 0.614381934375 0.6373793171875 0.648527490625 0.62422355 0.6965640203125 0.6258661796875 0.701048209375 0.7456592171875001 0.7316301390625 0.754668990625 0.7330332890625 0.7564887062500001 0.7304878453125 0.773676171875 0.6557287781250001 0.7730697765625 0.6495002234375
0 0.42074560781250003 0.848794203125 0.42374054531249994 0.845047140625 0.4484977265625 0.7515906296875 0.44804292968750004 0.7469192140625001 0.31098860625 0.710701125 0.30584553125 0.711850571875 0.2996785703125 0.7263743296875 0.2736581515625 0.8033161671875 0.2722680109375 0.8085042453125 0.27348106875 0.8103458 0.40259968593749995 0.8464595484374999 0.4179782 0.849569196875 0.42074560781250003 0.848794203125
0 0.3609324171875 0.547661953125 0.365279925 0.525068084375 0.3632203328125 0.518955653125 0.3560428859375 0.51602145 0.22974212187499998 0.48319027343750004 0.2224380359375 0.49134326875 0.19793413437500001 0.562625384375 0.195141240625 0.57198715 0.19569719218749998 0.574158140625 0.20154781718749998 0.576736821875 0.3402069375 0.614395928125 0.3417738984375 0.6127937703125 0.3609324171875 0.547661953125
0 0.260970509375 0.3783245625 0.25715399375 0.3904450859375 0.2598328578125 0.393184909375 0.3965080515625 0.430817928125 0.400134871875 0.4247126484375 0.422351646875 0.3502901703125 0.4193569734375 0.343421678125 0.28907574375 0.30952393906250003 0.2828078921875 0.31593256875 0.260970509375 0.3783245625
0 0.3172701078125 0.2265930328125 0.3117857359375 0.2322005828125 0.29135110625 0.2904188890625 0.28691531875 0.3059120203125 0.287597646875 0.3076113671875 0.42161919843750006 0.3445333453125 0.4239696421875 0.342130109375 0.44522611406249996 0.2649227890625 0.4430527546875 0.260296390625 0.43362602031249997 0.2572649984375 0.3172701078125 0.2265930328125
0 0.342229228125 0.149366821875 0.3396386421875 0.153727734375 0.32049300000000003 0.2092583890625 0.315791846875 0.22468041562500002 0.31673953906249996 0.2264508671875 0.4465152625 0.2622351796875 0.469843940625 0.19215468125 0.47013479062499997 0.1836390140625 0.4682394078125 0.1800981109375 0.3456411296875 0.1472480015625 0.342229228125 0.149366821875
0 0.1908447859375 0.5774074953125 0.186004909375 0.5816712203125001 0.1629163734375 0.6497940390625 0.1574569609375 0.6680459265625001 0.15813928906250002 0.6697452734375 0.30079148437500003 0.70948533125 0.3044435265625 0.705408834375 0.316398584375 0.66716069375 0.32812637499999997 0.6212690703125 0.3278357890625 0.619169184375 0.1908447859375 0.5774074953125
0 0.1581388859375 0.669745165625 0.15409510312500002 0.6742222015625 0.1456533625 0.6972355421875001 0.12343685156249999 0.7610424671875 0.12285541562499999 0.7674582484375 0.2681738640625 0.8089237390624999 0.27211649375 0.8069471281249999 0.29031444375 0.7496460234375 0.2981497859375 0.720404128125 0.2993378828125 0.709601346875 0.1581388859375 0.669745165625
0 0.833442275 0.356307346875 0.8372716671875 0.33458566093750003 0.8369558578125 0.33045699375000004 0.78050920625 0.3107826046875 0.7261095375 0.2962062578125 0.722293284375 0.29771122499999997 0.7191845812500001 0.302944321875 0.7083162046875 0.3435056609375 0.7033494234375001 0.36947213749999996 0.80806714375 0.40005869531249993 0.8205266515625 0.4023861984375 0.82275071875 0.40045460625 0.833442275 0.356307346875
0 0.7102867265625 0.3743640171875 0.7031597265625 0.3754873796875 0.69981088125 0.3826781546875 0.6820929515625 0.44667945781249996 0.6830658656249999 0.45047869062499996 0.75716554375 0.4753887 0.7993332359374999 0.484665475 0.8040719578125 0.482902175 0.82173944375 0.41484330781249995 0.8199326031249999 0.4077875890625 0.7102867265625 0.3743640171875
0 0.785772325 0.5639348156249999 0.7719355515624999 0.5571942265625001 0.6709959875 0.5326750812500001 0.6657013140625 0.5322673906250001 0.664412325 0.5349550421875 0.6473641125 0.5996413031250001 0.6461507921874999 0.6084153015625 0.64697210625 0.6106573953125001 0.7694566203125001 0.644993540625 0.7839016359375 0.583653803125 0.786593640625 0.566176909375 0.785772325 0.5639348156249999
0 0.5976702921875 0.8891239453124999 0.609751725 0.8504041625 0.62010225 0.8000994531250001 0.619116725 0.795285828125 0.5296763640625 0.7703093453125 0.4934730625 0.7621252171874999 0.48501924062499996 0.7628930578124999 0.4830857609375 0.7669245375 0.46204394375 0.8507609515624999 0.46259989375000005 0.8529319421875 0.5804972828125 0.8905885234375001 0.5921606984375 0.8927027140625 0.5976702921875 0.8891239453124999
0 0.622960575 0.7002696546875 0.5512870078125001 0.67904275625 0.49732952499999994 0.668123434375 0.49298254375 0.66948619375 0.48652473125 0.6925256203125 0.4719788234375 0.745750228125 0.47086665781250003 0.7520238015625 0.4722187015625 0.7544081046875 0.605671690625 0.7881447015624999 0.6239713234375001 0.7071120625 0.6245779828125 0.7027250625 0.622960575 0.7002696546875
0 0.6667504234375 0.5209218625 0.6810690625 0.46005376875000004 0.6815115125 0.4530952390625 0.6800204812499999 0.4501681890625 0.5622873015625001 0.41508313750000003 0.55967149375 0.41741526875 0.5483609296874999 0.45431958281249996 0.53975471875 0.48537694687500005 0.5379980578125 0.49299434687500004 0.5386929968749999 0.495708084375 0.6586502453125 0.5288615437499999 0.6626054859375 0.5278993234375 0.6667504234375 0.5209218625
0 0.6987623000000001 0.37279257499999996 0.58818134375 0.33861294375 0.5803846265625 0.3390513484375 0.5767451953125 0.3441422375 0.5740660656250001 0.35201796875 0.56370319375 0.3906927328125 0.56097335625 0.405126453125 0.5611754015625 0.41074115625 0.6713520046875 0.44430693593750004 0.6799700359374999 0.44611062500000004 0.6820551171875 0.44363628437499997 0.6987623000000001 0.37279257499999996
0 0.6161504921875001 0.152498475 0.6153291765625 0.15025638125000002 0.49879644218749997 0.11599849375 0.49271828749999996 0.11639188125 0.4881942203125 0.12478427343750001 0.47829902031250005 0.158529290625 0.470754265625 0.18987107187500002 0.4715755796875 0.1921131671875 0.594451834375 0.226048771875 0.597080253125 0.22473103125 0.61491195 0.1592436921875 0.6161504921875001 0.152498475
0 0.4479686640625 0.2717237234375 0.4457445953125 0.273655315625 0.43218447656250003 0.32107799375 0.424083771875 0.3502487859375 0.424917696875 0.3535052703125 0.5532528359375 0.390420096875 0.5550851625 0.38888904375 0.5701491875 0.334792253125 0.5736120609375 0.3154998890625 0.5722347937500001 0.3110868046875 0.4479686640625 0.2717237234375
0 0.5073781703125 0.5616266765625 0.49887390312499996 0.558336953125 0.373116478125 0.5266623765625 0.3664187875 0.5410439265625 0.3526692375 0.5838662921875 0.342761425 0.61659691875 0.343582740625 0.6188390125 0.482898965625 0.6561686828125 0.484465928125 0.654566525 0.4909489640625 0.6335558828125001 0.509147178125 0.5656392218749999 0.5073781703125 0.5616266765625
0 0.33881879531250003 0.6185735296875 0.335305740625 0.6231927749999999 0.311989675 0.6942876640625 0.30742750937499996 0.7102524375 0.308501578125 0.7115512453124999 0.45192464374999997 0.749475834375 0.4551849453125 0.745799875 0.47767995937499996 0.6618473375 0.4768081984375 0.655547678125 0.4714883046875 0.6531112046875001 0.33881879531250003 0.6185735296875
0 0.04053704375 0.5270225390625 0.0629918515625 0.535566815625 0.16610477343750002 0.5647123578125 0.17508932500000002 0.564086725 0.18052325 0.5544216109375 0.19035512968749999 0.5262201921874999 0.20342235312499998 0.48169847812500005 0.2036246609375 0.476697628125 0.197369684375 0.47350509374999994 0.0704877453125 0.4364741453125 0.067315984375 0.43663528593749995 0.062615096875 0.44144175781249995 0.053162346875 0.46822824687500003 0.03884396875 0.5184807859375 0.038363685937499996 0.522396140625 0.04053704375 0.5270225390625
0 0 0.6203443828124999 0.0036487781249999996 0.62329460625 0.14163818125 0.6602687546875 0.14424137812499999 0.6569222328125 0.15920398593750001 0.615941421875 0.17318106718749998 0.5701469859375 0.0331825140625 0.5311179703125 0.030958446875 0.5330495625 0.026585976562500002 0.54299909375 0.0036997500000000003 0.6061210625 0 0.6199287203125 0 0.6203443828124999
0 0 0.7301228578125001 0.100440765625 0.76094675625 0.10782051875000001 0.75888010625 0.111181975 0.7527037234375 0.126131971875 0.710708521875 0.1389716640625 0.6691588765625001 0.13784715 0.6638025046875 0 0.629384709375 0 0.7301228578125001