0 0.875 0.24140625 0.2140625 0.2640625
0 0.90234375 0.49453125 0.1953125 0.2640625
0 0.92265625 0.746875 0.1546875 0.25
0 0.5265625 0.2609375 0.15625 0.0765625
0 0.5375 0.34453125 0.15625 0.08125
0 0.54296875 0.4234375 0.1578125 0.09375
0 0.5640625 0.5015625 0.1578125 0.090625
0 0.5828125 0.5796875 0.159375 0.0890625
0 0.59296875 0.65390625 0.159375 0.096875
0 0.6046875 0.73671875 0.1640625 0.1015625
0 0.61640625 0.81640625 0.159375 0.0890625
0 0.625 0.8921875 0.1609375 0.1
0 0.46640625 0.928125 0.1671875 0.08125
0 0.4578125 0.84296875 0.1703125 0.0953125
0 0.44609375 0.7671875 0.165625 0.0875
0 0.43671875 0.68515625 0.1703125 0.09375
0 0.42265625 0.60703125 0.1671875 0.0953125
0 0.40703125 0.5265625 0.16875 0.1015625
0 0.3890625 0.4453125 0.1625 0.0890625
0 0.3765625 0.36484375 0.1671875 0.0875
0 0.2867469265625 0.32472067031249996 0.4505681015625 0.31377342656249996 0.43861086718750003 0.24160731875 0.27847444062500004 0.2454086796875 0.2867469265625 0.32472067031249996
0 0.43378665156249996 0.23112178593750002 0.42485042812499996 0.154727325 0.2597295546875 0.1536933390625 0.2721824515625 0.23609308750000002 0.43378665156249996 0.23112178593750002
0 0.42346700625 0.1493216328125 0.414530784375 0.0729271703125 0.2482515265625 0.0645769140625 0.25777758125 0.1418154203125 0.42346700625 0.1493216328125
0 0.17109375 0.709375 0.1859375 0.2109375
0 0.2046875 0.9078125 0.184375 0.184375