0 0.4359375 0.66953125 0.0875 0.1984375
0 0.45078125 0.86015625 0.084375 0.1828125
0 0.5203125 0.50859375 0.1203125 0.1421875
0 0.52890625 0.634375 0.1234375 0.1359375
0 0.5359375 0.7625 0.11875 0.125
0 0.5453125 0.88203125 0.11875 0.1203125
0 0.7380149765625 0.6193704046875 0.7214877656249999 0.3109953859375 0.6308696890625 0.33209080625 0.6502504375 0.63169611875 0.7380149765625 0.6193704046875
0 0.7333666187500001 0.6259734781249999 0.65411153125 0.63600563125 0.6538109734375 0.6391300890625 0.669869434375 0.9057203609375 0.754579878125 0.8983091578125 0.7333666187500001 0.6259734781249999
0 0.8482682296874999 0.41608638437499995 0.8415612796874999 0.28964660468750003 0.73022996875 0.30248499375 0.73662709375 0.42430463749999997 0.8482682296874999 0.41608638437499995
0 0.8498659859375 0.5538169390625 0.841161196875 0.424453715625 0.7356475421875001 0.439106784375 0.744544696875 0.5645804390625 0.8498659859375 0.5538169390625
0 0.8520394203125001 0.6682604875 0.8452176265625001 0.5604200125000001 0.7460518781250001 0.5729686296875001 0.7511744921875 0.6801832578125 0.8520394203125001 0.6682604875
0 0.85144408125 0.67141080625 0.745123796875 0.680712625 0.7468576984374999 0.6867573234375 0.7522145984375 0.79162786875 0.8566715390624999 0.7809399203125 0.85144408125 0.67141080625
0 0.8614381515625 0.89515659375 0.8518886828125 0.7860056796875 0.7519584046875 0.8048175796875 0.759708890625 0.9071550546875 0.8614381515625 0.89515659375
0 0.848371503125 0.296790275 0.8537235875 0.4187073359375 0.9617727078125 0.4092542625 0.960847453125 0.2792104171875 0.848371503125 0.296790275
0 0.9567046109374999 0.530527828125 0.9543966734374999 0.41454689531250005 0.851985609375 0.42428120781249995 0.854168340625 0.5333021234374999 0.9567046109374999 0.530527828125
0 0.9555137703125001 0.5368284078125 0.8538418453125001 0.5395271546875 0.8544920578124999 0.5425684296875 0.8575522765624999 0.6615817796875 0.9579562046874999 0.6543466546875 0.9555137703125001 0.5368284078125
0 0.9608596453124999 0.7671773265625 0.9579562046874999 0.6543466546875 0.8567101234375001 0.6724991671875 0.8578623750000001 0.77463926875 0.9608596453124999 0.7671773265625
0 0.9618995859374999 0.87862188125 0.958669965625 0.7720162140625 0.8629062078124999 0.7881399328125 0.8644923265625 0.890242075 0.9618995859374999 0.87862188125