0 0.22734375 0.24375 0.1671875 0.2046875
0 0.2125 0.4515625 0.1625 0.203125
0 0.1953125 0.6546875 0.165625 0.1984375
0 0.1796875 0.85703125 0.159375 0.19375
0 0.3828125 0.2625 0.1625 0.1953125
0 0.36484375 0.46328125 0.15625 0.1953125
0 0.35 0.6625 0.1578125 0.178125
0 0.3328125 0.859375 0.1546875 0.184375
0 0.61015625 0.27734375 0.15625 0.1890625
0 0.59609375 0.4765625 0.1515625 0.1890625
0 0.5796875 0.67109375 0.153125 0.1890625
0 0.56328125 0.86796875 0.153125 0.1890625
0 0.75703125 0.29375 0.1515625 0.190625
0 0.7421875 0.4875 0.15 0.1953125
0 0.72578125 0.6859375 0.153125 0.190625
0 0.70703125 0.87890625 0.153125 0.1796875
0 0.9015625 0.30625 0.14375 0.19375
0 0.8828125 0.4984375 0.1453125 0.190625
0 0.865625 0.69140625 0.1390625 0.190625
0 0.846875 0.8875 0.14375 0.1765625