0 0.410529846875 0.7529513890625 0.40271870625000006 0.1981481484375 0.2345703125 0.1990740734375 0.23399806562499997 0.1981481484375 0.2537862890625 0.7481481484375 0.410529846875 0.7529513890625
0 0.0413411453125 0.702777778125 0.2485788609375 0.7083333328125 0.23399806562499997 0.271296296875 0.0142446390625 0.27777777812500004 0.0413411453125 0.702777778125
0 0.52890625 0.259375 0.13203125 0.084375
0 0.5421875 0.57265625 0.13125 0.51953125
0 0.6359375 0.27578125 0.040625 0.103125
0 0.6828125 0.278125 0.04765625 0.1015625
0 0.665625 0.390625 0.0984375 0.1109375
0 0.6625 0.503125 0.1015625 0.10078125
0 0.65859375 0.60859375 0.09921875 0.09609375
0 0.66484375 0.71171875 0.09765625 0.0984375
0 0.6625 0.81328125 0.09609375 0.08828125
0 0.73984375 0.39296875 0.040625 0.04921875
0 0.73828125 0.44453125 0.04296875 0.046875
0 0.73515625 0.49609375 0.040625 0.04609375
0 0.7328125 0.54765625 0.040625 0.0453125
0 0.73203125 0.59609375 0.04453125 0.04765625
0 0.734375 0.646875 0.03984375 0.04453125
0 0.73515625 0.69609375 0.040625 0.04765625
0 0.734375 0.7421875 0.03984375 0.0390625
0 0.73203125 0.7875 0.03984375 0.04296875
0 0.73125 0.83515625 0.03828125 0.04609375
0 0.7859375 0.3921875 0.0421875 0.05
0 0.7828125 0.4453125 0.04296875 0.04609375
0 0.8021702015625 0.47811168281249994 0.759592775 0.47177208125 0.75602736875 0.517205896875 0.7985151234375001 0.5240738 0.8021702015625 0.47811168281249994
0 0.7968211609375 0.57267741875 0.7991093578124999 0.5256587015624999 0.7569187203125 0.5224888984375 0.754244665625 0.5695076171875 0.7968211609375 0.57267741875
0 0.7991093578124999 0.5763755203125001 0.7572158375 0.57214911875 0.754244665625 0.6191678359375 0.796435303125 0.6212810375 0.7991093578124999 0.5763755203125001
0 0.7974154984374999 0.6741110578125 0.8002978265625 0.6244508390625 0.7572158375 0.6212810375 0.7551360171875 0.66935635625 0.7974154984374999 0.6741110578125
0 0.795246834375 0.719016575 0.796435303125 0.6762242578125 0.7575129546875 0.6730544578125001 0.75602736875 0.719544875 0.795246834375 0.719016575
0 0.7941466421875 0.7655069921875 0.7946526 0.721129775 0.7566216031249999 0.7206014749999999 0.7551360171875 0.761808890625 0.7941466421875 0.7655069921875
0 0.793552303125 0.8119974109375001 0.7955439515625 0.7670918921875 0.755433134375 0.7639220921875001 0.7524619640625 0.8077710078125 0.793552303125 0.8119974109375001
0 0.792660796875 0.859544428125 0.79346413125 0.8146389109375001 0.7530561984374999 0.810940809375 0.7515706125 0.8574312281250001 0.792660796875 0.859544428125
0 0.9031003640625 0.5420360078125 0.8003871874999999 0.5452058078124999 0.7937612484375001 0.8553180265625 0.8924041468749999 0.8537331265624999 0.9031003640625 0.5420360078125
0 1 0.2911031328125 0.999664253125 0.203943209375 0.9169927625 0.2179231875 0.9145656656250001 0.33963123125 1 0.324029696875 1 0.2911031328125
0 0.9127156968750001 0.4547604625 0.9122532046874999 0.45558281406249995 0.999664253125 0.44242518750000004 0.999664253125 0.32647360625 0.9131781890624999 0.34045358281250004 0.9127156968750001 0.4547604625
0 0.912367034375 0.5641332328125 0.99873926875 0.5542650124999999 0.9992017609375001 0.44818165 0.9136406812500001 0.45804986875000003 0.912367034375 0.5641332328125
0 0.9100541703125 0.6718612984375001 0.999664253125 0.6669271890624999 0.999664253125 0.558376771875 0.9122532046874999 0.5674226390625 0.9100541703125 0.6718612984375001
0 0.9090157578125 0.7804117171875 0.908203878125 0.78123406875 0.9992017609375001 0.7804117171875 0.99873926875 0.6718612984375001 0.9117907125 0.676795409375 0.9090157578125 0.7804117171875
0 0.9020783734375 0.8815609703125 0.9021904328125 0.882383321875 0.999664253125 0.8832056734375 0.9992017609375001 0.7837011234375 0.90947825 0.7845234750000001 0.9020783734375 0.8815609703125