0 0.27734375 0.09296875 0.09140625 0.07734375
0 0.1875 0.19140625 0.08203125 0.0734375
0 0.1828125 0.28046875 0.08125 0.0859375
0 0.1796875 0.38203125 0.0890625 0.0984375
0 0.1765625 0.4875 0.0875 0.08984375
0 0.17109375 0.590625 0.09296875 0.10078125
0 0.16328125 0.6984375 0.08984375 0.08671875
0 0.15390625 0.8109375 0.09296875 0.096875
0 0.27890625 0.19140625 0.07890625 0.06953125
0 0.275 0.2890625 0.08125 0.07890625
0 0.27421875 0.384375 0.08359375 0.0875
0 0.27109375 0.484375 0.08046875 0.0765625
0 0.27265625 0.5890625 0.08203125 0.0921875
0 0.2625 0.7 0.0875 0.09453125
0 0.2578125 0.81640625 0.08359375 0.09296875
0 0.3671875 0.19453125 0.0796875 0.0796875
0 0.3640625 0.29453125 0.07890625 0.07890625
0 0.36328125 0.38203125 0.0828125 0.09296875
0 0.365625 0.49140625 0.08203125 0.078125
0 0.3625 0.59140625 0.08359375 0.09296875
0 0.36015625 0.703125 0.0875 0.09140625
0 0.36484375 0.81875 0.08046875 0.09765625
0 0.51484375 0.14609375 0.075 0.08515625
0 0.51484375 0.23828125 0.075 0.0796875
0 0.51875 0.32421875 0.07734375 0.08046875
0 0.52109375 0.4109375 0.0859375 0.0828125
0 0.528125 0.50546875 0.08203125 0.0859375
0 0.52890625 0.6015625 0.08984375 0.0828125
0 0.52890625 0.70390625 0.08359375 0.096875
0 0.53046875 0.80859375 0.084375 0.09765625
0 0.59453125 0.16484375 0.06640625 0.07421875
0 0.59765625 0.24453125 0.07421875 0.0671875
0 0.60078125 0.32890625 0.07578125 0.078125
0 0.60703125 0.42265625 0.07265625 0.0765625
0 0.61328125 0.5203125 0.0765625 0.0859375
0 0.6171875 0.60234375 0.07578125 0.08046875
0 0.61875 0.70703125 0.08203125 0.0796875
0 0.625 0.80546875 0.090625 0.0953125
0 0.6734375 0.1609375 0.07109375 0.071875
0 0.68046875 0.24296875 0.06953125 0.0703125
0 0.68359375 0.3265625 0.06953125 0.065625
0 0.68828125 0.421875 0.07265625 0.075
0 0.69375 0.50859375 0.07265625 0.07734375
0 0.70234375 0.6015625 0.075 0.0734375
0 0.71015625 0.7078125 0.08515625 0.08125
0 0.72109375 0.81328125 0.0796875 0.0921875