0 0.912236365625 0.3974539125 0.9004387015624999 0.35510756875 0.8316632578125001 0.3781766984375 0.84584784375 0.42081447031249997 0.912236365625 0.3974539125
0 0.935968459375 0.44125745156249996 0.920596290625 0.392855659375 0.8475611421875 0.4264177625 0.8585936249999999 0.47001922812499997 0.935968459375 0.44125745156249996
0 0.9533396281250001 0.49619637031249997 0.93711071875 0.4449929609375 0.8582510250000001 0.4782934390625 0.8756333125 0.521995940625 0.9533396281250001 0.49619637031249997
0 0.97730034375 0.5501418453125 0.9596895249999999 0.49629737812499997 0.8797334421875 0.5278906890624999 0.8949570265625001 0.5794014562500001 0.97730034375 0.5501418453125
0 0.994762703125 0.6091376171875 0.9769120546875 0.55638765625 0.893472659375 0.5859823734375 0.910031734375 0.6381060234375 0.994762703125 0.6091376171875
0 1 0.6156394234375 0.998485846875 0.6100417046875 0.9102724249999999 0.639053621875 0.9253121625 0.6824511296875 1 0.662263796875 1 0.6156394234375
0 1 0.6703333046875 0.9352358328125 0.688607809375 0.9478925578125 0.7357974281249999 1 0.71866010625 1 0.6703333046875
0 0.902228109375 0.6578519484375 0.887431184375 0.6113166546875 0.8125192546875001 0.6423889968750001 0.8262393890625 0.6892534984375 0.902228109375 0.6578519484375
0 0.9211987078125 0.8215684921875 0.8695464062499999 0.6862250484375 0.854441415625 0.6895347171874999 0.9095077078125 0.8282063390625 0.9211987078125 0.8215684921875
0 0.8864379625 0.8373018359375 0.9074519921875 0.8308772015624999 0.8568809078124999 0.6992879296875001 0.8403513640625 0.7053627031249999 0.8864379625 0.8373018359375
0 0.7167834484375 0.620599203125 0.7321101125 0.6669725390625 0.8015134921874999 0.636563146875 0.7902409968749999 0.59405624375 0.7167834484375 0.620599203125
0 0.8230872843749999 0.69021719375 0.8110041000000001 0.646936959375 0.7372608515625 0.672546084375 0.7509832703125 0.7173675203125 0.8230872843749999 0.69021719375
0 0.84385020625 0.7430979671875 0.828431984375 0.6926678890625 0.7533767499999999 0.71765694375 0.7692665234375 0.7659004875 0.84385020625 0.7430979671875
0 0.8658082640625 0.7905074328125 0.8493892328125 0.7424257 0.7761713343750001 0.7678742078125 0.7889626203125 0.8191074203125 0.8658082640625 0.7905074328125
0 0.8863352859375 0.844481509375 0.86609780625 0.79144009375 0.7924002437500001 0.8190776171874999 0.8082977625 0.8673187921875 0.8863352859375 0.844481509375
0 0.5759911265625 0.35116162812499996 0.5719591187499999 0.34830960312500003 0.568258225 0.34841989687499997 0.4408156984375 0.38636180468750003 0.439524890625 0.38777762656250003 0.43999876718750003 0.391206890625 0.4498204125 0.4280302625 0.46149793125 0.4709239296875 0.46364529687499995 0.47230978125 0.5954113203125 0.43253545625 0.5973019359375 0.42838329531249997 0.5944983109375 0.41545447500000005 0.5759911265625 0.35116162812499996
0 0.6649188609375 0.6063308890625 0.6626287375000001 0.6044780921874999 0.524197521875 0.6478219453125 0.5234549546875 0.6500913374999999 0.53277395625 0.6880895671875 0.5443543140625 0.7325447140625 0.5460674296875 0.7381480625 0.5489285921875 0.7418686421875 0.6906780171875 0.6990420859375 0.6921631515625 0.6945033015625001 0.6681567359375 0.6150422140625 0.6649188609375 0.6063308890625
0 0.4020699515625 0.292515090625 0.4100031515625 0.2865155265625 0.41072291875 0.2832319203125 0.397172696875 0.22763541250000002 0.39050261875 0.2133357265625 0.386087928125 0.21111129218750002 0.33954667031249997 0.21768150625 0.3085455828125 0.227159490625 0.2675323234375 0.2442938265625 0.2590508828125 0.24943982187499997 0.25902211406250003 0.2540439421875 0.2725267421875 0.3076120234375 0.278905328125 0.326596153125 0.2818636546875 0.32875525156249996 0.4020699515625 0.292515090625
0 0.4097966984375 0.3008752125 0.40309785312499996 0.2911796453125 0.2763007328125 0.328413640625 0.2747700015625 0.3309239984375 0.2784985796875 0.349697134375 0.29326524374999996 0.4064535125 0.29744001249999996 0.4097724828125 0.41857723281250003 0.3737583015625 0.42586502812499993 0.3684666484375 0.4271102390625 0.3650224 0.422525103125 0.34344759062499997 0.4097966984375 0.3008752125
0 0.4314208828125 0.374426928125 0.4258353453125 0.3730710484375 0.29867833906249996 0.411946846875 0.296239484375 0.4152454375 0.301395659375 0.4386880296875 0.316807728125 0.494736496875 0.319480534375 0.49596170468749995 0.4424340015625 0.45837105781250004 0.4515836453125 0.45353136406249994 0.45256613437500004 0.4501674359375 0.43544692031250004 0.38289728749999996 0.4314208828125 0.374426928125
0 0.4756294109375 0.5406392953125 0.4777083796875 0.5389825078125 0.4778571109375 0.5338311203125 0.458567734375 0.46416090624999995 0.45444453281249997 0.457252028125 0.44749979531250006 0.45426933125 0.3173556921875 0.49559015000000006 0.31798915625 0.50611890625 0.3228370125 0.52761339375 0.3356506390625 0.579860959375 0.3395854828125 0.584274465625 0.3442400984375 0.585404365625 0.3970470359375 0.5692596640625001 0.4756294109375 0.5406392953125
0 0.5090462796875 0.63866816875 0.5099088078125 0.635851509375 0.5078933453125 0.6226817234375 0.4882272578125 0.5480207640625 0.48348145000000003 0.5428340109375 0.47990051874999995 0.5423970375 0.342588584375 0.5884622421875 0.344769603125 0.6031131875 0.36055838281249997 0.6641524000000001 0.36488676875000003 0.680189196875 0.3669369703125 0.683136528125 0.36891877812499996 0.683041221875 0.48518425781249996 0.6480058890625 0.5090462796875 0.63866816875
0 0.5426061843750001 0.7371639046875 0.5425149921875 0.7331070515625 0.518663278125 0.6428762421875 0.5122211828125 0.6387186875 0.3708028734375 0.6845075625 0.37018026718749997 0.6862296875 0.3799503453125 0.7266429671875 0.3919817796875 0.7735131640625 0.3939804140625 0.7800504046875 0.397224259375 0.7831433953125 0.44627873749999997 0.77069889375 0.5388537234374999 0.7408641046875 0.5426061843750001 0.7371639046875
0 0.571151771875 0.8361714859375 0.547111703125 0.7434453046875 0.5394243953125 0.742732 0.39810325 0.78695939375 0.3969552015625 0.7888421625 0.39825686562499996 0.7996772203125 0.4033902421875 0.8221055984375001 0.41660934843749997 0.8747397890625 0.4200127828125 0.8849322718750001 0.42242286875 0.8862378 0.5673477453125 0.8434615937500001 0.5708374828125 0.839841715625 0.571151771875 0.8361714859375
0 0.27595766093749996 0.5368399328125 0.2804982859375 0.5328987656249999 0.2845422359375 0.5245141234374999 0.28302941718749997 0.5101694796875 0.265237115625 0.4247238140625 0.252897365625 0.3759055109375 0.244450665625 0.3708290515625 0.2374087625 0.369407834375 0.1399392390625 0.399207259375 0.12931043281250001 0.402967403125 0.12295356093750001 0.4084850359375 0.120223215625 0.41646806875 0.1484022296875 0.546223225 0.1543753359375 0.5648207296875001 0.165569209375 0.568546703125 0.27595766093749996 0.5368399328125
0 0.5451432625 0.26715449062499996 0.5420649734375 0.265542659375 0.44256804687500007 0.2934089640625 0.41932862968749995 0.30102455781250004 0.41438252656249996 0.3045791 0.4291719890625 0.3623496921875 0.43485957500000005 0.38001330625 0.43729245937499994 0.38233305 0.5673621953125 0.3435879234375 0.5686302046875 0.3411578875 0.5499802609375 0.2763980953125 0.5451432625 0.26715449062499996
0 0.6285378484375 0.5173777125 0.622186946875 0.5172770109375 0.493430815625 0.555620528125 0.49273384531250003 0.559918346875 0.5026179140625 0.6054026921875 0.5138731265625001 0.6412771875 0.5168770484375 0.6454647140625001 0.5207435 0.6468355796874999 0.6552338984375 0.6046965546874999 0.6505060031250001 0.5826548 0.631827290625 0.5224991296875 0.6285378484375 0.5173777125
0 0.3334942359375 0.7122528906250001 0.2920367484375 0.539072346875 0.15802661875 0.5780009875000001 0.19471883125 0.7618290734375 0.3334942359375 0.7122528906250001
0 0.20271619218749998 0.765511134375 0.2468346359375 0.951153528125 0.38804862500000004 0.9130859953125 0.341842765625 0.7188911390625 0.20271619218749998 0.765511134375
0 0.5976898015625001 0.43337062968750006 0.46544990156250005 0.469715690625 0.4637764125 0.47175910312499997 0.4804733171875 0.5320100812499999 0.488233903125 0.553635240625 0.49147774999999994 0.5567282312499999 0.621667446875 0.5174358375 0.623204146875 0.509307146875 0.601813003125 0.4402795078125 0.599837165625 0.43475648125 0.5976898015625001 0.43337062968750006
0 0.69073574375 0.7066833124999999 0.6876346578125 0.7040572671875001 0.681140996875 0.7034896203125001 0.5517850578125 0.744569475 0.5506370109375001 0.7464522437500001 0.5520358375 0.7557258203125 0.5635874265624999 0.8047850890625 0.572912396875 0.837164984375 0.5749170015625 0.838083890625 0.7159526296875 0.7929226046875 0.7168151578125 0.7901059453125 0.71450820625 0.7816206015625 0.69073574375 0.7066833124999999
0 0.5192628984375001 0.186223959375 0.515110928125 0.1839192015625 0.48576053124999996 0.19033956093749999 0.44422780156249997 0.20201620625 0.3935910265625 0.22056097187499998 0.391940334375 0.2236185984375 0.4017391828125 0.2594277578125 0.4142564328125 0.2984905515625 0.54040815 0.2619644671875 0.54181891875 0.2600013765625 0.5410367265625 0.2546240078125 0.522266821875 0.190411484375 0.5192628984375001 0.186223959375