0 0.63125 0.128125 0.084375 0.11484375
0 0.63125 0.25234375 0.08984375 0.1078125
0 0.63046875 0.37421875 0.0859375 0.10546875
0 0.63046875 0.49140625 0.078125 0.0953125
0 0.63359375 0.603125 0.07890625 0.10078125
0 0.63203125 0.71875 0.08671875 0.0953125
0 0.63359375 0.82421875 0.0890625 0.103125
0 0.47890625 0.48125 0.19140625 0.78828125
0 0.27421875 0.49140625 0.1984375 0.81796875
0 0.73828125 0.1296875 0.096875 0.1125
0 0.73515625 0.2515625 0.0953125 0.10234375
0 0.73359375 0.3671875 0.1015625 0.096875
0 0.734375 0.48359375 0.08828125 0.1078125
0 0.72890625 0.60703125 0.0921875 0.10859375
0 0.73046875 0.71640625 0.08984375 0.1
0 0.7328125 0.83046875 0.08671875 0.10625
0 0.83671875 0.1296875 0.07890625 0.11796875
0 0.83203125 0.25 0.08046875 0.09765625
0 0.83125 0.365625 0.08046875 0.09765625
0 0.82890625 0.4828125 0.084375 0.10625
0 0.82890625 0.5984375 0.08984375 0.096875
0 0.83046875 0.715625 0.09140625 0.10390625
0 0.82890625 0.828125 0.0921875 0.1015625
0 0.9265625 0.134375 0.0875 0.103125
0 0.9265625 0.25 0.08203125 0.10859375
0 0.9234375 0.37265625 0.08515625 0.0984375
0 0.9265625 0.4859375 0.08203125 0.09375
0 0.92578125 0.596875 0.08515625 0.096875
0 0.92421875 0.71328125 0.07578125 0.09375
0 0.921875 0.82421875 0.0765625 0.09375