0 0.6390234171875 0.318588653125 0.7295457640625 0.332925984375 0.7486152125000001 0.22251269687500003 0.65629551875 0.206953225 0.6390234171875 0.318588653125
0 0.7331460843750001 0.33349621875 0.7877302796875 0.3383916359375 0.8090166375000001 0.2339542765625 0.75683234375 0.224751628125 0.7331460843750001 0.33349621875
0 0.8942263734375 0.3683835078125 0.9300710828125001 0.205316565625 0.859532259375 0.1922693765625 0.8257404921875 0.3547240078125 0.8942263734375 0.3683835078125
0 1 0.2182131046875 0.9350073015625 0.2051609171875 0.8992898968749999 0.3663730890625 0.964175459375 0.3794623546875 1 0.2239953046875 1 0.2182131046875
0 1 0.4036846640625 0.9312226593749999 0.39111756249999996 0.8916769890625 0.574222621875 0.9643425796875 0.5847942515625 1 0.43898324375 1 0.4036846640625
0 0.8555361359375 0.3763175921875 0.8165845890625001 0.562329153125 0.8891053328125 0.5738153109375 0.926904490625 0.3894961640625 0.8555361359375 0.3763175921875
0 0.7775823843749999 0.365845865625 0.7426656984375 0.5496840828125 0.8159904671874999 0.55942265 0.8505454531250001 0.37552714531250003 0.7775823843749999 0.365845865625
0 0.64941194375 0.332889846875 0.6220138078125 0.49588839531250006 0.7095950109375 0.508822428125 0.741907825 0.3489459578125 0.64941194375 0.332889846875
0 0.7029751828124999 0.7337036671875 0.7339515359375001 0.5614284421875 0.6623601515625 0.5482145468749999 0.629215875 0.7267086796875 0.7029751828124999 0.7337036671875
0 0.739304753125 0.5575889703125 0.702910128125 0.7374432359374999 0.7760102578125 0.7452712874999999 0.8116870921875 0.57092814375 0.739304753125 0.5575889703125
0 0.8477920296875 0.7547654671874999 0.8890875406250001 0.5822497015625 0.814548890625 0.569506471875 0.778357278125 0.7437680828125 0.8477920296875 0.7547654671874999
0 0.920971953125 0.7654185625000001 0.9636981359375 0.5921919250000001 0.8912775015625 0.5844714921875 0.8523559593750001 0.7592381953125 0.920971953125 0.7654185625000001
0 0.8497192468750001 0.7625704515625 0.8242826531249999 0.8832248953124999 0.89648423125 0.883410890625 0.92219080625 0.7721738828125 0.8497192468750001 0.7625704515625
0 0.77808231875 0.7521617453125 0.752081075 0.8830389015625 0.8217109953125 0.8828175859374999 0.848259028125 0.759526771875 0.77808231875 0.7521617453125
0 0.7040983734374999 0.743256240625 0.6791257921875 0.8742963234375001 0.7475171484375001 0.8785661765624999 0.7752112437500001 0.7479571390624999 0.7040983734374999 0.743256240625
0 0.6210013062499999 0.7319698953125 0.598136371875 0.8530316484375 0.6773581609375 0.8721414218750001 0.7004902656249999 0.7436222406249999 0.6210013062499999 0.7319698953125
0 0.3640625 0.590625 0.134375 0.1984375
0 0.340625 0.76171875 0.128125 0.15625
0 0.43515625 0.775 0.09375 0.1484375
0 0.25078125 0.57109375 0.13125 0.1953125
0 0.23046875 0.73984375 0.1328125 0.1578125
0 0.515625 0.3953125 0.11875 0.178125
0 0.49296875 0.56875 0.115625 0.16875
0 0.428125 0.3859375 0.090625 0.1765625
0 0.3546875 0.371875 0.0953125 0.175
0 0.28359375 0.36015625 0.0859375 0.175