0 0.7518064609375 0.8719774796875001 0.8000803828124999 0.3251809734375 0.6804457968750001 0.3228562234375 0.64700705 0.8738767468749999 0.7518064609375 0.8719774796875001
0 0.0491915046875 0.10254340937499999 0.0135882484375 0.10215592343749999 0.008902164062499999 0.236347840625 0.0544126078125 0.23706683125 0.0491915046875 0.10254340937499999
0 0.0555540703125 0.2491510640625 0.0085425328125 0.24664634687500003 0.0040920671875 0.37409100156249997 0.0601169375 0.3716071265625 0.0555540703125 0.2491510640625
0 0 0.5028886296875 0.06801851249999999 0.50344468125 0.059826109375000006 0.3799353828125 0.0038268499999999997 0.38168580625000004 0 0.4912724625 0 0.5028886296875
0 0 0.627001003125 0.0735441609375 0.6287138328124999 0.06733651562500001 0.5080533171875 0 0.509273646875 0 0.627001003125
0 0 0.7543109875 0.07575336875000001 0.759426115625 0.071098628125 0.6397463171875 0 0.6338836390625 0 0.7543109875
0 0 0.8647708453125 0.08020245468750001 0.8707603203125001 0.075656425 0.7622022015625001 0 0.7579063500000001 0 0.8647708453125
0 0.171329925 0.11144102812500001 0.056807396875000006 0.1231921484375 0.0642735859375 0.25316151875 0.1776702234375 0.2432240625 0.171329925 0.11144102812500001
0 0.17484014375 0.3839517609375 0.1708723765625 0.24391316718749997 0.05715141875 0.2631042 0.0601526484375 0.385505728125 0.17484014375 0.3839517609375
0 0.18218897812499998 0.5166965046875001 0.17559016562500002 0.392316365625 0.06744200156249999 0.40058412343749994 0.0722410265625 0.5174894890624999 0.18218897812499998 0.5166965046875001
0 0.1846567 0.6400058921875 0.1808896125 0.524063053125 0.077748421875 0.523240753125 0.0811889703125 0.6336132484375 0.1846567 0.6400058921875
0 0.18536926250000002 0.768812928125 0.1822841703125 0.648261453125 0.07659810312500001 0.6464237953125 0.0789082359375 0.7586097953125 0.18536926250000002 0.768812928125
0 0.19150888125 0.87650020625 0.18907686875000002 0.7670894203125 0.080049425 0.770694021875 0.0834219515625 0.8680932765625 0.19150888125 0.87650020625
0 0.2939206390625 0.390889615625 0.29216722812499996 0.2620462296875 0.17982815000000002 0.25719677343749997 0.18251726875000002 0.38792581406250004 0.2939206390625 0.390889615625
0 0.18313803281250002 0.399991865625 0.184855734375 0.51493665 0.297138384375 0.52256360625 0.29795204375 0.3965893359375 0.18313803281250002 0.399991865625
0 0.18648503593750002 0.527964409375 0.1871942 0.6419474843749999 0.2969070359375 0.6485582109375 0.29593596093749996 0.52715406875 0.18648503593750002 0.527964409375
0 0.2979750546875 0.7671862671875 0.29937990625 0.6523505265625 0.190038290625 0.6513117046875 0.1913847703125 0.7606845828125001 0.2979750546875 0.7671862671875
0 0.19467229218749998 0.770990778125 0.19674545000000002 0.8757565812499999 0.29572323749999996 0.8764334890625 0.294689909375 0.7735569812499999 0.19467229218749998 0.770990778125
0 0.5109375 0.2015625 0.121875 0.1359375
0 0.39140625 0.1953125 0.11875 0.1328125
0 0.3890625 0.3296875 0.1203125 0.11875
0 0.50546875 0.334375 0.1125 0.11875
0 0.49921875 0.4625 0.1140625 0.1171875
0 0.384375 0.45390625 0.1140625 0.1234375
0 0.38046875 0.5828125 0.1125 0.1140625
0 0.49375 0.5859375 0.1078125 0.115625
0 0.490625 0.70546875 0.1109375 0.109375
0 0.378125 0.7015625 0.1109375 0.1078125
0 0.3765625 0.81015625 0.1078125 0.1046875
0 0.48515625 0.8125 0.1046875 0.103125
0 0.6140625 0.4546875 0.1140625 0.1296875
0 0.60546875 0.584375 0.1171875 0.1171875
0 0.6 0.70546875 0.109375 0.1171875
0 0.58984375 0.81875 0.1125 0.1078125