0 0.54453125 0.33359375 0.1796875 0.125
0 0.521875 0.44453125 0.1796875 0.1328125
0 0.5015625 0.5484375 0.171875 0.125
0 0.478125 0.64453125 0.165625 0.115625
0 0.4640625 0.74140625 0.165625 0.1171875
0 0.44609375 0.8328125 0.1609375 0.1078125
0 0.72734375 0.25859375 0.1765625 0.1328125
0 0.709375 0.36640625 0.1796875 0.13125
0 0.6828125 0.47578125 0.1765625 0.125
0 0.6609375 0.57890625 0.1734375 0.121875
0 0.63359375 0.678125 0.1671875 0.1140625
0 0.615625 0.77265625 0.165625 0.1140625
0 0.596875 0.865625 0.1671875 0.1125
0 0.35234375 0.41875 0.1796875 0.13125
0 0.3359375 0.52578125 0.171875 0.1234375
0 0.31875 0.628125 0.171875 0.1265625
0 0.303125 0.72265625 0.1640625 0.109375
0 0.28828125 0.8140625 0.1609375 0.1125
0 0.1765625 0.48515625 0.1734375 0.128125
0 0.16328125 0.58828125 0.1703125 0.1234375
0 0.1484375 0.68359375 0.1609375 0.10625
0 0.13671875 0.77578125 0.159375 0.0984375
0 0.890625 0.25078125 0.1359375 0.159375
0 0.85703125 0.39453125 0.1421875 0.15
0 0.82421875 0.52890625 0.1421875 0.146875
0 0.79296875 0.65 0.1296875 0.128125
0 0.76171875 0.7765625 0.1296875 0.1265625
0 0.7296875 0.89296875 0.1296875 0.128125
0 1 0.3550125328125 0.9403052093750001 0.3422265625 0.9404885640625 0.33943243437500004 0.9082564328125 0.4661662671875 1 0.491660075 1 0.3550125328125
0 1 0.497444440625 0.90428715625 0.47294076875 0.8718661781250001 0.6015244046875 0.8725351796874999 0.6035409578125 0.9829490234374999 0.6250032359375 0.99711184375 0.5630028031250001 1 0.5481445265625 1 0.497444440625
0 0.9495433953125 0.7477359390625 0.9824001484375 0.63055608125 0.8701371265625 0.6049613359375 0.8364158500000001 0.723859659375 0.9495433953125 0.7477359390625
0 0.9082487374999999 0.8510133015625 0.9405000671874999 0.7478646046875 0.8363970000000001 0.7266857625 0.8378551249999999 0.7382882671875 0.8102420734375 0.8366790171874999 0.9085832375 0.8520215765625 0.9082487374999999 0.8510133015625
0 0.804739271875 0.8431554296874999 0.77412274375 0.9569977171874999 0.8773989859375 0.974242815625 0.9110449703124999 0.8675921890625 0.804739271875 0.8431554296874999