0 0.58203125 0.2609375 0.1421875 0.1
0 0.5671875 0.3421875 0.1421875 0.0984375
0 0.54765625 0.4296875 0.15 0.1109375
0 0.53046875 0.5203125 0.15 0.10625
0 0.5109375 0.6109375 0.15625 0.1125
0 0.48671875 0.70625 0.1609375 0.11875
0 0.46875 0.803125 0.159375 0.11875
0 0.346875 0.5734375 0.153125 0.1109375
0 0.32578125 0.6671875 0.1515625 0.1046875
0 0.30546875 0.76796875 0.1515625 0.109375
0 0.72265625 0.2140625 0.1359375 0.0984375
0 0.709375 0.2953125 0.134375 0.0890625
0 0.69765625 0.37421875 0.13125 0.0921875
0 0.68359375 0.4625 0.140625 0.109375
0 0.66484375 0.55546875 0.1421875 0.0984375
0 0.65625 0.63828125 0.1453125 0.1
0 0.63359375 0.73671875 0.1515625 0.1078125
0 0.615625 0.83515625 0.159375 0.11875
0 0.28515625 0.04375 0.009375 0.0171875
0 0.30859375 0.128125 0.1375 0.1
0 0.28984375 0.20546875 0.1421875 0.0984375
0 0.27265625 0.29296875 0.134375 0.09375
0 0.2484375 0.36796875 0.1421875 0.0953125
0 0.22578125 0.4578125 0.1421875 0.1078125
0 0.20390625 0.546875 0.1453125 0.0984375
0 0.18203125 0.6421875 0.146875 0.1015625
0 0.159375 0.740625 0.15 0.1