0 0.6265625 0.74140625 0.209375 0.234375
0 0.48984375 0.48359375 0.159375 0.1828125
0 0.4046875 0.328125 0.1875 0.215625
0 0.30703125 0.3859375 0.178125 0.20625
0 0.39765625 0.53828125 0.1765625 0.203125
0 0.2828125 0.60234375 0.1609375 0.1828125
0 0.19453125 0.4625 0.1734375 0.209375
0 0.37109375 0.8859375 0.2265625 0.228125
0 0.875 0.4015625 0.1609375 0.19375
0 0.77890625 0.45625 0.165625 0.1953125
0 0.6484375 0.29765625 0.1140625 0.1484375
0 0.7125 0.27109375 0.140625 0.184375
0 0.76875 0.234375 0.134375 0.1703125