0 0.5546875 0.5796875 0.1125 0.1171875
0 0.4875 0.384375 0.10625 0.1140625
0 0.58671875 0.68125 0.1140625 0.1234375
0 0.2890625 0.340625 0.103125 0.10625
0 0.45859375 0.29375 0.1015625 0.10625
0 0.6703125 0.45078125 0.1 0.1078125
0 0.51875 0.48203125 0.10625 0.1140625
0 0.63671875 0.3703125 0.09375 0.0984375
0 0.775 0.73671875 0.109375 0.11875
0 0.31640625 0.43359375 0.1078125 0.1109375
0 0.43125 0.8421875 0.11875 0.1265625
0 0.2625 0.253125 0.1015625 0.10625
0 0.40234375 0.4109375 0.10625 0.109375
0 0.49375 0.7078125 0.1140625 0.1203125
0 0.73828125 0.63515625 0.1078125 0.11875
0 0.34375 0.53203125 0.109375 0.1140625
0 0.37421875 0.31953125 0.10625 0.10625
0 0.40078125 0.734375 0.115625 0.1234375
0 0.7046875 0.54140625 0.1015625 0.10625
0 0.43203125 0.50625 0.1109375 0.1171875
0 0.37265625 0.63203125 0.1109375 0.115625
0 0.4625 0.60390625 0.109375 0.1140625
0 0.828125 0.61875 0.0984375 0.1078125
0 0.60546875 0.2828125 0.0953125 0.1
0 0.79375 0.53046875 0.0984375 0.10625
0 0.61875 0.78671875 0.1171875 0.1265625
0 0.5265625 0.81484375 0.121875 0.1296875
0 0.3453125 0.2265625 0.0984375 0.1015625
0 0.68515625 0.271875 0.0953125 0.1
0 0.865625 0.7140625 0.109375 0.109375
0 0.621875 0.11640625 0.0859375 0.084375
0 0.6546875 0.1921875 0.09375 0.096875
0 0.7546875 0.43828125 0.09375 0.103125
0 0.75546875 0.24375 0.090625 0.0984375
0 0.42578125 0.20859375 0.1015625 0.103125
0 0.7265625 0.16171875 0.0828125 0.0890625
0 0.78984375 0.32890625 0.0890625 0.096875
0 0.90390625 0.590625 0.0984375 0.1109375
0 0.54375 0.121875 0.0890625 0.0953125
0 0.57734375 0.2046875 0.0890625 0.09375
0 0.315625 0.13671875 0.10625 0.109375
0 0.94921875 0.684375 0.1 0.1109375
0 0.69375 0.0890625 0.084375 0.0875
0 0.8265625 0.409375 0.0921875 0.1015625
0 0.7171875 0.35546875 0.0890625 0.09375
0 0.8640625 0.496875 0.09375 0.1046875
0 0.81875 0.04140625 0.1 0.0828125
0 0.984375 0.5578125 0.03125 0.109375
0 0.96484375 0.4609375 0.0703125 0.109375
0 0.88203125 0.10390625 0.05625 0.0890625
0 0.8265625 0.12578125 0.0921875 0.09375
0 0.93984375 0.37109375 0.1 0.1078125
0 0.87265625 0.2 0.1140625 0.1078125
0 0.90390625 0.2875 0.1 0.103125