0 0.43828125 0.49609375 0.140625 0.15
0 0.41015625 0.62109375 0.1375 0.1421875
0 0.384375 0.740625 0.1328125 0.1359375
0 0.35859375 0.8546875 0.1296875 0.13125
0 0.3125 0.625 0.1109375 0.2046875
0 0.275 0.80703125 0.103125 0.184375
0 0.609375 0.50625 0.15 0.315625
0 0.53984375 0.79921875 0.1453125 0.284375
0 0.740625 0.4328125 0.1375 0.15
0 0.7078125 0.56015625 0.134375 0.14375
0 0.678125 0.6796875 0.1296875 0.1359375
0 0.64765625 0.79375 0.128125 0.13125
0 0.6203125 0.9078125 0.128125 0.1359375
0 0.72578125 0.92421875 0.1171875 0.1265625
0 0.75390625 0.81171875 0.11875 0.13125
0 0.784375 0.69609375 0.125 0.1328125
0 0.8171875 0.57890625 0.128125 0.1390625
0 0.85546875 0.4515625 0.134375 0.146875
0 0.85390625 0.9234375 0.0984375 0.1375
0 0.9048920171875 1 0.9108982687499999 0.9717428031249999 0.9270395140625001 0.8908459484375 0.9209271546875 0.889546725 0.8851426515625 1 0.9048920171875 1
0 0.8408006046875001 0.8507432328125001 0.9099496640625 0.863548096875 0.947473465625 0.7371051703125 0.8762605796875 0.724808240625 0.8408006046875001 0.8507432328125001