0 0.4578125 0.53515625 0.1359375 0.2171875
0 0.4890625 0.75390625 0.1234375 0.2375
0 0.5859375 0.80390625 0.0796875 0.121875
0 0.65703125 0.79296875 0.0765625 0.125
0 0.64921875 0.665625 0.0796875 0.13125
0 0.5765625 0.675 0.08125 0.1296875
0 0.56171875 0.5421875 0.08125 0.1375
0 0.63515625 0.5328125 0.08125 0.13125
0 0.62421875 0.39375 0.0828125 0.1390625
0 0.5484375 0.4046875 0.0890625 0.1453125
0 0.57734375 0.25234375 0.0828125 0.1359375
0 0.68203125 0.2421875 0.084375 0.1375
0 0.759375 0.23046875 0.0859375 0.1421875
0 0.775 0.3734375 0.084375 0.1375
0 0.70078125 0.384375 0.0796875 0.1296875
0 0.7140625 0.51953125 0.078125 0.128125
0 0.7890625 0.51328125 0.0828125 0.1359375
0 0.79921875 0.64296875 0.0765625 0.1265625
0 0.72734375 0.646875 0.08125 0.1296875
0 0.73828125 0.77578125 0.075 0.11875
0 0.809375 0.7671875 0.0796875 0.1203125
0 0.88828125 0.48984375 0.115625 0.225
0 0.8607792968749999 0.827973859375 0.95380593125 0.8163343140625001 0.9418062562499999 0.60252848125 0.8471291640624999 0.6134104703125 0.8607792968749999 0.827973859375
0 0.8242928609375 0.3811920640625 0.9461277656249999 0.3646625953125 0.9347478656250001 0.1368262296875 0.8036157734374999 0.158056978125 0.8242928609375 0.3811920640625
0 0.25425716249999997 0.6319655984375 0.322265465625 0.6164384015625 0.30214251875000003 0.494726925 0.2345098453125 0.508352590625 0.25425716249999997 0.6319655984375
0 0.2539956671875 0.639441290625 0.2732764046875 0.7631033390625 0.340021396875 0.7505020015625 0.325011253125 0.631977253125 0.2539956671875 0.639441290625
0 0.36011038125 0.876872178125 0.34419337968749997 0.7603047953125001 0.274007290625 0.769543703125 0.2928475015625 0.8895279484374999 0.36011038125 0.876872178125
0 0.20122176718749998 0.7799868484375 0.2226419890625 0.894113765625 0.2881236671875 0.8844382859375 0.270899409375 0.7698703546875 0.20122176718749998 0.7799868484375
0 0.26418191874999997 0.76126613125 0.25127546875 0.6434513015625 0.1813031265625 0.6498746640624999 0.1993149171875 0.77180803125 0.26418191874999997 0.76126613125
0 0.15923373125 0.5199885328125 0.1788387890625 0.641754440625 0.248481028125 0.6362967984375001 0.2307993421875 0.5133977109375001 0.15923373125 0.5199885328125
0 0.223713590625 0.5057632171875001 0.20492188125 0.3718084828125 0.1320589953125 0.3859838640625 0.1543537609375 0.513053228125 0.223713590625 0.5057632171875001
0 0.1312558484375 0.36837878125 0.1050201078125 0.23334439218749997 0.0317361171875 0.24849506093749998 0.057550754687500004 0.3845047328125 0.1312558484375 0.36837878125
0 0.148425965625 0.5118142125 0.1278870140625 0.37618106875 0.053817159375 0.3886212546875 0.0792222703125 0.5209498671875 0.148425965625 0.5118142125
0 0.1744053125 0.6394273390625 0.15182366249999998 0.5142501796875 0.08197133125 0.5271781109375 0.10516765624999999 0.65322169375 0.1744053125 0.6394273390625
0 0.19446033437500002 0.7704562171875 0.1771543703125 0.645655584375 0.10661719843749999 0.6567934453125 0.1273282015625 0.779374140625 0.19446033437500002 0.7704562171875
0 0.2160401671875 0.891083540625 0.1987630640625 0.7765211640625 0.130498365625 0.7846270984375 0.1501034234375 0.9063930078125001 0.2160401671875 0.891083540625