0 0.775 0.68359375 0.103125 0.084375
0 0.88359375 0.703125 0.1 0.0828125
0 0.653125 0.6265625 0.0953125 0.078125
0 0.8609375 0.64609375 0.103125 0.0859375
0 0.3671875 0.7359375 0.1 0.0828125
0 0.80859375 0.5546875 0.090625 0.075
0 0.95859375 0.675 0.0828125 0.084375
0 0.7515625 0.63359375 0.103125 0.084375
0 0.3875 0.78828125 0.1015625 0.0828125
0 0.8359375 0.59921875 0.096875 0.08125
0 0.3515625 0.684375 0.0984375 0.08125
0 0.50859375 0.86953125 0.109375 0.0890625
0 0.7984375 0.7390625 0.103125 0.08125
0 0.91875 0.57265625 0.1 0.084375
0 0.825 0.38984375 0.09375 0.078125
0 0.378125 0.49921875 0.0953125 0.078125
0 0.4875 0.81015625 0.103125 0.0859375
0 0.67421875 0.67890625 0.0984375 0.0828125
0 0.7890625 0.50546875 0.0953125 0.078125
0 0.94375 0.6234375 0.0984375 0.0796875
0 0.634375 0.58203125 0.096875 0.0796875
0 0.259375 0.940625 0.0921875 0.078125
0 0.87109375 0.48046875 0.096875 0.08125
0 0.425 0.89921875 0.103125 0.0859375
0 0.765625 0.4578125 0.096875 0.0796875
0 0.31640625 0.58125 0.0953125 0.0765625
0 0.31640625 0.85234375 0.09375 0.0796875
0 0.434375 0.6546875 0.1 0.08125
0 0.66640625 0.453125 0.0921875 0.078125
0 0.55625 0.73046875 0.103125 0.0859375
0 0.69609375 0.725 0.096875 0.0796875
0 0.73125 0.58671875 0.0984375 0.078125
0 0.3328125 0.63203125 0.096875 0.08125
0 0.8921875 0.528125 0.0984375 0.0796875
0 0.57578125 0.78515625 0.1046875 0.0875
0 0.45078125 0.70390625 0.1046875 0.0859375
0 0.41484375 0.6015625 0.1 0.0859375
0 0.3953125 0.54765625 0.0953125 0.0765625
0 0.85 0.434375 0.09375 0.0765625
0 0.64453125 0.40546875 0.0953125 0.0765625
0 0.59140625 0.4875 0.1015625 0.0828125
0 0.471875 0.75546875 0.1 0.08125
0 0.40625 0.84140625 0.1 0.0828125
0 0.6859375 0.49765625 0.0921875 0.0734375
0 0.27890625 0.97578125 0.0921875 0.0484375
0 0.6125 0.53515625 0.0984375 0.0796875
0 0.709375 0.53984375 0.096875 0.078125
0 0.671875 0.2984375 0.084375 0.0671875
0 0.2421875 0.890625 0.0859375 0.071875
0 0.621875 0.36328125 0.096875 0.0796875
0 0.69296875 0.33515625 0.08125 0.0640625
0 0.7265625 0.221875 0.0875 0.075
0 0.496875 0.58125 0.1015625 0.084375
0 0.74140625 0.4109375 0.090625 0.071875
0 0.515625 0.63125 0.1 0.0796875
0 0.71875 0.78125 0.0890625 0.078125
0 0.45859375 0.48125 0.09375 0.0796875
0 0.53515625 0.68046875 0.1 0.08125
0 0.7171875 0.371875 0.0875 0.071875
0 0.74921875 0.26328125 0.0953125 0.0734375
0 0.5734375 0.28984375 0.0921875 0.075
0 0.4765625 0.52890625 0.09375 0.0734375
0 0.7984375 0.34375 0.0984375 0.078125
0 0.775 0.30078125 0.0953125 0.0734375
0 0.23046875 0.8390625 0.0984375 0.0796875
0 0.55078125 0.4078125 0.0875 0.0703125
0 0.6015625 0.3234375 0.09375 0.075
0 0.56953125 0.44296875 0.090625 0.071875
0 0.59765625 0.84140625 0.1109375 0.084375
0 0.32890625 0.94765625 0.0828125 0.1046875
0 0.96484375 0.40703125 0.0703125 0.0703125
0 0.36875 0.934375 0.084375 0.13125
0 0.95078125 0.36171875 0.071875 0.0625
0 0.9796875 0.44921875 0.040625 0.0609375
0 0.9890625 0.4953125 0.021875 0.065625
0 0.5625 0.59375 0.078125 0.13125
0 0.89453125 0.2484375 0.090625 0.0734375
0 0.92265625 0.30703125 0.0859375 0.0765625
0 0.9078125 0.2 0.025 0.03125
0 0.88046875 0.2234375 0.071875 0.0453125
0 0.8921875 0.16171875 0.034375 0.05