0 0.033959873437499996 0.263659653125 0.031217510937499998 0.27921236718750003 0.10545234375000001 0.294100178125 0.1090131234375 0.2740434234375 0.107320815625 0.2775058625 0.033959873437499996 0.263659653125
0 0.0305834484375 0.28280831093750003 0.0277022671875 0.2991483046875 0.10153254375000001 0.3103327890625 0.10206878906250001 0.31042734375 0.1049699875 0.29683575625 0.0305834484375 0.28280831093750003
0 0.027367675 0.3010458734375 0.0246354625 0.3165410171875 0.099533759375 0.330664965625 0.1000702734375 0.3307595671875 0.1007286171875 0.314892084375 0.027367675 0.3010458734375
0 0.0246358421875 0.3165388609375 0.0222120265625 0.3302850046875 0.0983998546875 0.35208985312499996 0.0975349765625 0.3509971421875 0.1003986375 0.3317576765625 0.0246358421875 0.3165388609375
0 0.0993950421875 0.349444703125 0.0218830390625 0.3321507859375 0.018837009374999998 0.3494256796875 0.09755087500000001 0.3660433015625 0.0993950421875 0.349444703125
0 0.0966921671875 0.36777230781250003 0.018353471875 0.3521679609375 0.015766203125 0.36684109062500003 0.0953610109375 0.3844613671875 0.0966921671875 0.36777230781250003
0 0.09584935624999999 0.384547475 0.0153073046875 0.369443628125 0.012093560937500001 0.3876696796875 0.09368406562500001 0.40296987343749996 0.09584935624999999 0.384547475
0 0.0945241890625 0.4040582203125 0.0120910078125 0.38768415156249997 0.0098206078125 0.400560234375 0.0931937484375 0.42074740312500003 0.0945241890625 0.4040582203125
0 0.0929772875 0.41882881562499996 0.009524281249999999 0.40224078125 0.0070896390625 0.41604832812500003 0.0913254515625 0.43734174843750007 0.0929772875 0.41882881562499996
0 0.006457598437500001 0.419632809375 0.0035560421874999996 0.4360883484375 0.08894924531250001 0.456667165625 0.0891355859375 0.4557598140625 0.0918129046875 0.43742770000000003 0.006457598437500001 0.419632809375
0 0 0.507051225 0.0490366609375 0.521085446875 0.052856625000000004 0.5114167015625 0.0733782921875 0.4999918671875 0.0772387546875 0.46024355000000006 0.0026011265624999997 0.4415039453125 0.0012888890625 0.4489460140625 0 0.46953369062499994 0 0.507051225
0 0 0.5750611328125 0.04342283125 0.585910265625 0.05025358437500001 0.5231804437500001 0 0.510801021875 0 0.5750611328125
0 0 0.6284657828125 0.038039146875 0.64043335625 0.043614092187499995 0.587824409375 0 0.5777124687499999 0 0.6284657828125
0 0.032755298437500004 0.6883925828125 0.0572408984375 0.69647089375 0.065848696875 0.6086687484375 0.0721329859375 0.606015996875 0.0801501859375 0.5425551671875 0.10962013125 0.5223658484375 0.052535053124999995 0.5132404203125 0.0338041078125 0.688577515625 0.032755298437500004 0.6883925828125
0 0.1555647921875 0.44772866718750004 0.1590022359375 0.434231634375 0.191127765625 0.42297245625 0.217091975 0.251731409375 0.1360983421875 0.244022878125 0.11207395312499999 0.43347859062499994 0.1555647921875 0.44772866718750004
0 0.20850939999999998 0.29440793125 0.183592921875 0.4836977078125 0.4067660359375 0.5315110375 0.43881317500000006 0.3472394296875 0.20850939999999998 0.29440793125
0 0.3875190859375 0.613676375 0.4003430296875 0.5529435234375 0.3038392875 0.527465421875 0.29303619375 0.585733975 0.3875190859375 0.613676375
0 0.1908944640625 0.49626768437499996 0.1810781484375 0.5669329609375 0.284861365625 0.5871131609375 0.29255783125 0.5198349390625 0.1908944640625 0.49626768437499996
0 0.1756860578125 0.636497925 0.279569109375 0.6501142609375 0.27800013749999997 0.6470169796875 0.2860782890625 0.5892081578125 0.183190425 0.5729466703125 0.1756860578125 0.636497925
0 0.171070575 0.6356840921875 0.163214159375 0.6982330609375 0.2664235921875 0.7126708296875 0.275366621875 0.65595471875 0.171070575 0.6356840921875
0 0.16013717031250002 0.6976905046875 0.14971659843750001 0.7597873468749999 0.25350163281250004 0.7743266078125 0.264050696875 0.7141328437500001 0.16013717031250002 0.6976905046875
0 0.1483693640625 0.7614302125 0.13971743125 0.813496603125 0.24045413437500002 0.8359602515625 0.25010125625 0.7812487078125 0.1483693640625 0.7614302125
0 0.080854278125 0.5445597390625 0.0709465359375 0.6067470046875 0.1714754140625 0.6216523281249999 0.1786443015625 0.5627429671875 0.080854278125 0.5445597390625
0 0.0594309421875 0.6780528609375 0.15446555 0.6938698171875 0.155651996875 0.6931388093749999 0.1653684765625 0.6290374 0.0673871921875 0.608940025 0.0594309421875 0.6780528609375
0 0.053082546875000004 0.73804710625 0.1469611796875 0.7574210703124999 0.14744353593749998 0.7546854953125 0.1572209671875 0.696236090625 0.06045660625 0.6782337125 0.053082546875000004 0.73804710625
0 0.0542994703125 0.740142103125 0.046321153125 0.791387059375 0.13750531875 0.8140467578124999 0.1454531609375 0.7599757968749999 0.0542994703125 0.740142103125
0 0.2896985859375 0.5926671421874999 0.280625246875 0.6531211171875 0.374212784375 0.677144803125 0.3858004984375 0.6208950203125 0.38568949531249996 0.61805481875 0.2896985859375 0.5926671421874999
0 0.28718175625 0.10613487656250001 0.2773959171875 0.17962615625 0.3522693109375 0.19282835625 0.3621778875 0.12499997812500001 0.28718175625 0.10613487656250001
0 0.36175721250000004 0.738803009375 0.37424326093750004 0.67997080625 0.2803036765625 0.654944834375 0.2676405171875 0.7147658265625 0.36175721250000004 0.738803009375
0 0.266997375 0.7184132625 0.2573502546875 0.7731248046875 0.351068103125 0.793410628125 0.360393653125 0.7405228046875 0.266997375 0.7184132625
0 0.25632459218750003 0.772943953125 0.247733609375 0.8306623484375001 0.3387265140625 0.8514079015625 0.3473479734375 0.796515509375 0.25632459218750003 0.772943953125
0 0.56640625 0.1765625 0.2015625 0.215625
0 0.53125 0.35703125 0.190625 0.1828125
0 0.49453125 0.51640625 0.184375 0.175
0 0.4609375 0.67109375 0.178125 0.1734375
0 0.43125 0.8125 0.16875 0.153125
0 0.5875 0.84453125 0.1640625 0.1671875
0 0.61875 0.69921875 0.175 0.1609375
0 0.6578125 0.546875 0.178125 0.1734375
0 0.66834059375 0.121631925 0.6369737921875 0.26653468281250003 0.7529346546875 0.2926229703125 0.7833096734375 0.154126803125 0.66834059375 0.121631925
0 0.7468721031250001 0.30001586874999997 0.6387340218750001 0.271546109375 0.61045261875 0.40194954843749997 0.71586575625 0.4308790359375 0.7468721031250001 0.30001586874999997