0 0.0734375 0.3390625 0.146875 0.190625
0 0.07421875 0.50546875 0.1484375 0.2484375
0 0.13203125 0.6796875 0.23125 0.240625
0 0.23203125 0.8578125 0.2328125 0.246875
0 0.32734375 0.9546875 0.2234375 0.090625
0 0.1671875 0.42890625 0.228125 0.2484375
0 0.26171875 0.60234375 0.2234375 0.240625
0 0.36171875 0.78046875 0.2234375 0.24375
0 0.45703125 0.9171875 0.2140625 0.165625
0 0.30546875 0.36875 0.2203125 0.2390625
0 0.396875 0.53203125 0.2234375 0.24375
0 0.49140625 0.703125 0.21875 0.2359375
0 0.58671875 0.878125 0.2 0.2125
0 0.425 0.3 0.209375 0.2328125
0 0.52109375 0.46171875 0.21875 0.2390625
0 0.61640625 0.6359375 0.2140625 0.2328125
0 0.70390625 0.8 0.209375 0.228125
0 0.8234375 0.72421875 0.20625 0.21875
0 0.73515625 0.56015625 0.2109375 0.2328125
0 0.6390625 0.39609375 0.20625 0.2234375
0 0.54375 0.221875 0.2125 0.2328125
0 0.67109375 0.16328125 0.2109375 0.2265625
0 0.76171875 0.32578125 0.2046875 0.221875
0 0.85546875 0.49296875 0.2109375 0.23125
0 0.91953125 0.6578125 0.1609375 0.225