0 0.459375 0.575 0.1328125 0.17734375
0 0.45703125 0.76328125 0.1390625 0.18203125
0 0.59609375 0.38984375 0.12265625 0.16796875
0 0.59765625 0.5734375 0.12890625 0.17109375
0 0.60234375 0.7640625 0.1359375 0.18359375
0 0.7390625 0.2359375 0.11484375 0.06484375
0 0.73671875 0.321875 0.115625 0.071875
0 0.740625 0.40703125 0.12109375 0.075
0 0.7546875 0.4953125 0.134375 0.0765625
0 0.7609375 0.58984375 0.1359375 0.09296875
0 0.76953125 0.6875 0.13671875 0.08984375
0 0.7765625 0.8015625 0.13671875 0.096875
0 0.865625 0.2578125 0.1171875 0.0703125
0 0.87421875 0.3390625 0.12578125 0.0671875
0 0.88203125 0.41875 0.12265625 0.0703125
0 0.88984375 0.5109375 0.11875 0.078125
0 0.89921875 0.6 0.12890625 0.0765625
0 0.91171875 0.69453125 0.12734375 0.08203125
0 0.915625 0.796875 0.115625 0.0859375
0 0.171875 0.203125 0.10703125 0.0875
0 0.1765625 0.3109375 0.10546875 0.09765625
0 0.16640625 0.425 0.11171875 0.1109375
0 0.15390625 0.54296875 0.11640625 0.10234375
0 0.14609375 0.66171875 0.1171875 0.115625
0 0.13671875 0.7984375 0.11796875 0.125