0 0.40390625 0.8046875 0.153125 0.1046875
0 0.39765625 0.7046875 0.1453125 0.090625
0 0.5484375 0.8 0.1328125 0.109375
0 0.54765625 0.70390625 0.1375 0.0875
0 0.53203125 0.615625 0.1375 0.0875
0 0.39296875 0.6203125 0.1375 0.09375
0 0.39296875 0.52265625 0.1375 0.09375
0 0.39609375 0.4359375 0.134375 0.0890625
0 0.39609375 0.35078125 0.1328125 0.0796875
0 0.39609375 0.27109375 0.125 0.0875
0 0.52421875 0.2765625 0.121875 0.0875
0 0.5296875 0.51953125 0.1296875 0.0953125
0 0.52578125 0.43125 0.1234375 0.084375