0 0.9171875 0.571875 0.121875 0.15625
0 0.7328125 0.91328125 0.15 0.1734375
0 0.8109375 0.496875 0.16875 0.225
0 0.72109375 0.68984375 0.15625 0.2171875
0 0.6390625 0.86796875 0.1515625 0.1984375
0 0.55078125 0.82890625 0.15625 0.20625
0 0.62734375 0.65078125 0.15625 0.209375
0 0.7140625 0.459375 0.1703125 0.2296875
0 0.79296875 0.28671875 0.09375 0.0703125
0 0.85625 0.371875 0.0984375 0.075
0 0.77265625 0.33515625 0.096875 0.078125
0 0.62109375 0.37421875 0.115625 0.159375
0 0.5609375 0.515625 0.115625 0.165625
0 0.5078125 0.6921875 0.09375 0.078125
0 0.4546875 0.80078125 0.15 0.184375
0 0.3453125 0.7546875 0.1484375 0.1890625
0 0.41640625 0.5890625 0.15 0.1875
0 0.4890625 0.41875 0.1609375 0.2078125
0 0.57265625 0.2375 0.16875 0.2234375
0 0.340625 0.59453125 0.0828125 0.1421875
0 0.28515625 0.72421875 0.078125 0.1359375
0 0.25625 0.71171875 0.0765625 0.134375
0 0.30859375 0.58046875 0.0765625 0.1375
0 0.3703125 0.17109375 0.1625 0.2015625
0 0.30234375 0.35078125 0.1625 0.1984375
0 0.23359375 0.51328125 0.1578125 0.190625
0 0.17421875 0.671875 0.1453125 0.178125
0 0.116124134375 0.443678621875 0.19925465625 0.1771986625 0.1459194125 0.1575768640625 0.063376734375 0.42933579374999997 0.116124134375 0.443678621875