0 0.9359375 0.3625 0.128125 0.21875
0 0.909375 0.55390625 0.18125 0.2171875
0 0.87421875 0.74296875 0.1984375 0.2234375
0 0.8265625 0.9125 0.19375 0.175
0 0.66796875 0.89375 0.2015625 0.2125
0 0.71171875 0.715625 0.2 0.221875
0 0.75546875 0.52421875 0.1953125 0.2140625
0 0.7921875 0.3296875 0.2 0.2046875
0 0.509375 0.1375 0.2 0.1296875
0 0.4765625 0.3765625 0.3421875 0.43125
0 0.38203125 0.74921875 0.3421875 0.4171875
0 0.14453125 0.684375 0.2890625 0.421875
0 0.2140625 0.3109375 0.3546875 0.4328125
0 0.275 0.07734375 0.2140625 0.1375