0 0.36875 0.49609375 0.128125 0.1703125
0 0.32265625 0.6328125 0.1421875 0.171875
0 0.2703125 0.77734375 0.1203125 0.14375
0 0.23984375 0.6046875 0.125 0.1609375
0 0.2 0.74375 0.1171875 0.140625
0 0.8235556531249999 0.8682743703125 0.8696392 0.7721043484375001 0.7152760921875 0.7327255453125 0.681625121875 0.8218690671875001 0.8235556531249999 0.8682743703125
0 0.9129601953125001 0.6814952984375 0.75932655625 0.6347702281250001 0.7308550984375 0.7150246078125 0.867989284375 0.7806968296875 0.9129601953125001 0.6814952984375
0 0.8227114984374999 0.8705936671875 0.6794379796875 0.8197597421875 0.6481654765625 0.90162116875 0.782843975 0.9598331359375001 0.8227114984374999 0.8705936671875
0 0.7593683375 1 0.7802348546875 0.9588834937499999 0.6338148390625 0.9187238828125001 0.6020436359375 0.9938373374999999 0.6255682796875 1 0.7593683375 1
0 0.16297878906250002 0.55823955625 0.19758993125 0.440821190625 0.07806619687500001 0.4022651296875 0.0421516609375 0.5208285375 0.16297878906250002 0.55823955625
0 0.19663075937500002 0.43127897812500005 0.2383404390625 0.30856443906250003 0.11789176562499999 0.26238898437499997 0.083861340625 0.3981139953125 0.19663075937500002 0.43127897812500005
0 0.23028273124999998 0.3043184 0.269997209375 0.17693779999999998 0.15455048124999998 0.131213696875 0.1161320296875 0.2627709421875 0.23028273124999998 0.3043184
0 0.12491440625000001 0.677027790625 0.1538465546875 0.5772417140625 0.040831687500000005 0.529946346875 0.0076941140625 0.63173645 0.12491440625000001 0.677027790625
0 0 0.7669638390625 0.0848547734375 0.7911497984375 0.1285979328125 0.6770552125 0.0051326234375 0.6483329234374999 0 0.6636513875000001 0 0.7669638390625