0 0 0.363969853125 0.0756922796875 0.365740740625 0.07571614531250001 0.3453703703125 0.07465079375 0.3490740734375 0 0.3481772125 0 0.363969853125
0 0 0.384213334375 0.07465079375 0.38240740781250004 0.0751953125 0.38240740781250004 0.0756922796875 0.36851851875 0 0.36762126875 0 0.384213334375
0 0 0.40187435625 0.076213021875 0.40277777812500004 0.0767578125 0.40277777812500004 0.07465079375 0.38703703749999996 0 0.38614017500000003 0 0.40187435625
0 0 0.4158303671875 0.07881673593750001 0.4240740734375 0.07777524999999999 0.42314814843750004 0.0772545078125 0.403703703125 0 0.4018721671875 0 0.4158303671875
0 0 0.43526631875 0.08040364531250001 0.4379629625 0.079337478125 0.42129629687500003 0 0.41772493125 0 0.43526631875
0 0 0.45295039062500003 0.0814453125 0.45648148125 0.079858221875 0.43981481406249995 0 0.438050903125 0 0.45295039062500003
0 0 0.47410029375 0.0830078125 0.475 0.0819411921875 0.45648148125 0 0.4555930765625 0 0.47410029375
0 0 0.48718970625 0.08561197968749999 0.49259259218749996 0.0840241625 0.47592592656250005 0 0.47411498906249994 0 0.48718970625
0 0 0.502916728125 0.0866536453125 0.509259259375 0.0850656484375 0.490740740625 0 0.48889617812499997 0 0.502916728125
0 0 0.5232658984375 0.0876693625 0.5287037031249999 0.0876953125 0.527777778125 0.08714861874999999 0.509259259375 0 0.50655650625 0 0.5232658984375
0 0 0.5363219140625 0.0064334984375 0.5935185187500001 0.05954925625 0.5990740734375 0.0616322265625 0.5888888890625 0.079858221875 0.5740740734374999 0.0767578125 0.534259259375 0 0.5287650390625 0 0.5363219140625
0 0.065277425 0.6638888890625 0.061111484375000004 0.6009259265625 0.00591275625 0.597222221875 0.0126824109375 0.6601851859375001 0.065277425 0.6638888890625
0 0.06579816875 0.665740740625 0.013723896874999999 0.6629629625 0.020375328125 0.7120897734375 0.06944336718750001 0.7185185187500001 0.06579816875 0.665740740625
0 0.0913145609375 0.6824074078125 0.09704273125 0.678703703125 0.093918275 0.6148148140624999 0.1194346671875 0.5898148140624999 0.0616322265625 0.590740740625 0.0736328125 0.7666666671875 0.0725678234375 0.7666666671875 0.0980842171875 0.7703703703125 0.0913145609375 0.6824074078125
0 0.097176865625 0.31110260625 0.10641609999999999 0.5018518515625 0.151720715625 0.5083333328124999 0.1527622015625 0.49444444374999996 0.1824445359375 0.477777778125 0.1782785953125 0.3046296296875 0.097176865625 0.31110260625
0 0.41365430312499996 0.547222221875 0.41321614531249995 0.3601851859375 0.17723710937499998 0.3481481484375 0.18556899375 0.5388888890625 0.41365430312499996 0.547222221875
0 0.3115887296875 0.5611111109375 0.31106798750000003 0.6203703703125 0.40896761875000004 0.63148148125 0.4110505890625 0.5694444437499999 0.3115887296875 0.5611111109375
0 0.303256846875 0.6231481484375 0.2991536453125 0.5555555562500001 0.19494236250000002 0.55 0.19754607500000002 0.621296296875 0.303256846875 0.6231481484375
0 0.30898501718750004 0.6861111109375 0.3069020453125 0.6833333328125 0.304819075 0.625 0.20067053124999998 0.6268518515625 0.20431573125 0.690740740625 0.30898501718750004 0.6861111109375
0 0.3069020453125 0.75 0.30586056093749997 0.6925925921875 0.199629046875 0.690740740625 0.20275350312499998 0.753703703125 0.3069020453125 0.75
0 0.3048828125 0.8129629625 0.304819075 0.7518518515625 0.199629046875 0.753703703125 0.2001497890625 0.8166666671874999 0.3048828125 0.8129629625
0 0.3027361046875 0.8759259265624999 0.3027361046875 0.8203703703125 0.199108303125 0.81851851875 0.199629046875 0.871296296875 0.3027361046875 0.8759259265624999
0 0.1975911453125 0.6768518515624999 0.19442161875 0.6175925921875 0.0949597609375 0.6166666671875001 0.09600124531250001 0.6796296296875 0.1975911453125 0.6768518515624999
0 0.19338013437499998 0.7509259265625 0.19442161875 0.75 0.192859390625 0.6851851859375 0.09287678906249999 0.6824074078125 0.09704273125 0.7518518515625 0.19338013437499998 0.7509259265625
0 0.1970253328125 0.8148148140625 0.1970253328125 0.8120370375 0.196504590625 0.752777778125 0.0980842171875 0.7518518515625 0.1012086734375 0.8120370375 0.1970253328125 0.8148148140625
0 0.19754607500000002 0.872222221875 0.19598384687499998 0.8175925921875 0.10277090156249999 0.8138888890624999 0.1038123859375 0.865740740625 0.19754607500000002 0.872222221875
0 0.3105472453125 0.6888888890625 0.40688464687500003 0.696296296875 0.4085286453125 0.6388888890625 0.4079261328125 0.6361111109375 0.30898501718750004 0.627777778125 0.3105472453125 0.6888888890625
0 0.3011738765625 0.22314814843750003 0.2991536453125 0.1546296296875 0.2220209828125 0.1490740734375 0.2251454390625 0.22314814843750003 0.3011738765625 0.22314814843750003
0 0.3105472453125 0.690740740625 0.3084642734375 0.7518518515625 0.4053251390625 0.7591806625 0.407405390625 0.6990740734374999 0.3105472453125 0.690740740625
0 0.404280934375 0.8148148140625 0.404280934375 0.7611111109375 0.3084642734375 0.75555555625 0.3084642734375 0.8111111109375001 0.404280934375 0.8148148140625
0 0.4021979625 0.8740740734375001 0.401156478125 0.81851851875 0.3074227890625 0.8111111109375001 0.30898501718750004 0.86944444375 0.4021979625 0.8740740734375001
0 0.509375 0.16953125 0.17109375 0.18828125
0 0.50625 0.35390625 0.16640625 0.15703125
0 0.49765625 0.5171875 0.1609375 0.14921875
0 0.49140625 0.675 0.15546875 0.1484375
0 0.48671875 0.81953125 0.14921875 0.12890625
0 0.64609375 0.82421875 0.140625 0.1453125
0 0.6515625 0.67578125 0.15390625 0.13671875
0 0.66328125 0.51875 0.15390625 0.1484375
0 0.713081365625 0.2518518515625 0.7189453125 0.1101851859375 0.6000801953125 0.0981481484375 0.594352025 0.246296296875 0.713081365625 0.2518518515625
0 0.5917483125 0.384259259375 0.7005835406250001 0.39444444375 0.7083946812499999 0.2601851859375 0.5969557390625 0.2509259265625 0.5917483125 0.384259259375