0 0.31640625 0.425 0.3453125 0.4171875
0 0.5734375 0.36171875 0.3390625 0.415625
0 0.66796875 0.7265625 0.33125 0.3984375
0 0.40859375 0.79375 0.3578125 0.4125
0 0.825 0.1640625 0.2046875 0.2203125
0 0.17890625 0.83203125 0.2796875 0.3359375
0 0.11171875 0.4859375 0.2234375 0.39375
0 0.88359375 0.353125 0.2015625 0.21875
0 0.94375 0.7265625 0.1125 0.215625
0 0.4890625 0.13984375 0.19375 0.134375
0 0.91640625 0.5375 0.1671875 0.21875
0 0.06640625 0.25390625 0.1328125 0.1484375
0 0.25390625 0.20234375 0.2 0.13125