0 0.49609375 0.10546875 0.11875 0.1375
0 0.53828125 0.22265625 0.121875 0.1328125
0 0.5796875 0.3375 0.1171875 0.128125
0 0.61953125 0.44765625 0.10625 0.115625
0 0.6609375 0.5515625 0.109375 0.121875
0 0.69921875 0.66015625 0.1140625 0.11875
0 0.73671875 0.75859375 0.11875 0.128125
0 0.4734375 0.48984375 0.45 0.80625
0 0.28515625 0.56953125 0.465625 0.8359375
0 0.596875 0.0703125 0.1296875 0.1390625
0 0.6359375 0.1859375 0.125 0.128125
0 0.67421875 0.2953125 0.128125 0.125
0 0.71484375 0.4046875 0.1203125 0.13125
0 0.7515625 0.52265625 0.1234375 0.1328125
0 0.790625 0.62421875 0.11875 0.125
0 0.83203125 0.73125 0.1171875 0.1296875
0 0.68984375 0.05234375 0.1140625 0.1046875
0 0.7265625 0.1515625 0.109375 0.11875
0 0.765625 0.26015625 0.109375 0.11875
0 0.803125 0.37109375 0.115625 0.128125
0 0.84296875 0.4796875 0.1171875 0.121875
0 0.884375 0.58984375 0.121875 0.128125
0 0.92109375 0.69609375 0.121875 0.1265625
0 0.77578125 0.03671875 0.1171875 0.0734375
0 0.815625 0.11953125 0.1140625 0.1296875
0 0.8546875 0.23515625 0.1140625 0.121875
0 0.89609375 0.340625 0.109375 0.115625
0 0.93359375 0.4453125 0.1125 0.1203125
0 0.96015625 0.55546875 0.0796875 0.1140625
0 0.97734375 0.66015625 0.0453125 0.1140625