0 0.55234375 0.47734375 0.2 0.196875
0 0.609375 0.62265625 0.203125 0.1984375
0 0.66796875 0.7625 0.1921875 0.1890625
0 0.703125 0.41953125 0.2078125 0.203125
0 0.7578125 0.56484375 0.1953125 0.1921875
0 0.8125 0.7046875 0.19375 0.1859375
0 0.515625 0.81171875 0.1984375 0.1921875
0 0 0.2766440921875 0.058151339062499995 0.4000369484375 0.2268920875 0.333440196875 0.14679035625 0.1847048453125 0 0.232239759375 0 0.2766440921875
0 0.284841278125 0.4966082671875 0.2155300921875 0.3466455140625 0.068954996875 0.4130541296875 0.13546540625 0.5533085843750001 0.284841278125 0.4966082671875
0 0.3501273546875 0.634867696875 0.2888505984375 0.5016123140625 0.1418786625 0.5681893796875 0.2023646796875 0.69758923125 0.3501273546875 0.634867696875
0 0.414826146875 0.7784058593750001 0.35315802343749997 0.6486695921875001 0.20847103749999998 0.708409040625 0.27345325625 0.838415090625 0.414826146875 0.7784058593750001
0 0.4695016328125 0.9094337906250001 0.41445046718749995 0.78862421875 0.2795636015625 0.8492332078124999 0.3387078109375 0.96327609375 0.4695016328125 0.9094337906250001
0 1 0.537536471875 0.8872184750000001 0.581240125 0.9381526828125001 0.7121797562500001 1 0.6890176343750001 1 0.537536471875