0 0.64765625 0.55859375 0.1578125 0.0984375
0 0.64609375 0.66171875 0.16328125 0.09375
0 0.640625 0.76328125 0.15390625 0.08828125
0 0.63671875 0.85390625 0.14765625 0.08125
0 0.81640625 0.44765625 0.153125 0.09140625
0 0.8109375 0.56015625 0.1546875 0.1
0 0.80546875 0.66171875 0.15 0.090625
0 0.7984375 0.759375 0.1484375 0.09296875
0 0.7921875 0.85390625 0.1421875 0.08515625
0 0.60625 0.39609375 0.1265625 0.0703125
0 0.17265625 0.50625 0.0796875 0.140625
0 0.184375 0.659375 0.07265625 0.1359375
0 0.190625 0.7984375 0.07578125 0.11640625
0 0.10234375 0.64609375 0.07109375 0.125
0 0.11171875 0.78203125 0.06796875 0.11875
0 0.95546875 0.328125 0.0890625 0.090625
0 0.95078125 0.4359375 0.0984375 0.08125
0 0.9484375 0.54140625 0.10234375 0.08046875
0 0.94609375 0.6421875 0.10703125 0.0734375
0 0.93984375 0.73828125 0.11953125 0.0953125
0 0.93671875 0.8265625 0.125 0.08515625