0 0.2125 0.178125 0.08828125 0.0890625
0 0.2078125 0.27265625 0.08515625 0.08515625
0 0.2015625 0.37265625 0.0890625 0.0890625
0 0.19453125 0.47578125 0.08984375 0.0953125
0 0.18984375 0.58359375 0.0953125 0.10234375
0 0.1875 0.69453125 0.09921875 0.1078125
0 0.18203125 0.8171875 0.09375 0.11796875
0 0.28515625 0.81640625 0.096875 0.115625
0 0.2859375 0.69609375 0.09375 0.10625
0 0.28828125 0.578125 0.09609375 0.103125
0 0.2921875 0.46953125 0.09140625 0.09375
0 0.296875 0.3703125 0.09296875 0.08671875
0 0.3 0.275 0.0875 0.0890625
0 0.30234375 0.17890625 0.08671875 0.08515625
0 0.390625 0.17890625 0.08359375 0.08984375
0 0.3921875 0.2765625 0.084375 0.084375
0 0.390625 0.37421875 0.08828125 0.09296875
0 0.3890625 0.4765625 0.08984375 0.09375
0 0.38828125 0.58125 0.09375 0.10234375
0 0.38671875 0.69453125 0.0921875 0.103125
0 0.3875 0.81015625 0.09296875 0.10234375
0 0.80546875 0.596875 0.3890625 0.484375