0 0.78671875 0.6640625 0.1046875 0.0890625
0 0.896875 0.67578125 0.1015625 0.0859375
0 0.66171875 0.615625 0.096875 0.08125
0 0.86953125 0.6203125 0.103125 0.0890625
0 0.38359375 0.74453125 0.1015625 0.0875
0 0.81171875 0.5328125 0.0921875 0.0796875
0 0.9640625 0.64140625 0.071875 0.0890625
0 0.7609375 0.615625 0.1046875 0.0890625
0 0.4078125 0.7953125 0.103125 0.0875
0 0.8421875 0.57578125 0.0984375 0.084375
0 0.36484375 0.69453125 0.0984375 0.084375
0 0.534375 0.86796875 0.109375 0.09375
0 0.8140625 0.71796875 0.103125 0.0859375
0 0.92265625 0.54296875 0.1015625 0.0875
0 0.8171875 0.3671875 0.0953125 0.08125
0 0.37890625 0.5078125 0.096875 0.08125
0 0.509375 0.81015625 0.1046875 0.0890625
0 0.68671875 0.66640625 0.1 0.0859375
0 0.78828125 0.48515625 0.096875 0.0828125
0 0.95078125 0.5921875 0.0984375 0.084375
0 0.63984375 0.57265625 0.0984375 0.0828125
0 0.290625 0.95625 0.0921875 0.08125
0 0.86875 0.4546875 0.0984375 0.084375
0 0.45234375 0.90390625 0.1046875 0.090625
0 0.7625 0.4390625 0.0984375 0.0828125
0 0.32265625 0.59375 0.096875 0.08125
0 0.34140625 0.8640625 0.0953125 0.0828125
0 0.4453125 0.65859375 0.1015625 0.084375
0 0.6625 0.44140625 0.09375 0.08125
0 0.571875 0.72578125 0.1046875 0.090625
0 0.71171875 0.7109375 0.096875 0.0828125
0 0.73671875 0.5703125 0.0984375 0.0828125
0 0.3421875 0.64296875 0.0984375 0.084375
0 0.89296875 0.5 0.1 0.084375
0 0.5953125 0.7796875 0.10625 0.090625
0 0.46484375 0.70625 0.1046875 0.090625
0 0.421875 0.6078125 0.1015625 0.090625
0 0.39921875 0.5546875 0.0953125 0.08125
0 0.84453125 0.41015625 0.0953125 0.08125
0 0.6375 0.3953125 0.0953125 0.08125
0 0.58984375 0.48125 0.1015625 0.0875
0 0.48984375 0.75703125 0.1015625 0.0859375
0 0.43046875 0.846875 0.1015625 0.0859375
0 0.68515625 0.484375 0.0921875 0.0765625
0 0.31484375 0.98203125 0.0921875 0.0359375
0 0.61484375 0.52734375 0.1 0.0828125
0 0.71171875 0.52578125 0.096875 0.0828125
0 0.6578125 0.28671875 0.084375 0.0703125
0 0.2703125 0.9078125 0.0875 0.075
0 0.61171875 0.3546875 0.0984375 0.0828125
0 0.68125 0.321875 0.08125 0.06875
0 0.70625 0.20625 0.0890625 0.078125
0 0.50234375 0.58125 0.103125 0.0890625
0 0.734375 0.39453125 0.090625 0.075
0 0.525 0.6296875 0.1 0.084375
0 0.73828125 0.765625 0.090625 0.08125
0 0.4578125 0.484375 0.0953125 0.0828125
0 0.54765625 0.67734375 0.1015625 0.084375
0 0.7078125 0.35703125 0.0890625 0.075
0 0.73203125 0.24609375 0.096875 0.078125
0 0.55859375 0.28515625 0.09375 0.078125
0 0.478125 0.53046875 0.09375 0.078125
0 0.78671875 0.3234375 0.0984375 0.0828125
0 0.7609375 0.2828125 0.0953125 0.078125
0 0.2546875 0.85703125 0.0984375 0.084375
0 0.54375 0.4046875 0.0890625 0.0734375
0 0.5890625 0.31640625 0.0953125 0.078125
0 0.565625 0.43828125 0.0921875 0.075
0 0.62109375 0.83359375 0.1109375 0.0890625
0 0.36171875 0.95390625 0.0921875 0.0921875
0 0.9609375 0.37421875 0.078125 0.0734375
0 0.4 0.9390625 0.09375 0.121875
0 0.93984375 0.33046875 0.071875 0.0640625
0 0.97734375 0.415625 0.0453125 0.0625
0 0.9875 0.45859375 0.025 0.0671875
0 0.56875 0.5890625 0.084375 0.1296875
0 0.8765625 0.221875 0.0921875 0.078125
0 0.9078125 0.278125 0.0875 0.0796875
0 0.8859375 0.17265625 0.0265625 0.03125
0 0.86015625 0.19765625 0.071875 0.05
0 0.86796875 0.13515625 0.0359375 0.05