0 0.3171875 0.1734375 0.13125 0.203125
0 0.54296875 0.33125 0.109375 0.2015625
0 0.55 0.509375 0.109375 0.184375
0 0.75390625 0.63046875 0.09375 0.1734375
0 0.375 0.7046875 0.1109375 0.1625
0 0.35859375 0.5390625 0.1203125 0.1671875
0 0.528125 0.134375 0.109375 0.209375
0 0.8375 0.61875 0.09375 0.1625
0 0.8390625 0.440625 0.103125 0.1890625
0 0.6640625 0.6578125 0.103125 0.153125
0 0.56171875 0.67734375 0.103125 0.1671875
0 0.74609375 0.45234375 0.1015625 0.1859375
0 0.928125 0.61015625 0.1015625 0.1484375
0 0.740625 0.2578125 0.1015625 0.2078125
0 0.82734375 0.24453125 0.1 0.1984375
0 0.10234375 0.7140625 0.1796875 0.1859375
0 0.665625 0.546875 0.078125 0.053125
0 0.4859375 0.5578125 0.0390625 0.140625
0 0.7359375 0.12734375 0.08125 0.0484375
0 0.3390625 0.36328125 0.125 0.1859375
0 0.909375 0.25703125 0.078125 0.13125
0 0.45078125 0.55859375 0.034375 0.1359375
0 0.49375 0.6875 0.0421875 0.1375
0 0.73125 0.0765625 0.0796875 0.05
0 0.15703125 0.42109375 0.0984375 0.3015625
0 0.81484375 0.1203125 0.08125 0.053125
0 0.06953125 0.44765625 0.1390625 0.3453125
0 0.46328125 0.68984375 0.034375 0.13125
0 0.0234375 0.21640625 0.046875 0.0296875
0 0.309375 0.04609375 0.0984375 0.0640625
0 0.21484375 0.67421875 0.096875 0.26875
0 0.0265625 0.2546875 0.053125 0.046875
0 0.03515625 0.14375 0.0703125 0.1125