0 0.7671737640625 0.4446011953125 0.53210786875 0.43483934687500003 0.5343047125 0.8770512593750001 0.7852979359375001 0.8770512593750001 0.7671737640625 0.4446011953125
0 0.2642427796875 0.4243164046875 0.2481614859375 0.8741225265624999 0.5161805421875 0.8741225265624999 0.5084914203124999 0.43776793124999996 0.2642427796875 0.4243164046875
0 0.529911025 0.034603617187500005 0.5320999234375 0.4194335921875 0.7693706078125 0.4338631765625 0.7572878828125 0.0424130515625 0.529911025 0.034603617187500005
0 0.1472502484375 0.936496678125 0.151731075 0.840394771875 0.0901944203125 0.84304951875 0.085414853125 0.9402132265625 0.1472502484375 0.936496678125
0 0.21267034062499998 0.8377400250000001 0.1535234234375 0.8393328484374999 0.14904259687500002 0.9407442078124999 0.21057929843749998 0.938620403125 0.21267034062499998 0.8377400250000001
0 0.15770551093750002 0.7395143953125001 0.1538221640625 0.83986383125 0.2129690359375 0.8345543375 0.2177486015625 0.7342049015625001 0.15770551093750002 0.7395143953125001
0 0.09665381875 0.7380395390625 0.09079185468749999 0.8388019078125 0.15083494687500001 0.837209084375 0.1547182921875 0.737390590625 0.09665381875 0.7380395390625
0 0.2165537328125 0.72942635 0.2192422109375 0.637572115625 0.158302990625 0.6402268624999999 0.15591320625 0.7336739609375 0.2165537328125 0.72942635
0 0.15770551093750002 0.642881609375 0.1045330734375 0.644474453125 0.09527268125 0.73792153125 0.1538221640625 0.737390590625 0.15770551093750002 0.642881609375
0 0.054929015625 0.29252026249999996 0.048749725 0.431248040625 0.232194365625 0.43456545 0.23592727500000002 0.297603265625 0.054929015625 0.29252026249999996
0 0.241526578125 0.1705933609375 0.0690139734375 0.1615889375 0.059681760937499995 0.28717709375 0.2335275390625 0.293811946875 0.241526578125 0.1705933609375
0 0.1604696625 0.1194102671875 0.161002925 0.151162784375 0.24339301249999998 0.14121048593750002 0.24579274843749999 0.1089840953125 0.1604696625 0.1194102671875
0 0.0759249890625 0.089809109375 0.0754165734375 0.10950885937499999 0.16571099218750002 0.1165573953125 0.1659143546875 0.09432739999999999 0.0759249890625 0.089809109375
0 0.15930496562500002 0.14547445625 0.1595488203125 0.121046634375 0.0693156 0.11348495 0.0672819421875 0.138787378125 0.15930496562500002 0.14547445625