0 0.3859375 0.53359375 0.11875 0.20546875
0 0.39609375 0.7515625 0.10234375 0.2203125
0 0.4859375 0.8109375 0.06640625 0.11953125
0 0.55859375 0.81015625 0.06796875 0.121875
0 0.5609375 0.68125 0.065625 0.11640625
0 0.4890625 0.68359375 0.06875 0.125
0 0.4859375 0.55390625 0.0703125 0.1265625
0 0.5625 0.55 0.07109375 0.128125
0 0.5625 0.41015625 0.071875 0.13671875
0 0.4859375 0.4140625 0.06953125 0.134375
0 0.53203125 0.26796875 0.07265625 0.134375
0 0.63515625 0.2734375 0.07109375 0.1296875
0 0.63984375 0.4109375 0.06953125 0.13359375
0 0.640625 0.54609375 0.0703125 0.11875
0 0.6421875 0.67578125 0.06640625 0.1234375
0 0.640625 0.8015625 0.065625 0.1109375
0 0.71171875 0.80234375 0.0640625 0.1140625
0 0.7140625 0.67734375 0.06875 0.125
0 0.715625 0.5421875 0.0671875 0.1265625
0 0.7140625 0.40703125 0.07265625 0.13515625
0 0.7125 0.26640625 0.0734375 0.1390625
0 0.821875 0.30390625 0.115625 0.2234375
0 0.815625 0.534375 0.0953125 0.22421875
0 0.8078125 0.75703125 0.0859375 0.2046875
0 1 0.171296296875 0.9411666750000001 0.171296296875 0.9241536453125001 0.41851851875 1 0.4167164109375 1 0.171296296875
0 1 0.425 0.9172125093749999 0.425 0.901590228125 0.6490740734375 0.9984483734375 0.6509259265625 1 0.5547576359375 1 0.425
0 1 0.6546142640625 0.90679765625 0.6537037031249999 0.8932583453125 0.8629629624999999 0.9869920343749999 0.8648148140625 1 0.6773023015625 1 0.6546142640625
0 0.2366017796875 0.4824074078125 0.16946614531249998 0.48425925937500003 0.17567488125 0.6111111109375 0.24337143437500003 0.6074074078125 0.2366017796875 0.4824074078125
0 0.17567488125 0.6175925921875 0.18348602187500002 0.74351851875 0.2506618328125 0.7324074078125 0.24337143437500003 0.6101851859375 0.17567488125 0.6175925921875
0 0.1829652796875 0.7398148140624999 0.19233864843749998 0.8620370375 0.258993715625 0.85648148125 0.2537862890625 0.7388888890625 0.1829652796875 0.7398148140624999
0 0.1860897359375 0.8648148140625 0.1856119796875 0.8638888890624999 0.18192379375 0.7481481484375 0.11266501250000001 0.746296296875 0.1168309546875 0.8629629624999999 0.1860897359375 0.8648148140625
0 0.1793200796875 0.7398148140624999 0.1736328125 0.61851851875 0.10277090156249999 0.6175925921875 0.10901981406250001 0.7425925921875 0.1793200796875 0.7398148140624999
0 0.1715494796875 0.6101851859375 0.1663015125 0.4824074078125 0.09339753281249999 0.48703703750000005 0.1012086734375 0.6148148140624999 0.1715494796875 0.6101851859375
0 0.1626953125 0.47592592656250005 0.15328294375 0.34351851875 0.0803789640625 0.3490740734375 0.09079381875 0.48425925937500003 0.1626953125 0.47592592656250005
0 0 0.27482789375 0.0064334984375 0.3453703703125 0.08142045 0.33888888906250003 0.06998697968749999 0.20648148125 0.06736039687499999 0.20648148125 0 0.208180384375 0 0.27482789375
0 0.0881901046875 0.477777778125 0.07777524999999999 0.3398148140625 0.00226755625 0.34629629687499996 0.014765381250000001 0.48055555625 0.0881901046875 0.477777778125
0 0.0996464453125 0.6111111109375 0.0918353046875 0.48518518593750004 0.01841058125 0.4861111109375 0.026221721875 0.6129629624999999 0.0996464453125 0.6111111109375
0 0.10901981406250001 0.7388888890625 0.1012086734375 0.6138888890625 0.030387664062500003 0.615740740625 0.0381988046875 0.7388888890625 0.10901981406250001 0.7388888890625
0 0.051217371874999994 0.8574074078124999 0.05173811406249999 0.8574074078124999 0.11578946875 0.8601851859374999 0.10901981406250001 0.7453703703125 0.0423647453125 0.74351851875 0.051217371874999994 0.8574074078124999