0 0.8515625 0.2265625 0.1265625 0.1328125
0 0.86953125 0.33828125 0.1109375 0.1171875
0 0.89375 0.44609375 0.115625 0.11875
0 0.91015625 0.55390625 0.1078125 0.115625
0 0.92734375 0.65546875 0.1125 0.10625
0 0.9421875 0.75390625 0.10625 0.1078125
0 0.8515625 0.77421875 0.1078125 0.109375
0 0.83125 0.6765625 0.1109375 0.1109375
0 0.8109375 0.5734375 0.115625 0.11875
0 0.79296875 0.46640625 0.1125 0.1171875
0 0.76953125 0.35625 0.11875 0.1234375
0 0.7484375 0.24375 0.115625 0.1234375
0 0.64765625 0.26796875 0.1171875 0.1265625
0 0.67265625 0.3828125 0.121875 0.1296875
0 0.69375 0.490625 0.1140625 0.1109375
0 0.715625 0.596875 0.115625 0.11875
0 0.7375 0.69921875 0.1109375 0.1078125
0 0.76015625 0.7953125 0.109375 0.1125
0 0.671875 0.784375 0.0875 0.1609375
0 0.63515625 0.6203125 0.0921875 0.1734375
0 0.5890625 0.45078125 0.096875 0.18125
0 0.446875 0.290625 0.1171875 0.1296875
0 0.478125 0.40546875 0.115625 0.13125
0 0.5109375 0.52265625 0.115625 0.121875
0 0.53515625 0.62890625 0.1140625 0.1171875
0 0.56171875 0.73671875 0.1125 0.1171875
0 0.5828125 0.83984375 0.1109375 0.1125
0 0.4859375 0.85859375 0.1078125 0.10625
0 0.46484375 0.7578125 0.1140625 0.1109375
0 0.43828125 0.6515625 0.1125 0.1234375
0 0.3921875 0.8828125 0.1109375 0.1140625
0 0.36875 0.784375 0.1125 0.1140625
0 0.3390625 0.68046875 0.1140625 0.1109375
0 0.06796875 0.51171875 0.046875 0.0484375
0 0.1109375 0.50078125 0.0484375 0.0515625
0 0.12578125 0.5515625 0.046875 0.05
0 0.08125 0.5609375 0.046875 0.05
0 0.09296875 0.61171875 0.0484375 0.05
0 0.1375 0.60078125 0.046875 0.05
0 0.15 0.6515625 0.0484375 0.053125
0 0.10546875 0.659375 0.0484375 0.0515625
0 0.1203125 0.70703125 0.05 0.0546875
0 0.1640625 0.69765625 0.05 0.0515625
0 0.1796875 0.74765625 0.05 0.0515625
0 0.13515625 0.75546875 0.04375 0.05
0 0.14921875 0.80390625 0.0453125 0.05
0 0.1921875 0.79453125 0.0484375 0.0453125
0 0.20546875 0.83828125 0.0453125 0.0484375
0 0.1625 0.85 0.046875 0.0515625
0 0.175 0.8953125 0.040625 0.0453125
0 0.21640625 0.88203125 0.0484375 0.04375
0 0.2296875 0.928125 0.046875 0.0484375
0 0.18671875 0.93984375 0.040625 0.046875
0 0.11875 0.93125 0.09375 0.109375
0 0.0953125 0.83203125 0.0875 0.1125
0 0.0671875 0.73359375 0.075 0.109375
0 0.04140625 0.628125 0.06875 0.1078125
0 0.02421875 0.51953125 0.0484375 0.1203125
0 0.0140625 0.4046875 0.028125 0.10625
0 0.34642428281250004 0.5108714578125 0.37492407031249997 0.6098875359375 0.46709482343750003 0.5751502515625 0.4409796234375 0.479413759375 0.34642428281250004 0.5108714578125
0 0.249464753125 0.538107125 0.27930011875 0.6358927046875 0.3724334265625 0.6056838796874999 0.34151207656250004 0.5024494625 0.249464753125 0.538107125
0 0.21667355625 0.42391081562500005 0.2485021984375 0.5335786640625 0.339779478125 0.49429823281249996 0.31037239843750003 0.388848725 0.21667355625 0.42391081562500005
0 0.181901078125 0.3054025828125 0.21341286875 0.416084390625 0.307688825 0.38089963125000004 0.27623362500000004 0.2683125703125 0.181901078125 0.3054025828125
0 0.25952980625 0.941117521875 0.35153204374999997 0.9206152328125 0.27341245000000003 0.618211934375 0.175085546875 0.6438450203125 0.25952980625 0.941117521875
0 0.314006109375 0.390916190625 0.4111461546875 0.357015875 0.3808456 0.247023221875 0.283002821875 0.2772864625 0.314006109375 0.390916190625
0 0.43833435625000006 0.4724031359375 0.410965640625 0.36368052500000003 0.3164410515625 0.397024909375 0.3473066703125 0.5050042312499999 0.43833435625000006 0.4724031359375