0 0.83671875 0.2546875 0.1328125 0.1828125
0 0.8421875 0.4390625 0.1296875 0.175
0 0.85078125 0.62734375 0.1296875 0.1796875
0 0.8578125 0.815625 0.1265625 0.1765625
0 0.70078125 0.25390625 0.1265625 0.175
0 0.7046875 0.44296875 0.1359375 0.1796875
0 0.7140625 0.6375 0.1328125 0.1828125
0 0.72265625 0.82578125 0.14375 0.1734375
0 0.55703125 0.26015625 0.1359375 0.178125
0 0.56796875 0.45078125 0.1328125 0.1796875
0 0.575 0.64453125 0.140625 0.1875
0 0.578125 0.8359375 0.128125 0.18125
0 0.41484375 0.26171875 0.146875 0.19375
0 0.42265625 0.45859375 0.1421875 0.1828125
0 0.43125 0.65234375 0.1453125 0.1953125
0 0.4375 0.85 0.140625 0.1859375
0 0.278125 0.6625 0.1609375 0.190625
0 0.2859375 0.86640625 0.1625 0.19375