0 1 0.42832631093750007 0.9027994796875 0.42129629687500003 0.8927376031250001 0.546296296875 1 0.5516436390624999 1 0.42832631093750007
0 1 0.5535959421875 0.8902994796874999 0.5490740734374999 0.8818670984375 0.66851851875 0.9890750046875001 0.672222221875 1 0.5765885328125 1 0.5535959421875
0 0.8818020046875 0.672222221875 0.8734701218750001 0.7810185187500001 0.9791808937500001 0.7925925921875 0.9906372328125 0.6759259265625001 0.8818020046875 0.672222221875
0 0.8694661453125001 0.790740740625 0.8620137828125 0.902777778125 0.9640793546875001 0.9018518515625 0.9763819015624999 0.7953703703125 0.8694661453125001 0.790740740625
0 0.885967946875 0.5416666671875 0.8210286453125001 0.5388888890625 0.8073357968750001 0.727777778125 0.8729493796875 0.73055555625 0.885967946875 0.5416666671875
0 0.8047320828125001 0.734259259375 0.7934244796875001 0.9 0.8599308109375 0.9064814812499999 0.8719078937500001 0.7324074078125 0.8047320828125001 0.734259259375
0 0.35696614531250004 0.32685185156249996 0.3709534 0.9240740734375 0.4834338265625 0.91944444375 0.48759976875 0.3324074078125 0.35696614531250004 0.32685185156249996
0 0 0.2730105859375 0.09600124531250001 0.26851851875 0.0902730765625 0.13703703750000001 0 0.13433175625 0 0.2730105859375
0 0 0.416604025 0.10485387187499999 0.4138888890625 0.09600124531250001 0.2851851859375 0 0.284259259375 0 0.416604025
0 0 0.5563685781250001 0.11006129843750001 0.5527777781250001 0.10225015781249999 0.4240740734375 0 0.42497412187499994 0 0.5563685781250001
0 0 0.6879061156249999 0.11578946875 0.6851851859375 0.10901981406250001 0.55648148125 0 0.5637964531249999 0 0.6879061156249999
0 0 0.7424315390625 0.004350528125 0.8148148140625 0.12568358125 0.8101851859375 0.11578946875 0.69351851875 0 0.69351851875 0 0.7424315390625
0 0.006954240624999999 0.815740740625 0.015286125000000001 0.9259259265625 0.13089100781250002 0.9259259265625 0.12360060937499999 0.8111111109375001 0.006954240624999999 0.815740740625
0 0.29375 0.4765625 0.1234375 0.13359375
0 0.29921875 0.61796875 0.1171875 0.128125
0 0.30078125 0.75 0.12109375 0.11328125
0 0.30546875 0.87109375 0.10859375 0.10859375
0 0.1609375 0.203125 0.13203125 0.13515625
0 0.16640625 0.35078125 0.1203125 0.128125
0 0.16796875 0.48984375 0.12421875 0.1203125
0 0.175 0.625 0.11171875 0.11875
0 0.18125 0.753125 0.11796875 0.1140625
0 0.18984375 0.87109375 0.11796875 0.1046875