0 0.9633971078125001 0.66064453125 0.9625729312500001 0.58203125 0.9584520515625 0.490234375 0.9510344703125 0.4873046875 0.8326278765625 0.48291015625 0.8293311734375 0.48388671875 0.827682821875 0.48828125 0.827957546875 0.6611328125 0.9482872171875 0.66455078125 0.9611993046875 0.6630859375 0.9633971078125001 0.66064453125
0 0.97880323125 0.85693359375 0.9908911437500001 0.85302734375 0.9840230125 0.69091796875 0.9826493859375001 0.6669921875 0.981001034375 0.66357421875 0.874957078125 0.66259765625 0.8474845500000001 0.66357421875 0.8425394953125 0.666015625 0.8425394953125 0.83056640625 0.8494076265625001 0.85546875 0.8557263078125 0.857421875 0.97880323125 0.85693359375
0 0.48808285781249994 0.4560546875 0.4951555109375 0.2734375 0.3100228921875 0.2763671875 0.294640953125 0.4541015625 0.48808285781249994 0.4560546875
0 0.3039799875 0.4482421875 0.286400628125 0.642578125 0.4869151875 0.650390625 0.4979022859375 0.4541015625 0.3039799875 0.4482421875
0 0.3886368015625 0.1728515625 0.38088968125 0.2763671875 0.48197701562499995 0.27734375 0.479230240625 0.1630859375 0.3886368015625 0.1728515625
0 0.6024725281250001 0.26220703125 0.5983516484375 0.1728515625 0.5978021984375 0.1640625 0.596428571875 0.16162109375 0.4928571421875 0.15673828125 0.4857142859375 0.1572265625 0.48434065937500004 0.16162109375 0.48489010937500004 0.2568359375 0.48626373593750005 0.2587890625 0.5936813187500001 0.26513671875 0.6024725281250001 0.26220703125
0 0.6107142859375 0.37353515625 0.6123626375 0.37109375 0.609340659375 0.2724609375 0.6076923078124999 0.267578125 0.5013736265625 0.25927734375 0.496428571875 0.26123046875 0.49478022031249996 0.2705078125 0.4925824171875 0.3623046875 0.49340659374999996 0.3681640625 0.596428571875 0.37353515625 0.6107142859375 0.37353515625
0 0.6118131875 0.380859375 0.6107142859375 0.3759765625 0.50604395625 0.37109375 0.49313186875000004 0.37255859375 0.49368131875000004 0.4833984375 0.583791209375 0.4873046875 0.6140109890625001 0.4853515625 0.6118131875 0.380859375
0 0.61813186875 0.5927734375 0.61840659375 0.5166015625 0.6159340656250001 0.49267578125 0.6140109890625001 0.48828125 0.609065934375 0.4853515625 0.49395604375 0.484375 0.4928571421875 0.48583984375 0.49148351718749994 0.56201171875 0.490934065625 0.60107421875 0.4925824171875 0.6044921875 0.6164835171874999 0.60888671875 0.61813186875 0.5927734375
0 0.6200549453125 0.7265625 0.6208791203125 0.68798828125 0.6208791203125 0.62109375 0.61950549375 0.6123046875 0.6173076921875 0.607421875 0.6120879125 0.6044921875 0.49478022031249996 0.60400390625 0.49313186875000004 0.6064453125 0.4928571421875 0.611328125 0.4898351640625 0.6953125 0.4892857140625 0.72802734375 0.490934065625 0.73095703125 0.61840659375 0.73046875 0.6200549453125 0.7265625
0 0.503571428125 0.861328125 0.6120879125 0.8623046875 0.6192307687499999 0.861328125 0.621153846875 0.85791015625 0.621703296875 0.80712890625 0.6178571421875 0.72998046875 0.49148351718749994 0.73095703125 0.490109890625 0.73291015625 0.4887362640625 0.74267578125 0.4895604390625 0.84423828125 0.4917582421875 0.859375 0.503571428125 0.861328125
0 0.465659340625 0.86181640625 0.478846153125 0.8603515625 0.48296703281250003 0.85400390625 0.4870879125 0.82373046875 0.4892857140625 0.77587890625 0.49313186875000004 0.67236328125 0.49313186875000004 0.66064453125 0.490659340625 0.6552734375 0.46208791250000003 0.6494140625 0.35604395625 0.6455078125 0.316208790625 0.6455078125 0.290934065625 0.64794921875 0.2873626375 0.65234375 0.2854395609375 0.6865234375 0.278571428125 0.85546875 0.2793956046875 0.8623046875 0.30521977968749997 0.86376953125 0.465659340625 0.86181640625