0 0.67911755 0.86001369375 0.7075633 0.8122868249999999 0.6254422859375001 0.770418053125 0.597925625 0.8163054046875 0.67911755 0.86001369375
0 0.67406313125 0.8610554140625 0.5965718078125 0.8171077421874999 0.5935757453125 0.823297709375 0.562999959375 0.872170728125 0.6404823375 0.9169052000000001 0.67406313125 0.8610554140625
0 0.6070000734375001 0.9641001625 0.6357529000000001 0.9189265109375 0.5607597828124999 0.8708773609374999 0.5305106625 0.9207309796875001 0.6070000734375001 0.9641001625
0 0.5792197640625 1 0.6043103421875 0.9641312093750001 0.52946056875 0.9181447453124999 0.5018115953125 0.9611838140625 0.555291459375 1 0.5792197640625 1
0 0.7923623 0.86758136875 0.8262322796875001 0.8158583984375 0.7435368921875 0.7649462687499999 0.70888629375 0.8178025109375 0.7923623 0.86758136875
0 0.759556996875 0.9143751765625 0.7882650078125 0.873135540625 0.70858393125 0.823171759375 0.679050903125 0.8694789234375 0.759556996875 0.9143751765625
0 0.7276729375000001 0.9688286796875 0.7564347078125 0.9228682296875 0.673195953125 0.875206275 0.644178996875 0.9206234312499999 0.7276729375000001 0.9688286796875
0 0.700724903125 1 0.7206146328124999 0.96871345625 0.6388632453125 0.9230981968749999 0.6100288203125 0.9674327734375 0.6664369109375 1 0.700724903125 1
0 0.5184428671875 0.8622852046875 0.6046834078125001 0.7283378593750001 0.5376196984375 0.6852627171875 0.45060995156250006 0.82628974375 0.5184428671875 0.8622852046875
0 0.6294677046875 0.6452340703125 0.724642509375 0.4942695828125 0.6602726125 0.45314571406250004 0.56537124375 0.605852034375 0.6294677046875 0.6452340703125
0 0.4359375 0.59765625 0.0921875 0.0859375
0 0.403125 0.64453125 0.090625 0.0828125
0 0.371875 0.69296875 0.0921875 0.0859375
0 0.4984375 0.63671875 0.09375 0.090625
0 0.4671875 0.6875 0.090625 0.084375
0 0.4375 0.7328125 0.084375 0.0765625
0 0.62706984375 0.49238429375 0.6352689421875 0.4808825453125 0.546671046875 0.4245826828125 0.5394549750000001 0.4370479703125 0.62706984375 0.49238429375
0 0.61898846875 0.5083098796875001 0.6261901140624999 0.4958362625 0.537912959375 0.44090954218749995 0.5312155703125 0.45209034687500005 0.61898846875 0.5083098796875001
0 0.60958461875 0.5222839718750001 0.616781778125 0.5102037453125 0.5276645875 0.455188021875 0.521811725 0.46606443124999997 0.60958461875 0.5222839718750001
0 0.60219806875 0.53623478125 0.6092282421874999 0.5240581625 0.5199353062500001 0.4697329375 0.5144251671875 0.48001525312500004 0.60219806875 0.53623478125
0 0.5919458265624999 0.550907025 0.59946801875 0.5398064390624999 0.512206025 0.48427784999999995 0.5058472875 0.4952581921875 0.5919458265624999 0.550907025
0 0.5840404 0.5661422046875 0.59158945625 0.5526812015625 0.5039755734375 0.49853341249999994 0.4972739046875 0.510107728125 0.5840404 0.5661422046875
0 0.5771727234374999 0.5788086390625 0.5829981531249999 0.569104353125 0.4952307171875 0.513679946875 0.489047940625 0.5239699 0.5771727234374999 0.5788086390625
0 0.567592934375 0.5934731249999999 0.574957078125 0.5814893265625 0.4877520234375 0.5283695374999999 0.4813050109375 0.5396948953125 0.567592934375 0.5934731249999999
0 0.5597009390625 0.6075281140625 0.5668891453125 0.5962347015625 0.4800227421875 0.5429144515625 0.4730745578125 0.553950459375 0.5597009390625 0.6075281140625
0 0.5524992937500001 0.62000173125 0.559015071875 0.6087160734375 0.47179228906250004 0.5571700125 0.4660354171875 0.56691388125 0.5524992937500001 0.62000173125
0 0.5833989015625 0.23942837031250003 0.5135951375000001 0.191999353125 0.5105878421875001 0.19828184375 0.464242653125 0.274877278125 0.533670684375 0.3220893625 0.5833989015625 0.23942837031250003
0 0.486582653125 0.40538367031250006 0.5313558703125 0.326098740625 0.4608490953125 0.28182771562500003 0.413336871875 0.3613132390625 0.486582653125 0.40538367031250006
0 0.43765628593750006 0.4840527359375 0.4796986875 0.4121008828125 0.41333585 0.3693314015625 0.37274698906250003 0.43855858281250004 0.43765628593750006 0.4840527359375
0 0.4342747828125 0.4821004234375 0.3658932640625 0.44262033437500004 0.362499234375 0.449570503125 0.32000290625 0.5203693234375 0.3883542203125 0.562504890625 0.4342747828125 0.4821004234375
0 0.3856938921875 0.5636419078125 0.315819553125 0.5224089390625 0.31511995625 0.5251234046875 0.27259961875 0.5981357796875 0.3417124109375 0.63982006875 0.3856938921875 0.5636419078125
0 0.298958896875 0.7077974421875 0.3390420578125 0.6418421750000001 0.2699959515625 0.6019783875 0.2321004046875 0.66741475625 0.298958896875 0.7077974421875
0 0.4458652359375 0.294560125 0.4956438515625 0.20747339375 0.4213258796875 0.1627839328125 0.3722941515625 0.24584704531249998 0.4458652359375 0.294560125
0 0.3923193359375 0.38036281562499996 0.44283928906250003 0.294595053125 0.372165834375 0.24532746093750002 0.3206167921875 0.3336194953125 0.3923193359375 0.38036281562499996
0 0.1063483109375 0.6034032515625001 0.28384524375 0.3505103203125 0.274701275 0.3406489015625 0.09735976562500001 0.59566804375 0.1063483109375 0.6034032515625001
0 0.1185515765625 0.613503571875 0.2975801890625 0.3589493265625 0.2872493640625 0.3494209265625 0.1087445484375 0.60173195625 0.1185515765625 0.613503571875
0 0.1310040859375 0.6206930328125 0.3095918046875 0.3669024875 0.30273961875 0.3560731578125 0.121818134375 0.6113164734375001 0.1310040859375 0.6206930328125
0 0.1434508765625 0.6283882875 0.3237734421875 0.3740720078125 0.31398196875 0.3656186953125 0.13470005625 0.6187538546875 0.1434508765625 0.6283882875
0 0.15546245625 0.6363414609375 0.3353153328125 0.385317865625 0.326182359375 0.37648104843749997 0.14627650625 0.6269649015625001 0.15546245625 0.6363414609375
0 0.1687737875 0.6440267625 0.3488586296875 0.39160971093749997 0.3387814828125 0.38070039218749996 0.1585085703125 0.6345362296875 0.1687737875 0.6440267625
0 0.1814352640625 0.651845965625 0.35911808125 0.401606021875 0.35262680625 0.3894576828125 0.172475496875 0.6415818015625 0.1814352640625 0.651845965625
0 0.19496127968750002 0.6596552140624999 0.375278071875 0.4058447328125 0.3671335046875 0.3970694390625 0.18754473124999999 0.64671811875 0.19496127968750002 0.6596552140624999