0 0.2640625 0.46953125 0.2265625 0.19375
0 0.26796875 0.6703125 0.2328125 0.2125
0 0.2703125 0.86875 0.2265625 0.1859375
0 0.453125 0.66484375 0.1453125 0.1875
0 0.45546875 0.86640625 0.1546875 0.1875
0 0.59296875 0.6640625 0.1453125 0.1859375
0 0.596875 0.846875 0.1390625 0.18125
0 0.58984375 0.48125 0.140625 0.18125
0 0.58515625 0.28515625 0.14375 0.1875
0 0.7265625 0.28671875 0.1359375 0.19375
0 0.7265625 0.471875 0.1390625 0.18125
0 0.728125 0.65703125 0.1375 0.184375
0 0.72890625 0.84453125 0.121875 0.1703125
0 0.86875 0.8515625 0.1265625 0.175
0 0.86796875 0.65703125 0.1328125 0.1796875
0 0.86328125 0.4671875 0.134375 0.184375
0 0.85703125 0.2828125 0.13125 0.1828125
0 0.140625 0.7921875 0.0484375 0.359375
0 0.0578125 0.74375 0.109375 0.446875
0 0.64609375 0.146875 0.196875 0.084375
0 0.9625 0.28125 0.0703125 0.190625
0 0.96796875 0.8359375 0.0640625 0.19375
0 0.9671875 0.653125 0.065625 0.18125
0 0.965625 0.46875 0.06875 0.18125