0 0.3984375 0.803125 0.15078125 0.10234375
0 0.39375 0.703125 0.14375 0.0875
0 0.54296875 0.80078125 0.13125 0.1078125
0 0.54375 0.7046875 0.1359375 0.08515625
0 0.5296875 0.61640625 0.1359375 0.08515625
0 0.390625 0.61875 0.13671875 0.090625
0 0.39296875 0.52109375 0.13671875 0.090625
0 0.396875 0.434375 0.1328125 0.0875
0 0.3984375 0.34921875 0.13125 0.078125
0 0.4 0.26953125 0.1234375 0.08515625
0 0.528125 0.27734375 0.1203125 0.08515625
0 0.5296875 0.5203125 0.12734375 0.09296875
0 0.52734375 0.43203125 0.121875 0.0828125