0 0.52421875 0.27421875 0.153125 0.13125
0 0.31953125 0.7515625 0.1671875 0.146875
0 0.45078125 0.80859375 0.171875 0.1578125
0 0.35 0.66484375 0.1640625 0.146875
0 0.48671875 0.7125 0.153125 0.1265625
0 0.3828125 0.5796875 0.1546875 0.1296875
0 0.51640625 0.62890625 0.15625 0.1328125
0 0.4171875 0.5078125 0.159375 0.140625
0 0.453125 0.42734375 0.1546875 0.13125
0 0.490625 0.34375 0.1515625 0.1359375
0 0.6375 0.32265625 0.15 0.1234375
0 0.54453125 0.54609375 0.1453125 0.1203125
0 0.57421875 0.4734375 0.1515625 0.134375