0 0.4703125 0.53828125 0.07890625 0.14140625
0 0.4734375 0.684375 0.0796875 0.1359375
0 0.47421875 0.82421875 0.07421875 0.1265625
0 0.3875 0.67578125 0.07890625 0.12421875
0 0.3921875 0.8140625 0.0734375 0.13203125
0 0.2421875 0.8484375 0.1109375 0.10390625
0 0.23984375 0.728125 0.1109375 0.1234375
0 0.2375 0.60703125 0.1140625 0.12109375
0 0.23046875 0.47421875 0.11953125 0.12578125
0 0.22734375 0.3375 0.11640625 0.134375
0 0.09921875 0.34296875 0.11328125 0.13671875
0 0.1046875 0.484375 0.12734375 0.121875
0 0.11796875 0.6125 0.11796875 0.11171875
0 0.125 0.7390625 0.10546875 0.11640625
0 0.1265625 0.8609375 0.11328125 0.10390625
0 0 0.9182762671875 0.068922625 0.915740740625 0.0481119796875 0.622222221875 0 0.622222221875 0 0.9182762671875
0 0.4251106421875 0.28055555625 0.3606119796875 0.2870370375 0.366266715625 0.41203703750000004 0.42771435625 0.4046296296875 0.4251106421875 0.28055555625
0 0.3626953125 0.41851851875 0.36574597343750004 0.5379629625 0.42458989999999996 0.5388888890625 0.42615212812500003 0.4148148140625 0.3626953125 0.41851851875
0 0 0.6175801390625 0.049655143750000005 0.615740740625 0.0241536453125 0.2870370375 0 0.2870370375 0 0.6175801390625
0 1 0.5306134171875 0.8866536453125 0.5324074078125001 0.8786775484374999 0.6324074078125 1 0.6287355453125001 1 0.5306134171875
0 1 0.6353453124999999 0.8762369796874999 0.6416666671875 0.8698249234375 0.7333333328125 1 0.7315528515625 1 0.6353453124999999
0 1 0.73613280625 0.8663411453125001 0.7388888890625 0.8609722968750001 0.83055555625 1 0.8250824187499999 1 0.73613280625
0 1 0.8333643281249999 0.8606119796874999 0.8361111109375001 0.8536818984375 0.925 0.9937616890625 0.9120370375 1 0.8491808984375 1 0.8333643281249999