0 0.4578125 0.6015625 0.08515625 0.09453125
0 0.1828125 0.225 0.08203125 0.08046875
0 0.4578125 0.50078125 0.08359375 0.09140625
0 0.3453125 0.709375 0.0890625 0.096875
0 0.35390625 0.23046875 0.078125 0.08046875
0 0.25859375 0.41875 0.08203125 0.084375
0 0.45703125 0.40703125 0.08203125 0.090625
0 0.26640625 0.23515625 0.0796875 0.08203125
0 0.35 0.4125 0.08125 0.08515625
0 0.1671875 0.40546875 0.0859375 0.08671875
0 0.346875 0.60703125 0.084375 0.09296875
0 0.45859375 0.70546875 0.084375 0.09453125
0 0.35078125 0.32109375 0.0796875 0.0828125
0 0.25546875 0.61640625 0.08671875 0.09375
0 0.165625 0.50078125 0.0875 0.0921875
0 0.459375 0.81171875 0.0875 0.09921875
0 0.65546875 0.8109375 0.0875 0.10078125
0 0.56015625 0.8140625 0.09296875 0.10078125
0 0.25625 0.5125 0.08203125 0.0890625
0 0.26796875 0.153125 0.078125 0.075
0 0.3484375 0.50703125 0.08359375 0.09140625
0 0.178125 0.315625 0.078125 0.08125
0 0.15546875 0.70546875 0.08984375 0.10078125
0 0.2640625 0.32578125 0.08125 0.0828125
0 0.5578125 0.70625 0.09140625 0.09296875
0 0.14765625 0.8171875 0.09453125 0.103125
0 0.3453125 0.81875 0.09140625 0.1
0 0.45234375 0.3109375 0.08359375 0.08359375
0 0.16171875 0.60078125 0.08515625 0.09453125
0 0.8765625 0.61328125 0.11796875 0.15546875
0 0.8921875 0.78046875 0.121875 0.165625
0 0.2453125 0.82109375 0.090625 0.09375
0 0.8640625 0.45078125 0.11015625 0.14609375
0 0.6359375 0.49609375 0.08671875 0.0921875
0 0.54765625 0.49765625 0.0859375 0.0875
0 0.25234375 0.7171875 0.08828125 0.096875
0 0.18671875 0.13515625 0.07890625 0.07890625
0 0.5421875 0.3078125 0.08125 0.08125
0 0.63203125 0.40390625 0.084375 0.0875
0 0.6421875 0.5984375 0.08828125 0.0890625
0 0.48203125 0.1296875 0.075 0.08046875
0 0.62421875 0.309375 0.07421875 0.08046875
0 0.35390625 0.15 0.0765625 0.0734375
0 0.54296875 0.40078125 0.08046875 0.08671875
0 0.45546875 0.221875 0.07578125 0.0796875
0 0.6484375 0.70390625 0.0875 0.0921875
0 0.54140625 0.2171875 0.08828125 0.0859375
0 0.6203125 0.215625 0.07265625 0.08359375
0 0.55 0.5984375 0.0890625 0.09609375
0 0.97265625 0.64921875 0.05390625 0.1359375
0 0.96640625 0.51171875 0.0671875 0.125
0 0.0125 0.484375 0.02421875 0.09921875