0 0.62421875 0.21875 0.1109375 0.1078125
0 0.584375 0.29765625 0.1125 0.1140625
0 0.5359375 0.38046875 0.1203125 0.121875
0 0.48671875 0.47265625 0.121875 0.1234375
0 0.4390625 0.56640625 0.125 0.128125
0 0.3875 0.6625 0.13125 0.134375
0 0.33125 0.765625 0.13125 0.134375
0 0.41953125 0.8140625 0.1328125 0.134375
0 0.46953125 0.7109375 0.1359375 0.1390625
0 0.52421875 0.61015625 0.121875 0.125
0 0.5703125 0.51484375 0.1234375 0.1265625
0 0.6171875 0.42734375 0.115625 0.1171875
0 0.6609375 0.33984375 0.1125 0.109375
0 0.7015625 0.2578125 0.1140625 0.1171875
0 0.77890625 0.29921875 0.1109375 0.1140625
0 0.7390625 0.38359375 0.1078125 0.109375
0 0.69140625 0.4734375 0.109375 0.1125
0 0.65 0.56171875 0.115625 0.121875
0 0.60546875 0.65625 0.121875 0.1265625
0 0.5546875 0.75703125 0.1265625 0.13125
0 0.50546875 0.8578125 0.1328125 0.1390625