0 0.67421875 0.315625 0.2 0.225
0 0.6 0.48828125 0.1984375 0.2171875
0 0.525 0.66328125 0.1921875 0.2125
0 0.45 0.83671875 0.1890625 0.20625
0 0.54453125 0.253125 0.2 0.228125
0 0.47109375 0.43515625 0.1921875 0.2125
0 0.39609375 0.61171875 0.1890625 0.2125
0 0.31875 0.7859375 0.1859375 0.2046875
0 0.41171875 0.203125 0.203125 0.221875
0 0.33515625 0.38125 0.196875 0.2140625
0 0.259375 0.5546875 0.196875 0.2171875
0 0.1828125 0.73046875 0.19375 0.2109375
0 0.2796875 0.1359375 0.2078125 0.21875
0 0.203125 0.31796875 0.1921875 0.20625
0 0.12421875 0.4984375 0.19375 0.2140625
0 0.07265625 0.6765625 0.1453125 0.21875