0 0.63463165 0.2909111859375 0.6828924562500001 0.2660710359375 0.6840315484375 0.2635779671875 0.671399934375 0.23128261718749998 0.669015978125 0.22955221718750002 0.6081813125 0.2600081125 0.6038531765624999 0.264181515625 0.6157861671875 0.29777037968750003 0.63463165 0.2909111859375
0 0.6365385531250001 0.3489785109375 0.644933884375 0.3760607078125 0.6477123812500001 0.3812848328125 0.710491228125 0.3449251328125 0.7125717953125 0.3426090140625 0.7121014078125001 0.33810365781249996 0.7010187343750001 0.3052445390625 0.6973286859375001 0.305548371875 0.635673621875 0.34097943124999996 0.6365385531250001 0.3489785109375
0 0.7703478296874999 0.3065113328125 0.73458643125 0.307056584375 0.7008443671875 0.3115434203125 0.69920426875 0.3126599859375 0.699750503125 0.318176971875 0.7023313812499999 0.326071115625 0.7063095078125 0.33137823125 0.727811715625 0.3334248109375 0.7760265953125 0.3132779390625 0.7761483671875 0.309596290625 0.7750551999999999 0.30739608125 0.7703478296874999 0.3065113328125
0 0.80626910625 0.525706328125 0.807180659375 0.52017836875 0.791148465625 0.47613027656250007 0.78867335625 0.47495267031250005 0.75347280625 0.488284240625 0.7189854953125 0.5075916312500001 0.7099952187499999 0.51502076875 0.7250560171875 0.5531870015625 0.728183825 0.557764371875 0.732450728125 0.559848671875 0.7433691828125 0.5569139171875 0.7883344796875 0.535871325 0.80626910625 0.525706328125
0 0.7882595265625 0.6569696109375001 0.7860724953125 0.6614029515625 0.78844044375 0.673531540625 0.7992649578125001 0.7064846218749999 0.8018159140625001 0.7086738578125 0.8843351 0.6791589484375 0.8879952281250001 0.6731502078125 0.8716290296875 0.6281844484375 0.8604224984375 0.6255082578125 0.841850478125 0.630709065625 0.7882595265625 0.6569696109375001
0 0.8236372218750001 0.6955353703125 0.8022860125 0.7043458109375 0.7994156640625001 0.708508240625 0.8191678281250001 0.757957409375 0.8216276296875 0.7606994406250001 0.8682629468749999 0.7442451921875 0.9029624921874999 0.7295371171875 0.9050583671875 0.7256565734375 0.8905904250000001 0.6794802859375 0.8856402078125001 0.6771250734375001 0.8236372218750001 0.6955353703125
0 0.6149034999999999 0.32317991875 0.5555572390625 0.3504959890625 0.5544181453125 0.3529890578125 0.5583503484375 0.36298945 0.6208703421874999 0.3355574703125 0.6149034999999999 0.32317991875
0 0.6758455546875 0.44742905000000005 0.6609635859375 0.45232602499999996 0.6119129984375 0.4790124859375 0.6109409078125 0.4819643875 0.6131724734375 0.4905052890625 0.6205657921875 0.5148344812500001 0.6237388296875 0.52355233125 0.6255306234375 0.5244590265625 0.6911638140624999 0.49433508281250005 0.691528434375 0.4921238984375 0.6782295078125 0.4491594515625 0.6758455546875 0.44742905000000005
0 0.7120872406250001 0.5329655843750001 0.6976944484375001 0.4966346890625 0.6954774968749999 0.4953631203125 0.676556165625 0.5012106859375 0.6317578703125 0.5227121125 0.6298136875 0.5286159171875 0.63078508125 0.534497775 0.6395902640625 0.5635092703125 0.6420194484375 0.5693801546875 0.6438112390625 0.57028685 0.7086699609375 0.5404447890624999 0.7123906265625 0.53701210625 0.7120872406250001 0.5329655843750001
0 0.65313635625 0.56587581875 0.651556796875 0.5695684390625 0.657416478125 0.5928969734375 0.662395921875 0.6097908546874999 0.664445871875 0.6106035890625 0.7121291281250001 0.592209065625 0.7317797015624999 0.581939134375 0.73115761875 0.57541051875 0.7183443890625 0.5353870015625 0.6960517046875 0.5440204921875 0.65313635625 0.56587581875
0 0.7329870328125 0.756464378125 0.7428700734375 0.789240509375 0.7451628734375 0.79152370625 0.81339225 0.76772948125 0.8180543890624999 0.764473746875 0.8183431640625001 0.7612509328125 0.8091886703125001 0.7328861953125 0.8048612296875 0.7282258374999999 0.7339744328125 0.75194805 0.7329870328125 0.756464378125
0 0.7668247921875 0.432501946875 0.70741799375 0.4572419609375 0.691973784375 0.46702013906250006 0.690151375 0.4692422953125 0.6903789140625001 0.4722771859375 0.7041795453125 0.5077843750000001 0.707656665625 0.5117149875 0.7788628546874999 0.48164110937500004 0.78404465 0.47539193125 0.773771684375 0.45015301093750004 0.771194075 0.442075815625 0.7668247921875 0.432501946875
0 0.647915621875 0.386926659375 0.6441650328125 0.384654434375 0.589754378125 0.40705638437499997 0.5819790421875 0.4130040828125 0.5832085953125 0.4187919796875 0.5882945015625001 0.43356863749999996 0.5906478390625 0.43842789218749995 0.59243963125 0.4393345875 0.65055564375 0.41506437968750004 0.6525450562499999 0.41330105625 0.6535477640625 0.407220303125 0.647915621875 0.386926659375
0 0.718010225 0.6887736828125 0.713332775 0.69359384375 0.7150174093749999 0.7054515203125 0.7185244515625 0.7150870406250001 0.7606340140625 0.7054762109375 0.7889401625 0.695693234375 0.78948709375 0.6923764593749999 0.784674653125 0.6759414125000001 0.78144038125 0.6734812640625 0.7706436984375 0.6727343734375 0.718010225 0.6887736828125
0 0.7945579406250001 0.699883946875 0.789122025 0.6945878046875 0.7232313703125001 0.7159719515625 0.72055864375 0.7174643625 0.7216817328125 0.72536948125 0.7260690140625 0.7414396546875001 0.72957605625 0.751075175 0.7311096906250001 0.75207583125 0.799506071875 0.7287404390625001 0.8020577234375 0.722095915625 0.8012533296875001 0.7166728921875001 0.7945579406250001 0.699883946875
0 0.9225709453125001 0.537416196875 0.903759559375 0.4969777390625 0.8975797890624999 0.48883463125000004 0.8631537109374999 0.5018843171875 0.8473754984375 0.510744825 0.8261905921875 0.5288478609375 0.8257195078124999 0.533176265625 0.8368933359374999 0.5654825890625 0.8437265015625 0.5681917000000001 0.8800807578125 0.5596363953125 0.9170278703125 0.5430710375000001 0.9215988546875 0.5403681 0.9225709453125001 0.537416196875
0 0.9358262843749999 0.5497390453125 0.92867511875 0.535714078125 0.8601110406249999 0.567424396875 0.8507867593749999 0.573935865625 0.850330984375 0.5766998453125 0.8587868515625001 0.606358096875 0.8648900796874999 0.6223233359375 0.8676080374999999 0.62497140625 0.9384496062500001 0.5971087125000001 0.9487153609375 0.5907741921875 0.9496269125 0.585246234375 0.9358262843749999 0.5497390453125
0 0.9229694359374999 0.663018728125 0.9707285375 0.6456358359375 0.9713972421875001 0.6386374125 0.954256571875 0.5939535375 0.9519637734374999 0.5916703390625 0.9146374265625001 0.603177546875 0.8702795984374999 0.6234794203125 0.8885892828124999 0.6713751359375 0.9229694359374999 0.663018728125
0 0.9144808609374999 0.6629906078125 0.8981710250000001 0.6736034656250001 0.8908813859375 0.68249209375 0.900172265625 0.7144445171875 0.9041197765625 0.722880484375 0.9063367281250001 0.7241520515625 0.990920475 0.7027192109375 0.990177315625 0.6910384828125 0.9730519546874999 0.64479018125 0.9701516859374999 0.643247703125 0.9144808609374999 0.6629906078125
0 0.8635229984375 0.6217816765624999 0.8636753875000001 0.614971178125 0.8488122062500001 0.5741349265625 0.846792875 0.570193340625 0.8422678156250001 0.568203 0.798730384375 0.5835297109375001 0.7666882609375001 0.5983097984375 0.761145184375 0.603964640625 0.7651678453125 0.6222459984375 0.7756131265625 0.6501409265625 0.7784222390625 0.6522362015625001 0.7865615015625 0.6529110796875 0.859528865625 0.6268727484375 0.8635229984375 0.6217816765624999
0 0.81615368125 0.5205497828125 0.773435953125 0.539735090625 0.7449774125 0.5563285687499999 0.7421676046875 0.5630670531249999 0.7443685515625 0.5747368078124999 0.754221671875 0.60180803125 0.7560740015625 0.60529078125 0.7588984234375 0.6058216296875 0.7990039624999999 0.590704790625 0.8375306374999999 0.5704468109375 0.823593621875 0.5313519343750001 0.81615368125 0.5205497828125
0 0.627266665625 0.3357254234375 0.564215046875 0.36490975312499996 0.5601450671875 0.36898919375 0.5619514718749999 0.3771652234375 0.5738392343750001 0.40661360625 0.5762078796875 0.409908434375 0.6411424453125 0.3810780046875 0.643648171875 0.3791267578125 0.6440281015625 0.3753511484375 0.6352076125 0.34790407968750003 0.627266665625 0.3357254234375
0 0.678522234375 0.442817490625 0.6709619140624999 0.418029465625 0.6676517953125 0.4145576875 0.6596795359375001 0.4143416453125 0.6001516609374999 0.4339295484375 0.5971748484375 0.44020919843749995 0.5990564046875 0.45823061875000004 0.6014702796875 0.46566592812499996 0.6098057671875 0.481338309375 0.6120227203125 0.4826098765625 0.6763651265624999 0.45295573906250003 0.6780963796874999 0.451286378125 0.678522234375 0.442817490625
0 0.727041484375 0.584161053125 0.6721298234375 0.6051864984375 0.6645973359374999 0.6126046625 0.6638834015625 0.615462603125 0.6654469578125 0.62216816875 0.6789281968750001 0.6640270234375001 0.6819954671875 0.6660283359375 0.7605365234375 0.6312063140624999 0.761159303125 0.62890116875 0.7447172578125001 0.582923778125 0.74190814375 0.580828503125 0.727041484375 0.584161053125
0 0.4155223171875 0.36602843906250004 0.4516490328125 0.35443824375 0.4812765859375 0.34105660625 0.4693282859375 0.30903216875 0.46677733125 0.30684293125 0.41396154531249996 0.3239878328125 0.400947215625 0.33080313437500003 0.41373052499999996 0.36512174375 0.4155223171875 0.36602843906250004
0 0.48905068749999997 0.3439428640625 0.48390285000000005 0.34425766874999997 0.4666974640625 0.3500003 0.4233416484375 0.373055178125 0.424509965625 0.385100778125 0.432693065625 0.407583659375 0.43507701875000004 0.4093140609375 0.5046883390625 0.3844972296875 0.5051747328125 0.3786044 0.5036111765625 0.371898834375 0.493985596875 0.3478625015625 0.48905068749999997 0.3439428640625
0 0.5030444890625 0.4297826953125 0.519521328125 0.41962867187499997 0.5080740359375 0.38898073593750004 0.43914603281250003 0.41406847812500003 0.43802224843750004 0.4149971203125 0.450881403125 0.450327359375 0.4522480375 0.45086918281250005 0.5030444890625 0.4297826953125
0 0.4823377390625 0.5214974609375 0.48892666562500003 0.540403628125 0.49079430312500005 0.542321953125 0.564095671875 0.517201290625 0.549764115625 0.474612690625 0.5462563765625 0.47381093124999996 0.4994387484375 0.49137077187499995 0.47960586406249994 0.5027462953125 0.47795045625 0.5054272875 0.4823377390625 0.5214974609375
0 0.49512174375000007 0.5469823109374999 0.49466596718750006 0.549746290625 0.50002464375 0.571698321875 0.5072363484375 0.5882993437499999 0.511579096875 0.591395275 0.5740830875 0.57436148125 0.5830886734375 0.5653679171875 0.5705489078125 0.5236860125 0.5673146359375 0.5212258640625 0.5587349078125 0.521750540625 0.49512174375000007 0.5469823109374999
0 0.5151454421875 0.6124408078125 0.5226299171875 0.636217203125 0.5279294484375 0.6379256578125 0.6000457984375 0.6199913421875001 0.6039181578124999 0.6185819171875 0.604282778125 0.616370734375 0.5876584234375 0.5714989359375 0.5142206687499999 0.5930319109375 0.511517325 0.597653175 0.5151454421875 0.6124408078125
0 0.533987603125 0.64091685 0.52976593125 0.64297303125 0.5293860015625 0.646748640625 0.53939011875 0.684676884375 0.616137990625 0.6666156859375 0.6194940375 0.665394184375 0.6211647515625 0.6611487671875 0.614303753125 0.6262334671875001 0.6114494109375 0.6199977109375 0.6080328265625 0.6186431546875 0.533987603125 0.64091685
0 0.6248378984375 0.6712434484375 0.6201152203125 0.6719231265625 0.54824171875 0.6913279078125 0.5478158640624999 0.6997967953125 0.5530228484374999 0.719725565625 0.557850596875 0.7345961859375 0.55921723125 0.735138009375 0.64064185625 0.7210904109375 0.6410976328125 0.7183264312500001 0.633400928125 0.68995071875 0.6282997109374999 0.6767384875 0.6248378984375 0.6712434484375
0 0.6589677921875 0.7497543421875 0.6519537078125001 0.730483303125 0.6482337375 0.7250822265625 0.5935196953124999 0.7434376546875 0.5725783359375 0.7541773953125 0.5718644015625001 0.7570353359374999 0.5763727609375 0.778257621875 0.5796063375 0.7895515296875 0.5818079796875 0.7923875234375 0.641016465625 0.7791512859374999 0.6619425156250001 0.769975971875 0.6621860609375 0.7626126765625 0.6589677921875 0.7497543421875
0 0.5874870828125001 0.7903204984375 0.5836147234375 0.791729921875 0.58349295 0.7954115703125 0.5924950546875001 0.8305868078125 0.5965184125 0.8400344046875 0.6603431109375 0.8282357125 0.6806463828125 0.82136554375 0.6803276875 0.8188834484375 0.6744833125 0.7939904875 0.667620921875 0.7767427078125 0.5874870828125001 0.7903204984375
0 0.3524240984375 0.4175733046875 0.36016673125 0.44125573906250004 0.3640084734375 0.44297516718749996 0.427694765625 0.41511868906249993 0.4208020265625 0.40099966406250004 0.41250029843749997 0.3770011078125 0.38484685 0.3901838484375 0.351984328125 0.4099390984375 0.350936390625 0.4118793703125 0.3524240984375 0.4175733046875
0 0.364614528125 0.4510684703125 0.3637489015625 0.45190315 0.3727670109375 0.4766802015625 0.4187190125 0.459955040625 0.44318341875 0.448452634375 0.43082527031250006 0.41449889687499997 0.364614528125 0.4510684703125
0 0.49911327187500004 0.5772262140625 0.49352635781250004 0.561073053125 0.48344500312500005 0.5398007 0.4652069890625 0.545919175 0.4259969984375 0.56590624375 0.41366598593750004 0.57299245625 0.41216227187500004 0.5776967078124999 0.42596290000000003 0.613203896875 0.430396803125 0.6157470328125 0.43803505937500004 0.6150454078125 0.48442752968749997 0.59712069375 0.5001298953125 0.5872485546874999 0.49911327187500004 0.5772262140625
0 0.5182571578124999 0.6274163953125 0.515054196875 0.6129936359375 0.5062337078125 0.5855465671875 0.47112431250000003 0.5983253421875 0.447737765625 0.6135923828125 0.43607476093750003 0.6225139328125 0.433978884375 0.626394478125 0.4383807796875 0.649733984375 0.44501563125 0.6639468749999999 0.44654926718750004 0.66494753125 0.515189190625 0.6342488421875 0.5181353843750001 0.63109804375 0.5182571578124999 0.6274163953125
0 0.5204729875 0.6463553859375 0.51178679375 0.648997284375 0.458393459375 0.6725878125 0.45268338124999996 0.6777838187499999 0.45597749531250004 0.6916537828125 0.45997023593749997 0.7042302312500001 0.46303750624999995 0.7062315453125 0.47041760468750005 0.70562388125 0.5343494625 0.68287420625 0.53643003125 0.6805580875 0.5253473578125 0.64769896875 0.5204729875 0.6463553859375
0 0.5385237046875 0.6943453578125001 0.5359122109375 0.6895800640624999 0.4750476234375 0.714331053125 0.46305061406250003 0.722334934375 0.47686585625 0.7651114578125 0.47965966250000003 0.7687711578124999 0.5508505421875001 0.74026170625 0.5385237046875 0.6943453578125001
0 0.5649711468749999 0.7517500046875 0.5594900015625 0.74231338125 0.5568478906250001 0.740676940625 0.536726928125 0.74644151875 0.49299187812499995 0.764438246875 0.4832271296875 0.77214926875 0.4852916921875 0.7802313359374999 0.4951594234375 0.8145718937499999 0.49892531875 0.8152796921875 0.5690223359375 0.793403790625 0.5740337890625 0.7895012984374999 0.5730324734375001 0.7779145328125 0.5649711468749999 0.7517500046875
0 0.5760527843750001 0.8022765140624999 0.572985515625 0.8002752 0.5552944328125 0.8030769015624999 0.5089019625 0.821001615625 0.5042245140625 0.8258217765625 0.502796646875 0.8315376578125001 0.5089144859375 0.8547722312499999 0.5146684031250001 0.8713842265625 0.51764451875 0.8739383343749999 0.590672421875 0.8504760609375 0.5914621999999999 0.84862975 0.5843270406250001 0.824206596875 0.5760527843750001 0.8022765140624999
0 0.418834465625 0.8683328093749999 0.4272604140625 0.8922861531249999 0.430889228125 0.8982400265624999 0.4900065578125 0.885556584375 0.5048739125 0.873390275 0.49336677812499996 0.8313325218750001 0.4739444421875 0.835803584375 0.42721796718749994 0.85281063125 0.422798675 0.8575368296875 0.418834465625 0.8683328093749999
0 0.4009516015625 0.8031343484375 0.4052922625 0.8327315593750001 0.41406821875000005 0.8472043859375 0.426231534375 0.8484931 0.476101125 0.8344989984375 0.49004162031250004 0.8294250734374999 0.49154533437500003 0.824720821875 0.47492167343749997 0.7710152625 0.4124322953125 0.795318390625 0.4009516015625 0.8031343484375
0 0.379803265625 0.7562718171875 0.39519806874999996 0.7953557203125 0.399723128125 0.7973460593749999 0.44669245 0.781809478125 0.46581140000000004 0.7732918953125 0.4692133703125 0.7673771171875 0.45626375625 0.7237659125 0.4011398625 0.7401920421875 0.381382825 0.7525791953125001 0.379803265625 0.7562718171875
0 0.4180211 0.618692565625 0.36675356406250004 0.6441074578125 0.3512940453125 0.6554500609375 0.36043323125 0.6853792249999999 0.36313588124999996 0.6895917218750001 0.3839853875 0.6882385390625 0.39929251718750003 0.683706434375 0.43801611406249996 0.6696121984375 0.43839604374999996 0.6658365890625 0.425461040625 0.62949471875 0.4180211 0.618692565625
0 0.40098833125000005 0.5718909453125 0.405438240625 0.5640358953125 0.40556001249999996 0.560354246875 0.394613725 0.5310828140625 0.3929130890625 0.5296233234375001 0.360278803125 0.5435797046874999 0.3238173875 0.5630859906250001 0.3207800375 0.5667895859375001 0.323178603125 0.575789321875 0.3303443828125 0.597083621875 0.3337456578125 0.600002603125 0.3475643796875 0.5986103265625 0.393030684375 0.5789442375 0.40098833125000005 0.5718909453125
0 0.372340503125 0.4763158203125 0.348225409375 0.48717146875 0.3246565515625 0.5035441015625 0.3016492375 0.5238692953124999 0.3135063796875 0.5564465296875001 0.3589420671875 0.5399092921875 0.3855023515625 0.524526340625 0.3874917625 0.5227630171875 0.388054003125 0.5178818171875 0.376592096875 0.47996454687499995 0.372340503125 0.4763158203125
0 0.27201600937500003 0.4416432765625 0.27397410624999996 0.45184256562499997 0.27825562187499997 0.4611962015625 0.281748053125 0.46356238593750004 0.30481520781250004 0.4546470109375 0.3492342703125 0.4280874328125 0.33558533437500004 0.39460350312500003 0.27596491093750003 0.432411721875 0.271970778125 0.43750279374999995 0.27201600937500003 0.4416432765625
0 0.7006470296875 0.664955521875 0.7069019515625 0.6829440203125 0.7120490921875 0.691462975 0.76437918125 0.6713771453125 0.7758904921875 0.6604323359375 0.765429903125 0.63410183125 0.7601609890625001 0.629264525 0.7058867203125 0.655254159375 0.702773521875 0.6579461249999999 0.7006470296875 0.664955521875
0 0.449423090625 0.4534562328125 0.468795325 0.506681009375 0.47125512656249996 0.5094230421875 0.5469717640625 0.47407016874999997 0.5480197015625 0.472129896875 0.5475040812499999 0.4634840609375 0.5356921671875 0.4350473078125 0.5311824171875 0.43149254218750005 0.4700151390625 0.44336325 0.449423090625 0.4534562328125
0 0.40033910468749995 0.5186065859375 0.43500803125000004 0.5070273640625 0.452411034375 0.49861471718750006 0.45734664062499997 0.49370059531250005 0.45878981718749995 0.4864202875 0.45028802187499994 0.46145531249999994 0.4480863796875 0.45861931875 0.4424375359375 0.45755762187500004 0.397867475 0.473260178125 0.381314790625 0.48240257187499996 0.3797352296875 0.48609519375000004 0.38383443437500003 0.49655442031249997 0.3942045640625 0.514603959375 0.39699836875 0.518263659375 0.40033910468749995 0.5186065859375
0 0.325138565625 0.37866033125 0.31400927031250003 0.35932825 0.3088614328125 0.35964305625000004 0.2441537109375 0.4003421359375 0.2457471875 0.412752609375 0.25049909062500003 0.42661160000000004 0.25236673125000003 0.428529925 0.25552515625 0.4299784421875 0.268174865625 0.42537432500000005 0.32544125468749996 0.39154061093750003 0.32762828593750004 0.387107271875 0.325138565625 0.37866033125
0 0.2825201578125 0.4840660859375 0.29407391562499996 0.5125967984375001 0.3153339703125 0.504339153125 0.36704197656250004 0.4777247078125 0.3678623734375 0.4727495453125 0.35800995 0.4368445625 0.35545899375 0.43465532656250006 0.33866345937500003 0.4423272546875 0.2849806546875 0.47797435781250003 0.2825201578125 0.4840660859375
0 0.42332248906250003 0.6058510390625 0.4104626359375 0.579354559375 0.40662089375 0.57763513125 0.3572822296875 0.5987106453125 0.34173155781250003 0.61060604375 0.33928636874999996 0.6151333453125 0.3401819171875 0.6200035734375 0.3476816984375 0.6422155421875 0.3521309125 0.6431942515625 0.37639769843750004 0.6343618640625001 0.40629871875 0.6193218375 0.419662359375 0.6118597796875 0.42332248906250003 0.6058510390625
0 0.3846538609375 0.6931914156250001 0.372915009375 0.7011013328125 0.3650179 0.71073068125 0.3773913578125 0.7431199921875 0.37951715468749997 0.74494435625 0.45280391093750005 0.712554359375 0.45556779531249997 0.7105091515625 0.45543140937500004 0.706921465625 0.44222294218749997 0.6722379828125 0.43795604062500004 0.67015368125 0.3846538609375 0.6931914156250001
0 0.2890016546875 0.5139233328125 0.27910330625 0.482711628125 0.217949246875 0.519519190625 0.21791863125000002 0.5226480421875 0.22913838281249999 0.5502610875 0.2402391484375 0.5462207390625 0.2850075234375 0.5190144046875 0.2890016546875 0.5139233328125
0 0.294953796875 0.5190315828125 0.2461161375 0.5414836000000001 0.229578065625 0.5578953265625 0.22780088437499998 0.564257965625 0.24117635625 0.5994002828125 0.242709990625 0.6004009390625 0.3175004609375 0.5633066921875 0.294953796875 0.5190315828125
0 0.2423450109375 0.602612253125 0.2563578703125 0.6427187609375 0.2590605203125 0.64693125625 0.32452671093749996 0.616348478125 0.330054478125 0.6122580625 0.331041878125 0.607741734375 0.318349725 0.5728703281249999 0.3036507609375 0.5678279515625 0.2499839625 0.5930768671875 0.2423450109375 0.602612253125
0 0.3301257890625 0.666272384375 0.34610162187500004 0.654741859375 0.3476811828125 0.6510492375 0.34711963749999997 0.6470966781249999 0.3334860109375 0.6120483234375 0.33145136875 0.6096711640625 0.2800321390625 0.6330627953125 0.2640716140625 0.6430288953125001 0.2623097421875 0.647827109375 0.27131254375 0.6741685859375 0.2755940578125 0.683522221875 0.27797801093749996 0.6852526234375 0.29800781875000004 0.6800408421874999 0.3301257890625 0.666272384375
0 0.27390664062500003 0.7069995859375 0.28467061718750003 0.7373766093749999 0.3549805625 0.7112662656250001 0.362588896875 0.70485973125 0.365231703125 0.6976624109375 0.3459193109375 0.65584745 0.34412751875 0.65494075625 0.276520225 0.6852635968749999 0.27043021562499997 0.6942352140625 0.27390664062500003 0.7069995859375
0 0.3772535578125 0.748366328125 0.3664742734375 0.7195537296875 0.3613723625 0.71517525625 0.2963619484375 0.7429940562499999 0.294357228125 0.7463218046875 0.30586505937499997 0.779545796875 0.30805139375 0.7839462171875 0.3109516625 0.7854886953125 0.320913334375 0.783941415625 0.359607009375 0.7641422718750001 0.3748842171875 0.753905259375 0.3772535578125 0.748366328125
0 0.31172415937500003 0.8205415578125 0.317144071875 0.836235884375 0.32065180937500004 0.8370376437499999 0.39296647500000004 0.8075995499999999 0.3952446609375 0.8026134140625001 0.3766462015625 0.7579405125 0.317437021875 0.780010509375 0.3060474828125 0.787273671875 0.3049536203125 0.793907221875 0.31172415937500003 0.8205415578125
0 0.3355942265625 0.8347167578124999 0.32068164062500004 0.8427425859375001 0.3194360828125 0.8473528765625 0.331703078125 0.8818594093750001 0.3363492140625 0.8890018609375 0.4029238796875 0.859054865625 0.409848896875 0.8523774203125001 0.3961241140625 0.8178818609375 0.39211536874999997 0.8157035984375 0.379754434375 0.8170849015625 0.3355942265625 0.8347167578124999
0 0.3394436890625 0.9232095906250001 0.344696596875 0.9384450843750001 0.3528052421875 0.9422488140624999 0.4037986171875 0.9273260703125 0.4210193109375 0.9200190140625001 0.4276256328125 0.910859475 0.408890790625 0.8625988859374999 0.332491534375 0.8888470875 0.33080550937500003 0.8946569296875 0.3394436890625 0.9232095906250001
0 0.2139290515625 0.6410141921875 0.20609247968750002 0.6532195953125 0.22119711718750001 0.7131938328125 0.23410080625 0.7614983140625 0.2444855484375 0.7868171890625 0.269435653125 0.7782557109375 0.27056013437500004 0.7684933078125 0.2675241765625 0.7545293828124999 0.2511586734375 0.7007298625 0.22838586093750002 0.63575234375 0.2139290515625 0.6410141921875
0 0.2777846765625 0.8011978171875 0.274231709375 0.796255575 0.24973738124999997 0.8020530734375001 0.2498723734375 0.8233082812499999 0.28293738125 0.9318249906249999 0.28811444375 0.946048853125 0.2910147140625 0.94759133125 0.308159559375 0.9392726453125 0.31201730625 0.9305938875 0.30711440625 0.9058778765625 0.2811247171875 0.810374503125 0.2777846765625 0.8011978171875
0 0.8704188625 0.44779782968750004 0.8545954203124999 0.45251785624999996 0.8210801999999999 0.46887334375 0.8090984984375 0.4753127984375 0.8001687609375001 0.48531799062500003 0.8138629265624999 0.522942403125 0.8201644703125 0.5274038640625001 0.8654484640625 0.508843365625 0.889320709375 0.49651725312500006 0.8965950390625 0.48919305 0.87596124375 0.45097674843749996 0.8704188625 0.44779782968750004
0 0.7875691546875 0.43222626875000003 0.779429196875 0.4403851515625 0.778532953125 0.44434868437499997 0.7877180640625 0.4695845703125 0.796903871875 0.48598669531249994 0.8616108984374999 0.454121375 0.8694773890624999 0.44762087968750003 0.8701913234375 0.4447629390625 0.8475994281249999 0.3963473484375 0.8448661609375 0.3952637046875 0.7875691546875 0.43222626875000003
0 0.8040459921875 0.4220722453125 0.829831803125 0.40697117968749996 0.8446080046875 0.395357665625 0.8480705125 0.39201894375 0.8437743859375001 0.3753959734375 0.8421043656249999 0.37080763125 0.8301852921874999 0.3533218609375 0.82313989375 0.3460134328125 0.7704444890625 0.3771442078125 0.755318975 0.389404478125 0.7545897328125 0.393826846875 0.767114884375 0.42823941718749997 0.7706678515625 0.433181659375 0.7743579015625001 0.432877828125 0.8040459921875 0.4220722453125
0 0.7378262078125 0.3807024015625 0.7407410890625 0.389514215625 0.7454025343749999 0.39509224062500004 0.76118005 0.3950654921875 0.80139275 0.3689976703125 0.810337796875 0.35742805 0.8009390609375 0.34526036875 0.7892315234375 0.34120767500000004 0.7452223109375 0.36969655156250003 0.7378262078125 0.3807024015625
0 0.61924989375 0.3095446796875 0.6296798671875 0.339004034375 0.631972665625 0.3412872328125 0.667188525 0.32639123593749997 0.69778816875 0.3100576953125 0.6837746109375 0.27878495000000003 0.6819069703125 0.276866625 0.6256892140625 0.29992630625 0.6206777625 0.30382879687500003 0.61924989375 0.3095446796875
0 0.6669414984375 0.3779233328125 0.6557342703125 0.384080903125 0.654154709375 0.387773525 0.663430975 0.4124566140625 0.665298615625 0.41437493906249995 0.7139386546875001 0.394592940625 0.73046141875 0.3797456390625 0.7290502515624999 0.36622957500000003 0.721595003125 0.3569918484375 0.7168117859375001 0.3550954703125 0.6669414984375 0.3779233328125
0 0.754573728125 0.4042250328125 0.7491837375 0.3942356125 0.7450991453125 0.3910457203125 0.725767965625 0.3949639859375 0.6800741203125 0.41159518593750005 0.674455196875 0.416238396875 0.6715994625 0.42767016093750004 0.681376734375 0.453729753125 0.6905173125 0.46599139687499996 0.761541190625 0.4370231109375 0.764305075 0.43497790312499995 0.76459385 0.43175508906250004 0.754573728125 0.4042250328125
0 0.47442502812500004 0.537367903125 0.4767943703125 0.5318289703125 0.47173908124999997 0.5139234593750001 0.46607562343750003 0.505592428125 0.4595764625 0.5038009859375 0.4377242453125 0.5112349234375 0.39643368749999996 0.5335381109374999 0.409384 0.5683155546875 0.47442502812500004 0.537367903125
0 0.11735519531250001 0.5748386812499999 0.10718059687499999 0.5806204046875 0.1029735375 0.58994591875 0.10898421875 0.6241314734375 0.11367558281250001 0.6354144078124999 0.1160595359375 0.637144809375 0.1767265046875 0.6150638390625 0.1890575171875 0.607977628125 0.1910017 0.602073821875 0.1754252828125 0.5552617515625 0.11735519531250001 0.5748386812499999
0 0.2011735140625 0.631627140625 0.1954349078125 0.61345071875 0.193142109375 0.6111675203125 0.17713635625 0.6169931375 0.12064513437499999 0.64171120625 0.1194148859375 0.6447570703125 0.12029512656250001 0.6511917234375 0.12641296562499998 0.674426296875 0.13110433125 0.6857092296875 0.191497834375 0.665286646875 0.20314553124999998 0.6579295234375 0.2049832484375 0.654142940625 0.2011735140625 0.631627140625
0 0.20874775156249997 0.672518259375 0.2067131109375 0.6701411 0.19918131875 0.668725503125 0.1931831640625 0.6683105640625 0.1550517265625 0.6832285078125 0.13316889375000002 0.6937912984375 0.1327131171875 0.6965552765624999 0.148973546875 0.7348044984375 0.15185850781250002 0.737911403125 0.1786762515625 0.7312682515625 0.2184937125 0.7105404640625 0.2196481125 0.7064829703125 0.20874775156249997 0.672518259375
0 0.23534560781249997 0.758447153125 0.22288169062500002 0.717776878125 0.151630271875 0.7437102734375001 0.1510833390625 0.7470270484375 0.15291897031249999 0.7697417468750001 0.1629704046875 0.785309190625 0.23350788906250003 0.7622337375 0.23534560781249997 0.758447153125
0 0.16996639687499998 0.8414796984375 0.2459251859375 0.8164310499999999 0.24630511562500002 0.812655440625 0.2341752015625 0.772902834375 0.2316395546875 0.769149171875 0.1869783390625 0.785404525 0.1510332375 0.8047228890625 0.1669902828125 0.8389255890625 0.16996639687499998 0.8414796984375
0 0.176661090625 0.8671024046875001 0.1861043578125 0.8922443281250001 0.1878961515625 0.8931510234375001 0.2490488171875 0.87401098125 0.260711821875 0.8650894328125001 0.2616839125 0.8621375296875 0.2603785140625 0.8553380031250001 0.243358921875 0.815806240625 0.17386798125 0.85460894375 0.176661090625 0.8671024046875001
0 0.275816459375 0.92506366875 0.2764698546875 0.919629671875 0.2647957171875 0.8771130859375 0.26242707187500003 0.8738182578125 0.197113271875 0.8975905359375 0.1897937125 0.9007742562500001 0.1876066796875 0.905207596875 0.1999042921875 0.936585278125 0.20447458125 0.9427161 0.2080581671875 0.944529490625 0.213798165625 0.9450383921875 0.2697876859375 0.92777758125 0.275816459375 0.92506366875
0 0.21617492500000002 1 0.2896310046875 0.9766739531249999 0.2925772 0.9735231531249999 0.28488049375 0.9451474421875 0.2805989796875 0.9357938062500001 0.27821502656249997 0.9340634046874999 0.224548921875 0.9504785609375 0.19355473437499998 0.9633183765625001 0.193949278125 0.9668121015625 0.20768936875000002 0.9997432343750001 0.20819678437500003 1 0.21617492500000002 1
0 0.0157024484375 0.6056018375 0.0139558859375 0.608835625 0.0182520125 0.6254585953125 0.0264504203125 0.6463770484375 0.0438986546875 0.6421048828125 0.09616820312499999 0.6194429968749999 0.10532548125 0.61247269375 0.1064652703125 0.601145865625 0.0927704078125 0.5723552140625 0.088670509375 0.570729746875 0.0157024484375 0.6056018375
0 0.02801328125 0.6619163734375 0.027147653124999997 0.6627510546875001 0.039505803125 0.6967047921875 0.12011142187499999 0.6699648359375 0.12099235781249999 0.6675657296875 0.11977811406250001 0.66021340625 0.1091045984375 0.638117346875 0.10577917031249999 0.6362099953125 0.02801328125 0.6619163734375
0 0.139286734375 0.7170258703125 0.1271714328125 0.6845425984375 0.1236943125 0.6806119859375 0.047871907812499996 0.7092483203125 0.044682865625 0.7109286546875 0.061155528125000004 0.7537771921875 0.139650659375 0.723648446875 0.139286734375 0.7170258703125
0 0.06364525 0.7622241328125 0.0780832703125 0.8026955125 0.147755128125 0.7804547375 0.15370805468749998 0.7767291953125001 0.1452069546875 0.7429304609375 0.14104651875000002 0.7387289375 0.06364525 0.7622241328125
0 0.13202214375000002 0.7934557296875 0.1092131453125 0.8022771437499999 0.08729969531250001 0.8159687859375 0.0850973546875 0.8219665515625 0.0974555046875 0.8559202890625001 0.1073260203125 0.85492580625 0.1393222203125 0.8448389953125 0.1624353 0.8312303421875 0.147784353125 0.7949934062499999 0.13202214375000002 0.7934557296875
0 0.16084043125 0.8364873890625001 0.10931404062500001 0.8708300031249999 0.10882764687499999 0.876722834375 0.1130479265625 0.892334175 0.11811852656249999 0.908675259375 0.12076063749999999 0.9103117 0.1838867109375 0.899806521875 0.16084043125 0.8364873890625001
0 0.122050728125 0.9186756515625 0.1206687859375 0.91969825625 0.1368679828125 0.96420518125 0.19215887812500002 0.9482378859375 0.19518091875000002 0.9460987171875 0.19616831875000001 0.9415823874999999 0.1908395609375 0.925335265625 0.17489712968749999 0.8984018984375 0.122050728125 0.9186756515625
0 0.200414053125 1 0.208752615625 0.9962385359375 0.1955594546875 0.959990628125 0.1536774328125 0.972636346875 0.1415440390625 0.9770525421875 0.150060896875 1 0.200414053125 1