0 0.45625 0.5921875 0.2328125 0.2875
0 0.36171875 0.32890625 0.1953125 0.2359375
0 0.16484375 0.42421875 0.328125 0.3265625
0 0.26328125 0.65390625 0.31875 0.3078125
0 0.35859375 0.8625 0.2859375 0.275
0 0.85 0.73203125 0.1640625 0.1515625
0 0.80859375 0.61171875 0.1703125 0.15625
0 0.765625 0.48046875 0.1875 0.16875
0 0.675 0.665625 0.1640625 0.153125
0 0.72578125 0.78515625 0.1640625 0.165625
0 0.9484375 0.67109375 0.103125 0.1640625
0 0.92734375 0.55078125 0.1453125 0.1671875
0 0.9109375 0.415625 0.178125 0.1875
0 0.6359375 0.3171875 0.134375 0.1359375
0 0.59609375 0.196875 0.1359375 0.140625
0 0.49453125 0.2546875 0.1421875 0.153125
0 0.540625 0.3609375 0.13125 0.128125
0 0.5828125 0.46484375 0.14375 0.15
0 0.8386559296874999 0.1884785265625 0.8061412453125 0.076500353125 0.675189965625 0.11742905156250001 0.7090099640624999 0.23819681718750002 0.8386559296874999 0.1884785265625