0 0.71484375 0.71875 0.17265625 0.35859375
0 0.8734375 0.3578125 0.1046875 0.178125
0 0.87109375 0.54296875 0.1078125 0.1828125
0 0.86640625 0.76015625 0.12734375 0.25703125
0 0.5453125 0.5171875 0.1234375 0.0859375
0 0.5484375 0.603125 0.1171875 0.08125
0 0.54921875 0.684375 0.115625 0.08125
0 0.55390625 0.77109375 0.11953125 0.08359375
0 0.55234375 0.85546875 0.1140625 0.0765625
0 0.34921875 0.365625 0.09375 0.153125
0 0.35546875 0.85390625 0.08671875 0.17109375
0 0.35546875 0.53359375 0.09453125 0.1640625
0 0.4453125 0.83671875 0.0765625 0.13203125
0 0.3578125 0.6875 0.09453125 0.15703125
0 0.1625 0.4875 0.12578125 0.87734375
0 0.05078125 0.496875 0.1 0.86796875