0 0.55390625 0.28671875 0.11796875 0.06171875
0 0.68046875 0.284375 0.11328125 0.0625
0 0.553125 0.36171875 0.1171875 0.07109375
0 0.553125 0.44375 0.12265625 0.0734375
0 0.553125 0.53203125 0.125 0.06953125
0 0.55390625 0.6125 0.1265625 0.0703125
0 0.55703125 0.709375 0.12734375 0.078125
0 0.67734375 0.3671875 0.1125 0.0765625
0 0.68359375 0.4546875 0.1171875 0.0734375
0 0.6859375 0.5328125 0.1234375 0.05703125
0 0.6921875 0.6109375 0.12265625 0.0765625
0 0.70703125 0.70625 0.128125 0.07578125
0 0.64375 0.80859375 0.275 0.10078125
0 0.4109375 0.17109375 0.12578125 0.07109375
0 0.41171875 0.25625 0.12734375 0.0703125
0 0.4078125 0.3359375 0.128125 0.07734375
0 0.40234375 0.42265625 0.13359375 0.0703125
0 0.4 0.5140625 0.134375 0.071875
0 0.4 0.60625 0.1375 0.08046875
0 0.3890625 0.70546875 0.1453125 0.0796875
0 0.38359375 0.80703125 0.1453125 0.08203125
0 0.275 0.2421875 0.1296875 0.071875
0 0.26796875 0.32890625 0.13046875 0.06875
0 0.26171875 0.4171875 0.1296875 0.07421875
0 0.253125 0.50625 0.13359375 0.071875
0 0.24609375 0.603125 0.134375 0.0796875
0 0.2375 0.7046875 0.14921875 0.0875
0 0.22890625 0.80703125 0.14921875 0.0921875