0 0.89296875 0.653125 0.146875 0.1171875
0 0.95625 0.25703125 0.0875 0.1015625
0 0.91328125 0.5671875 0.14375 0.115625
0 0.94765625 0.33046875 0.1046875 0.1078125
0 0.69609375 0.8765625 0.1625 0.13125
0 0.45078125 0.76875 0.103125 0.08125
0 0.9375 0.40625 0.125 0.109375
0 0.21171875 0.47734375 0.09375 0.071875
0 0.82890625 0.91796875 0.146875 0.121875
0 0.8734375 0.740625 0.15625 0.1234375
0 0.9625 0.1890625 0.075 0.1
0 0.76640625 0.61015625 0.1453125 0.11875
0 0.4328125 0.825 0.1015625 0.078125
0 0.92890625 0.48515625 0.140625 0.1109375
0 0.853125 0.828125 0.153125 0.125
0 0.3078125 0.46328125 0.0953125 0.071875
0 0.71640625 0.7859375 0.153125 0.121875
0 0.74375 0.696875 0.1546875 0.1171875
0 0.1953125 0.52578125 0.09375 0.0765625
0 0.54140625 0.79453125 0.1 0.0796875
0 0.4140625 0.56796875 0.0859375 0.06875
0 0.3875 0.6625 0.09375 0.075
0 0.1796875 0.578125 0.0890625 0.06875
0 0.4671875 0.71484375 0.103125 0.08125
0 0.4015625 0.61328125 0.0875 0.0671875
0 0.2234375 0.71484375 0.096875 0.0796875
0 0.52109375 0.8484375 0.103125 0.0796875
0 0.16015625 0.6265625 0.096875 0.075
0 0.3453125 0.8109375 0.0828125 0.05625
0 0.05546875 0.65390625 0.1015625 0.0765625
0 0.5609375 0.3421875 0.0828125 0.0671875
0 0.2921875 0.51171875 0.09375 0.071875
0 0.0421875 0.71171875 0.084375 0.0765625
0 0.14140625 0.67890625 0.0984375 0.0796875
0 0.32421875 0.4140625 0.0984375 0.0765625
0 0.0734375 0.60234375 0.09375 0.075
0 0.5578125 0.7390625 0.0984375 0.0796875
0 0.2421875 0.66171875 0.0953125 0.0765625
0 0.4296875 0.51953125 0.0859375 0.071875
0 0.4796875 0.665625 0.0984375 0.078125
0 0.503125 0.55703125 0.0953125 0.075
0 0.23046875 0.42890625 0.0859375 0.065625
0 0.5453125 0.3875 0.0828125 0.0609375
0 0.56796875 0.6859375 0.1015625 0.078125
0 0.165625 0.3640625 0.0953125 0.071875
0 0.071875 0.39765625 0.0921875 0.06875
0 0.12265625 0.73515625 0.096875 0.0765625
0 0.275 0.559375 0.0953125 0.075
0 0.4875 0.6125 0.096875 0.078125
0 0.5375 0.4265625 0.084375 0.0671875
0 0.025 0.53984375 0.05 0.0640625
0 0.58359375 0.58046875 0.0984375 0.0796875
0 0.20703125 0.240625 0.0953125 0.0734375
0 0.515625 0.509375 0.0953125 0.075
0 0.57578125 0.634375 0.096875 0.075
0 0.2453125 0.38515625 0.078125 0.0609375
0 0.3765625 0.7046875 0.0828125 0.0578125
0 0.3609375 0.27890625 0.0875 0.06875
0 0.1828125 0.31640625 0.0984375 0.078125
0 0.15 0.41171875 0.0859375 0.06875
0 0.05625 0.44453125 0.09375 0.0671875
0 0.3671875 0.74296875 0.0796875 0.0546875
0 0.03671875 0.4890625 0.0734375 0.071875
0 0.2609375 0.34453125 0.0765625 0.059375
0 0.3359375 0.3640625 0.0921875 0.0640625
0 0.0171875 0.58671875 0.034375 0.0703125
0 0.1328125 0.4609375 0.0796875 0.0625
0 0.090625 0.35 0.0828125 0.0625
0 0.35546875 0.7734375 0.08125 0.05625
0 0.20078125 0.76875 0.096875 0.078125
0 0.27265625 0.30625 0.078125 0.0578125
0 0.25859375 0.609375 0.09375 0.0734375
0 0.35 0.3234375 0.09375 0.06875
0 0.521875 0.465625 0.0859375 0.0625
0 0.09453125 0.55078125 0.0984375 0.0765625
0 0.4625 0.40078125 0.0828125 0.065625
0 0.11640625 0.50546875 0.0890625 0.0734375
0 0.45078125 0.4421875 0.0796875 0.05625
0 0.6 0.53046875 0.096875 0.078125
0 0.10546875 0.30703125 0.06875 0.0546875
0 0.471875 0.37109375 0.065625 0.0390625
0 0.44296875 0.47265625 0.078125 0.059375
0 0.61015625 0.440625 0.0796875 0.0546875
0 0.6015625 0.484375 0.0890625 0.065625
0 0.19375 0.27734375 0.09375 0.065625