0 0.6203125 0.2546875 0.16875 0.18984375
0 0.61328125 0.4546875 0.16796875 0.1875
0 0.61484375 0.65078125 0.15859375 0.19453125
0 0.61640625 0.84453125 0.16640625 0.18046875
0 0.44609375 0.84453125 0.16015625 0.18984375
0 0.44765625 0.65625 0.16796875 0.2015625
0 0.44140625 0.459375 0.1703125 0.196875
0 0.44453125 0.253125 0.17421875 0.20625
0 0.26328125 0.25078125 0.1796875 0.196875
0 0.26640625 0.45859375 0.18046875 0.20859375
0 0.27421875 0.659375 0.18046875 0.18984375
0 0.275 0.85390625 0.171875 0.18984375
0 0.0984375 0.86484375 0.18125 0.178125
0 0.090625 0.65703125 0.178125 0.20390625
0 0.08515625 0.45546875 0.1703125 0.1984375
0 0.08828125 0.253125 0.1765625 0.215625