0 0.63125 0.39453125 0.13125 0.1609375
0 0.79453125 0.596875 0.1359375 0.09375
0 0.6375 0.76640625 0.1421875 0.1859375
0 0.4953125 0.5734375 0.134375 0.1765625
0 0.49375 0.76015625 0.1421875 0.1890625
0 0.9234375 0.5171875 0.128125 0.084375
0 0.80234375 0.696875 0.1421875 0.09375
0 0.7765625 0.41171875 0.128125 0.08125
0 0.7875 0.4984375 0.134375 0.0875
0 0.91796875 0.4296875 0.128125 0.0828125
0 0.2078125 0.30234375 0.1203125 0.1046875
0 0.93359375 0.61171875 0.1234375 0.0890625
0 0.63125 0.57421875 0.1359375 0.175
0 0.80546875 0.8 0.146875 0.096875
0 0.77265625 0.32890625 0.1265625 0.0796875
0 0.17890625 0.6609375 0.125 0.125
0 0.93828125 0.7046875 0.1171875 0.090625
0 0.7703125 0.24453125 0.1265625 0.0796875
0 0.2015625 0.41953125 0.1203125 0.1046875
0 0.16953125 0.79453125 0.121875 0.125
0 0.90625 0.34609375 0.1296875 0.078125
0 0.190625 0.53515625 0.11875 0.1140625
0 0.9359375 0.80390625 0.11875 0.09375
0 0.9 0.26171875 0.121875 0.0765625
0 0.06171875 0.540625 0.1203125 0.1765625
0 0.053125 0.74765625 0.10625 0.2046875
0 0.07109375 0.34765625 0.1390625 0.178125
0 0.209375 0.19453125 0.1125 0.1
0 0.11640625 0.19765625 0.059375 0.084375