0 0.6741536453125 0.3166666671875 0.6599656078125 0.86851851875 0.76463489375 0.8629629624999999 0.7937964859375 0.3148148140625 0.6741536453125 0.3166666671875
0 0 0.2536475171875 0.0455078125 0.252777778125 0.035595090625 0.11851851875 0 0.1193738046875 0 0.2536475171875
0 0 0.3914746390625 0.05590405625 0.38703703749999996 0.0470703125 0.2648148140625 0 0.2639523015625 0 0.3914746390625
0 0 0.5203474578125 0.06840188124999999 0.51851851875 0.05590405625 0.3953703703125 0 0.3990740734375 0 0.5203474578125
0 0 0.644428434375 0.07829599375 0.64351851875 0.0678811390625 0.5231481484375 0 0.526751090625 0 0.644428434375
0 0 0.77130723125 0.0850656484375 0.7740740734375 0.0762369796875 0.6546296296875 0 0.6510159109375 0 0.77130723125
0 0 0.88148148125 0.09339753281249999 0.8851851859375 0.0850656484375 0.7768518515625 0.00018458593750000002 0.775 0 0.88148148125
0 0.055924479687499994 0.26851851875 0.1689052265625 0.2546296296875 0.1579696296875 0.1231481484375 0.0439269734375 0.13888888906250002 0.055924479687499994 0.26851851875
0 0.0491536453125 0.27870370312500004 0.0564247984375 0.40092592656250003 0.170988196875 0.3953703703125 0.1621355703125 0.25555555625 0.0491536453125 0.27870370312500004
0 0.064235940625 0.415740740625 0.0731119796875 0.5324074078125001 0.1829652796875 0.527777778125 0.1720296828125 0.403703703125 0.064235940625 0.415740740625
0 0.07881673593750001 0.5379629625 0.086107134375 0.6481481484375 0.189734934375 0.6509259265625 0.18192379375 0.5351851859375001 0.07881673593750001 0.5379629625
0 0.0819661453125 0.6611111109375 0.0881901046875 0.7731481484375 0.19494236250000002 0.7796296296875 0.1876519640625 0.659259259375 0.0819661453125 0.6611111109375
0 0.0897523328125 0.7851851859375001 0.09652198906250001 0.8824074078124999 0.20483647343750003 0.8870370375000001 0.19858756093750002 0.777777778125 0.0897523328125 0.7851851859375001
0 0.1715494796875 0.26851851875 0.17879933750000002 0.3990740734375 0.2902382796875 0.3981481484375 0.2839893671875 0.26944444375 0.1715494796875 0.26851851875
0 0.29804942031250004 0.5296296296875 0.29446614531250004 0.403703703125 0.17984082343750002 0.41111111093749997 0.18556899375 0.5259259265625 0.29804942031250004 0.5296296296875
0 0.3022153609375 0.6555555562500001 0.297007934375 0.534259259375 0.1876519640625 0.5388888890625 0.19233864843749998 0.652777778125 0.3022153609375 0.6555555562500001
0 0.1955078125 0.6620370375 0.20067053124999998 0.771296296875 0.3074227890625 0.7740740734375 0.304819075 0.659259259375 0.1955078125 0.6620370375
0 0.30898501718750004 0.8833333328125 0.3043619796875 0.7805555562500001 0.20431573125 0.7814814812499999 0.2100439 0.8861111109375001 0.30898501718750004 0.8833333328125
0 0.50078125 0.2015625 0.1171875 0.13203125
0 0.38046875 0.19921875 0.11484375 0.128125
0 0.3828125 0.33359375 0.115625 0.11484375
0 0.5 0.334375 0.10859375 0.115625
0 0.49765625 0.4625 0.11015625 0.1140625
0 0.3828125 0.4578125 0.11015625 0.11953125
0 0.38359375 0.58671875 0.109375 0.11015625
0 0.496875 0.5859375 0.1046875 0.11171875
0 0.49765625 0.70546875 0.10703125 0.10546875
0 0.38515625 0.70546875 0.1078125 0.1046875
0 0.3875 0.8140625 0.10390625 0.10078125
0 0.49609375 0.8125 0.10078125 0.09921875
0 0.6125 0.45078125 0.11015625 0.1265625
0 0.60859375 0.58046875 0.11328125 0.1140625
0 0.60703125 0.7015625 0.10546875 0.1140625
0 0.60078125 0.815625 0.10859375 0.10390625