0 0.49375 0.77265625 0.13125 0.19453125
0 0.49921875 0.48046875 0.09609375 0.15546875
0 0.5 0.30390625 0.1125 0.18359375
0 0.38671875 0.30703125 0.10546875 0.1765625
0 0.3921875 0.48359375 0.10546875 0.1734375
0 0.26015625 0.484375 0.0984375 0.15390625
0 0.25078125 0.31875 0.09375 0.1875
0 0.19375 0.7859375 0.14140625 0.21171875
0 0.87578125 0.5953125 0.0890625 0.171875
0 0.76484375 0.596875 0.09609375 0.16953125
0 0.728125 0.3953125 0.05234375 0.140625
0 0.796875 0.403125 0.06484375 0.17421875
0 0.8640625 0.39765625 0.06484375 0.159375