0 0.45703125 0.47734375 0.240625 0.2109375
0 0.35625 0.23828125 0.0828125 0.078125
0 0.43359375 0.61953125 0.109375 0.075
0 0.4453125 0.6859375 0.103125 0.0671875
0 0.4515625 0.74609375 0.1046875 0.0640625
0 0.45703125 0.8078125 0.10625 0.071875
0 0.4640625 0.87421875 0.1046875 0.0640625
0 0.5390625 0.6078125 0.0984375 0.0765625
0 0.5453125 0.6734375 0.0984375 0.0640625
0 0.55234375 0.734375 0.0953125 0.065625
0 0.5546875 0.7921875 0.0953125 0.0609375
0 0.55859375 0.84921875 0.0921875 0.05625
0 0.340625 0.69375 0.1015625 0.0734375
0 0.34609375 0.7609375 0.1015625 0.06875
0 0.3578125 0.8234375 0.1 0.071875
0 0.3640625 0.88359375 0.096875 0.0609375
0 0.13515625 0.43671875 0.1125 0.03125
0 0.13828125 0.45546875 0.1125 0.03125
0 0.13984375 0.471875 0.109375 0.0296875
0 0.14453125 0.490625 0.1109375 0.03125
0 0.1484375 0.5078125 0.1109375 0.025
0 0.1515625 0.52421875 0.1125 0.034375
0 0.15625 0.5421875 0.1109375 0.028125
0 0.15859375 0.56015625 0.1109375 0.0296875
0 0.16328125 0.57578125 0.109375 0.0265625
0 0.1671875 0.59140625 0.1109375 0.0296875
0 0.1046875 0.64765625 0.0828125 0.0734375
0 0.115625 0.709375 0.0828125 0.0640625
0 0.1234375 0.76875 0.078125 0.0640625
0 0.18203125 0.63828125 0.0796875 0.06875
0 0.1921875 0.7015625 0.071875 0.0625
0 0.20234375 0.7578125 0.0671875 0.059375
0 0.25703125 0.45625 0.1078125 0.184375
0 0.63515625 0.18828125 0.171875 0.1890625
0 0.65078125 0.35546875 0.16875 0.1640625
0 0.66015625 0.51015625 0.1671875 0.1625
0 0.67109375 0.66015625 0.15625 0.153125
0 0.68203125 0.8 0.1625 0.15
0 0.809375 0.48828125 0.1515625 0.15625
0 0.81640625 0.6328125 0.15625 0.1546875
0 0.828125 0.77578125 0.1453125 0.14375
0 0.7127045796875 0.1119915421875 0.72545926875 0.25138784375 0.7890163625 0.2396504 0.7829906125 0.10585358593750001 0.7127045796875 0.1119915421875
0 0.7868241406250001 0.25024377656249996 0.724685646875 0.2533666203125 0.7352603140625 0.3799789453125 0.7948099859375 0.3706747578125 0.7868241406250001 0.25024377656249996
0 0.2912360546875 0.738785578125 0.2956198390625 0.728819221875 0.28582595624999996 0.6628738234375 0.29240152343750003 0.6497943562499999 0.2216706390625 0.658799909375 0.250106109375 0.8277832859375 0.3060569453125 0.8180498578125001 0.2912360546875 0.738785578125