0 0.48203125 0.45859375 0.07109375 0.175
0 0.38359375 0.4109375 0.10390625 0.01875
0 0.3828125 0.42734375 0.1046875 0.015625
0 0.3828125 0.44453125 0.10390625 0.01484375
0 0.38359375 0.4609375 0.10390625 0.01171875
0 0.43672794687499994 0.4896548375 0.43641749374999994 0.47443556249999996 0.3325320859375 0.4701741640625 0.333102709375 0.48478466875 0.43672794687499994 0.4896548375
0 0.43672794687499994 0.5044682671875 0.43675992812500003 0.5048741140625 0.43672794687499994 0.48985776249999996 0.3326462109375 0.4857992875 0.333216834375 0.5018302593749999 0.43672794687499994 0.5044682671875
0 0.43721650624999997 0.5200933890624999 0.43707032031250004 0.5062945796875 0.333216834375 0.503250725 0.333445084375 0.518064153125 0.43721650624999997 0.5200933890624999
0 0.4371844453125 0.537341903125 0.4369561953125 0.5211080078125 0.3339015828125 0.5190787718750001 0.3341298328125 0.5347038953125 0.4371844453125 0.537341903125
0 0.4375589390625 0.5513436375 0.43729857031249997 0.538356521875 0.33458633125000004 0.5361243609375 0.3348145796875 0.5491114765625 0.4375589390625 0.5513436375
0 0.43767308437499997 0.5689979968750001 0.4374126953125 0.5519524078125 0.33538520312500003 0.549923171875 0.33606995156249997 0.5659541421875 0.43767308437499997 0.5689979968750001
0 0.433817828125 0.6385785578125 0.43501528437500003 0.5777615515625001 0.3620463109375 0.5747705515625 0.3628873828125 0.63508905625 0.433817828125 0.6385785578125
0 0.434174065625 0.6944105625 0.43437854375 0.6410710578125001 0.36232666875 0.6365845578125 0.3628873828125 0.6939120625 0.434174065625 0.6944105625
0 0.3620463109375 0.6954075625 0.36232666875 0.7477500671875 0.43305240312500004 0.7497383125 0.4326963984375 0.6964045624999999 0.3620463109375 0.6954075625
0 0.28747121875000003 0.5752690515625 0.28752158437499997 0.5762660515625 0.2877515765625 0.63259655625 0.3614855953125 0.63508905625 0.36092488125 0.5722780515625 0.28747121875000003 0.5752690515625
0 0.28466764375000003 0.63409205625 0.286630146875 0.6879300625 0.3600838078125 0.6909210625 0.3569998765625 0.6360860578125 0.28466764375000003 0.63409205625
0 0.28382657187500004 0.6929150625 0.2849480015625 0.7492455671875 0.35503737343749997 0.7502425671874999 0.35531773125 0.6919180625 0.28382657187500004 0.6929150625
0 0.5232518671874999 0.6306025562500001 0.4453903171875 0.62960555625 0.44363034062500006 0.793113571875 0.518766146875 0.7921165718750001 0.5232518671874999 0.6306025562500001
0 0.1776969859375 0.3137538390625 0.26253151875 0.31710591093749996 0.258837490625 0.2252591671875 0.258384053125 0.2239183390625 0.17543473125 0.21721419687500002 0.1776969859375 0.3137538390625
0 0.26253151875 0.41498638281250005 0.2611001375 0.326491709375 0.174680646875 0.316435496875 0.1788281125 0.413645553125 0.26253151875 0.41498638281250005
0 0.2641170015625 0.511526025 0.263285603125 0.42034969687499996 0.1792051546875 0.415656796875 0.18222149375000002 0.5054922984375 0.2641170015625 0.511526025
0 0.260345921875 0.6006911125000001 0.2602692640625 0.5135372671875 0.1769429 0.5108556109375 0.17845107031250002 0.599350284375 0.260345921875 0.6006911125000001
0 0.25959170625 0.6911970281250001 0.2580070109375 0.602031940625 0.1758117734375 0.602031940625 0.17845107031250002 0.6891857859375 0.25959170625 0.6911970281250001
0 0.2633627859375 0.7743283875 0.2614003921875 0.6911970281250001 0.1776969859375 0.6905266140624999 0.18071332499999998 0.7749988015625 0.2633627859375 0.7743283875
0 0.172795434375 0.3372183359375 0.171725546875 0.242019521875 0.073633290625 0.2333041375 0.07476441874999999 0.331184609375 0.172795434375 0.3372183359375
0 0.17543473125 0.440462121875 0.1731724765625 0.34526330625 0.0751414609375 0.3378887515625 0.075518503125 0.43576922187499995 0.17543473125 0.440462121875
0 0.160789415625 0.47331241718749995 0.14640246875000001 0.4672786890625 0.12491105312499999 0.781032528125 0.1381075359375 0.7843846 0.160789415625 0.47331241718749995
0 0.14527134218749999 0.4713011734375 0.13137499218749998 0.46928993124999996 0.11058344375 0.783043771875 0.1237799265625 0.783043771875 0.14527134218749999 0.4713011734375
0 0.1294355625 0.4699603453125 0.11629067343749999 0.46928993124999996 0.0936165375 0.781032528125 0.10832118906249999 0.7850550140625 0.1294355625 0.4699603453125
0 0.1143538671875 0.472642003125 0.1000750296875 0.46928993124999996 0.07966596875000001 0.7823733578125001 0.09323949375 0.7843846 0.1143538671875 0.472642003125
0 0.09851808749999999 0.4713011734375 0.0849907109375 0.46794910312500004 0.065338359375 0.7796917015625 0.0781578 0.7837141859375001 0.09851808749999999 0.4713011734375
0 0.0495425609375 0.7803621140625 0.0630761046875 0.7817029437499999 0.0834363921875 0.472642003125 0.06797765624999999 0.4672786890625 0.0495425609375 0.7803621140625
0 0.033666800000000004 0.7796917015625 0.04577148125 0.7803621140625 0.06609244375 0.4699603453125 0.05251891875 0.4686195171875 0.033666800000000004 0.7796917015625
0 0.0317815875 0.7796917015625 0.051387790625 0.4686195171875 0.03747510625 0.466608275 0.036683139062499995 0.466608275 0.019339190625 0.7803621140625 0.0317815875 0.7796917015625
0 0.8279736812499999 0.412143771875 0.6249729609375 0.40080036406249997 0.6190432203125 0.5737873140625 0.818404346875 0.5822948703125 0.8279736812499999 0.412143771875
0 0.612132034375 0.57284203125 0.6052208484375 0.5605533406250001 0.6030943296875 0.5425929468749999 0.54308774375 0.5388118125 0.540362028125 0.5926929921874999 0.611068775 0.5974194125000001 0.612132034375 0.57284203125
0 0.584562075 0.215524725 0.582360771875 0.2845304484375 0.6504093703125 0.28547573125 0.654130778125 0.22214171249999998 0.584562075 0.215524725
0 0.628612553125 0.7070723421875 0.6270998484375 0.6475194578125001 0.538235509375 0.6475194578125001 0.538235509375 0.7061270578125 0.628612553125 0.7070723421875
0 0.6248911453125 0.77229693125 0.625422775 0.7089629109375 0.5377038796875 0.710853478125 0.5366406203125 0.7741874984375 0.6248911453125 0.77229693125
0 0.622846071875 0.8299592468749999 0.6238278859374999 0.7741874984375 0.5361089906250001 0.7760780656249999 0.53504573125 0.8309045312500001 0.622846071875 0.8299592468749999
0 0.61752885 0.8847857125 0.620638109375 0.8309045312500001 0.5334508421875 0.8290139625 0.53079269375 0.8828951437500001 0.61752885 0.8847857125
0 0.7264324125 0.65130059375 0.7274956718750001 0.5945835609375 0.6347807296875 0.5908335078125 0.6312707015625 0.6541364453125 0.7264324125 0.65130059375
0 0.7269640421875 0.6531911609375001 0.6333972203125 0.655081728125 0.63401010625 0.71348628125 0.7243058953125 0.705181775 0.7269640421875 0.6531911609375001
0 0.630739071875 0.715579896875 0.6302901828125 0.7732422140625 0.724837525 0.769461078125 0.7253691546875001 0.7127440453125 0.630739071875 0.715579896875
0 0.62754929375 0.77513278125 0.6270998484375 0.8309045312500001 0.7179263390624999 0.828068678125 0.7200528578125 0.7741874984375 0.62754929375 0.77513278125
0 0.71633145 0.8318498140624999 0.6227646265625 0.8327950984375001 0.6217992203125 0.8866951437499999 0.7157998203125 0.8895121312500001 0.71633145 0.8318498140624999
0 0.8258471625 0.6012005484375 0.7403566734375 0.591747709375 0.7354701171875 0.6456288890625 0.822657384375 0.655081728125 0.8258471625 0.6012005484375
0 0.73281196875 0.656972296875 0.730253953125 0.7117987625 0.8189359765625 0.7174704640625 0.8194676062499999 0.6588628640625 0.73281196875 0.656972296875
0 0.7312170796874999 0.7146346125 0.7274956718750001 0.771351646875 0.81096153125 0.77513278125 0.816277828125 0.7193610328125 0.7312170796874999 0.7146346125
0 0.7221793765625 0.77229693125 0.72015123125 0.825232828125 0.8019238265625 0.8261781109375 0.8067084937500001 0.7760780656249999 0.7221793765625 0.77229693125
0 0.71845796875 0.828068678125 0.7168630796875 0.87627815625 0.7982024187500001 0.8791140078125 0.8008605671875 0.828068678125 0.71845796875 0.828068678125
0 1 0.16725931562500002 0.8790101296874999 0.1635341109375 0.8673142765625 0.3195059515625 1 0.3269956890625 1 0.16725931562500002
0 1 0.3336199453125 0.8667826468750001 0.32801350625 0.85680383125 0.47642307656250005 0.8588082015625 0.47831364374999996 0.9975635453124999 0.47831364374999996 1 0.38993619218750003 1 0.3336199453125
0 0.8518970156250001 0.4802042109375 0.8424473328125 0.6229420765625 0.9762983593750001 0.62483264375 0.9890574703125001 0.48587591406249997 0.8518970156250001 0.4802042109375
0 0.8306318296875 0.620106225 0.8217101671875 0.756227103125 0.9587545796875 0.7600082390625 0.9725769515625 0.625777928125 0.8306318296875 0.620106225
0 0.95609643125 0.7618988078125 0.8194676062499999 0.75906295625 0.8089488359375 0.8866762796875 0.8093666421875 0.883840428125 0.9449322078125 0.8904574140625 0.95609643125 0.7618988078125
0 1 0.761066775 0.96314826875 0.7628440921874999 0.9529066531250001 0.8876215640625 1 0.8903520875 1 0.761066775
0 1 0.6211322203125 0.9748461562499999 0.6219967937499999 0.9614127281249999 0.7571723875 1 0.7545334828125 1 0.6211322203125