0 0.5368656921875 0.299517203125 0.5551777390625 0.868669278125 0.6623207609375 0.8630747812499999 0.6634260296875001 0.2978770890625 0.5368656921875 0.299517203125
0 0.4230371 0.38224386250000003 0.4269760546875 0.509961975 0.5426074578125 0.508703509375 0.539391046875 0.3837396359375 0.4230371 0.38224386250000003
0 0.42671414375000005 0.5173830421875001 0.4310119515625 0.6404561734375 0.5440810500000001 0.637434203125 0.5407842703125 0.516179096875 0.42671414375000005 0.5173830421875001
0 0.4322790046875 0.6468973578125 0.43683872343749997 0.7625494203125001 0.5473055109375 0.759618325 0.545796390625 0.644786225 0.4322790046875 0.6468973578125
0 0.5453134265624999 0.7652468328124999 0.437032609375 0.7681015906249999 0.43918748281250003 0.874572728125 0.5470191062499999 0.8708071640625 0.5453134265624999 0.7652468328124999
0 0.35234375 0.18984375 0.1234375 0.1375
0 0.22890625 0.19453125 0.1265625 0.134375
0 0.23828125 0.3328125 0.121875 0.1265625
0 0.36015625 0.32890625 0.1203125 0.125
0 0.3640625 0.4625 0.1203125 0.1234375
0 0.246875 0.4671875 0.1203125 0.1265625
0 0.25390625 0.59296875 0.1125 0.121875
0 0.26328125 0.7140625 0.109375 0.1140625
0 0.36953125 0.5921875 0.11875 0.1234375
0 0.378125 0.7109375 0.1109375 0.1125
0 0.38359375 0.825 0.1109375 0.1046875
0 0.2703125 0.828125 0.1140625 0.1078125
0 0.0176851203125 0.2787347953125 0.0310240484375 0.40705114375000007 0.147470103125 0.399278796875 0.1366399421875 0.267168878125 0.0176851203125 0.2787347953125
0 0.0328761546875 0.415324878125 0.04660625 0.53992160625 0.161099859375 0.5359234015625 0.15056206562500002 0.4121416875 0.0328761546875 0.415324878125
0 0.047546764062500003 0.5519331375000001 0.05896895625 0.6701250265625001 0.17300676875 0.6679957187500001 0.16315233125 0.54882259375 0.047546764062500003 0.5519331375000001
0 0.1743384484375 0.676287628125 0.0614061171875 0.6802313125 0.07673319843750001 0.7908749187499999 0.18511979375 0.78986944375 0.1743384484375 0.676287628125
0 0.07757676875 0.8001103625000001 0.086170634375 0.9119155859375001 0.194787821875 0.9025636499999999 0.1858899 0.7981809656250001 0.07757676875 0.8001103625000001
0 0.0102269609375 0.8015893921874999 0.013729731249999998 0.9018956109375 0.014254971875 0.911647465625 0.08196509375 0.9102094671875 0.073966103125 0.8011629390625 0.0102269609375 0.8015893921874999
0 0.0062410140624999996 0.6821577203125 0.01024799375 0.7969025937499999 0.072167809375 0.7938138140625 0.0577308234375 0.6794331671875 0.0062410140624999996 0.6821577203125
0 0.0028996984375 0.59176401875 0.0055076140625 0.666444953125 0.0572981078125 0.6664774140625 0.04364526875 0.5446574578125001 0.0016523765624999998 0.5507563328125 0.0028996984375 0.59176401875
0 0 0.5087275265625 0.0010473015625 0.538718328125 0.042819665624999996 0.535421384375 0.027933810937499998 0.4080855484375 0 0.4132266828125 0 0.5087275265625
0 0 0.40300142812499995 0.0244714109375 0.39801506249999996 0.0042220828125 0.26623406875 0 0.2663815078125 0 0.40300142812499995
0 0 0.26045885156250004 0.01389858125 0.25941072656249997 0 0.153938121875 0 0.26045885156250004
0 1 0.49127247812499997 0.9999862421874999 0.4908785078125 0.9705120203125001 0.4919077703125 0.9587778453125001 0.6683506984375 1 0.6701638109375 1 0.49127247812499997
0 1 0.67468000625 0.9578662515625 0.6720884921875 0.9477230125 0.839210959375 1 0.8419237781250001 1 0.67468000625