0 0.93671875 0.125 0.11484375 0.0734375
0 0.94296875 0.27890625 0.1140625 0.0765625
0 0.9421875 0.2 0.115625 0.07421875
0 0.8453125 0.5265625 0.13046875 0.08828125
0 0.4921875 0.6890625 0.084375 0.0578125
0 0.35703125 0.5171875 0.084375 0.05078125
0 0.26875 0.6125 0.0828125 0.053125
0 0.5890625 0.76953125 0.08984375 0.05546875
0 0.08046875 0.84453125 0.08828125 0.06015625
0 0.2625 0.775 0.08671875 0.05703125
0 0.58828125 0.83046875 0.090625 0.0546875
0 0.2640625 0.71953125 0.084375 0.0515625
0 0.26953125 0.6671875 0.0796875 0.0515625
0 0.4921875 0.63671875 0.07890625 0.04921875
0 0.9296875 0.05625 0.11171875 0.06875
0 0.49140625 0.58671875 0.0765625 0.04765625
0 0.171875 0.8359375 0.08203125 0.053125
0 0.26953125 0.55703125 0.08359375 0.05234375
0 0.94921875 0.35859375 0.1015625 0.078125
0 0.17265625 0.77578125 0.08828125 0.0546875
0 0.08828125 0.78125 0.07578125 0.05
0 0.3546875 0.7828125 0.08828125 0.0578125
0 0.26015625 0.83359375 0.08515625 0.053125
0 0.175 0.71953125 0.08359375 0.0546875
0 0.5875 0.71796875 0.090625 0.0546875
0 0.3578125 0.56796875 0.084375 0.05390625
0 0.10625 0.52421875 0.084375 0.05234375
0 0.18359375 0.66796875 0.08359375 0.04921875
0 0.35390625 0.67265625 0.08515625 0.05234375
0 0.35859375 0.46640625 0.08828125 0.05390625
0 0.09140625 0.7296875 0.07578125 0.05078125
0 0.35703125 0.6203125 0.084375 0.05546875
0 0.3546875 0.728125 0.08671875 0.05546875
0 0.0953125 0.67734375 0.07734375 0.05078125
0 0.846875 0.61796875 0.13359375 0.08515625
0 0.6828125 0.828125 0.090625 0.0546875
0 0.5671875 0.3265625 0.07109375 0.05078125
0 0.19375 0.46484375 0.08359375 0.05078125
0 0.19296875 0.51484375 0.0765625 0.04765625
0 0.27265625 0.50625 0.07890625 0.0453125
0 0.58359375 0.66171875 0.0875 0.0546875
0 0.496875 0.8421875 0.078125 0.03515625
0 0.571875 0.50234375 0.084375 0.053125
0 0.346875 0.84296875 0.0875 0.059375
0 0.68203125 0.76875 0.08828125 0.05859375
0 0.1875 0.61484375 0.07890625 0.05234375
0 0.35859375 0.41640625 0.08515625 0.04375
0 0.18984375 0.56484375 0.075 0.0453125
0 0.271875 0.46015625 0.0734375 0.046875
0 0.9546875 0.52890625 0.090625 0.08046875
0 0.85859375 0.80390625 0.14453125 0.0953125
0 0.19453125 0.41484375 0.0859375 0.05234375
0 0.48984375 0.5390625 0.07265625 0.046875
0 0.35390625 0.3703125 0.0828125 0.04296875
0 0.19296875 0.32890625 0.0796875 0.0484375
0 0.57265625 0.55234375 0.08515625 0.05390625
0 0.578125 0.60703125 0.0875 0.0546875
0 0.35078125 0.32265625 0.078125 0.0484375
0 0.565625 0.415625 0.07109375 0.04296875
0 0.84765625 0.71015625 0.13515625 0.08828125
0 0.27421875 0.41640625 0.06953125 0.040625
0 0.4984375 0.76875 0.0734375 0.034375
0 0.5640625 0.375 0.07265625 0.040625
0 0.95234375 0.44375 0.09453125 0.0796875
0 0.48828125 0.4109375 0.07109375 0.04453125
0 0.68359375 0.71015625 0.0875 0.05625
0 0.5 0.80390625 0.071875 0.034375
0 0.96484375 0.8046875 0.0703125 0.0890625
0 0.95859375 0.61796875 0.08203125 0.0859375
0 0.49921875 0.73515625 0.07734375 0.03828125
0 0.5671875 0.45703125 0.0765625 0.0390625
0 0.6671875 0.60625 0.08828125 0.053125
0 0.11015625 0.4734375 0.07421875 0.04453125
0 0.6609375 0.55390625 0.084375 0.05546875
0 0.10078125 0.621875 0.08125 0.0484375
0 0.19375 0.36953125 0.08359375 0.04453125
0 0.67734375 0.65703125 0.0890625 0.05625
0 0.10546875 0.57421875 0.08125 0.04453125
0 0.6546875 0.49765625 0.08359375 0.05703125
0 0.4890625 0.45859375 0.071875 0.03984375
0 0.96171875 0.70859375 0.0734375 0.08828125
0 0.11328125 0.43046875 0.065625 0.03984375
0 0.2765625 0.37578125 0.071875 0.04453125
0 0.4890625 0.49921875 0.07109375 0.03671875
0 0.4859375 0.3828125 0.0640625 0.02109375
0 0.63828125 0.409375 0.075 0.034375
0 0.0140625 0.61875 0.02734375 0.153125
0 0.00859375 0.4640625 0.0171875 0.0484375
0 0.64453125 0.45078125 0.07890625 0.0421875