0 0.74921875 0.34140625 0.14375 0.1796875
0 0.75078125 0.53359375 0.1390625 0.178125
0 0.75390625 0.72109375 0.14140625 0.1734375
0 0.46015625 0.12890625 0.23671875 0.075
0 0.47109375 0.21796875 0.23671875 0.0703125
0 0.47109375 0.30625 0.2390625 0.075
0 0.47109375 0.39453125 0.2390625 0.07421875
0 0.4703125 0.48125 0.23515625 0.08046875
0 0.47109375 0.565625 0.2375 0.07109375
0 0.4703125 0.65078125 0.23359375 0.07890625
0 0.471875 0.73203125 0.23671875 0.0703125
0 0.47421875 0.81640625 0.2375 0.078125
0 0.47734375 0.9015625 0.2375 0.06328125
0 0.21640625 0.5703125 0.265625 0.090625
0 0.21015625 0.78984375 0.2703125 0.3109375