0 0.64375 0.328125 0.16484375 0.10078125
0 0.81953125 0.2109375 0.1796875 0.11875
0 0.81640625 0.3328125 0.1765625 0.11640625
0 0.8125 0.44765625 0.1625 0.1046875
0 0.8078125 0.55078125 0.1625 0.10234375
0 0.8 0.65859375 0.1546875 0.10703125
0 0.8 0.76796875 0.1640625 0.08515625
0 0.7921875 0.86015625 0.15546875 0.07890625
0 0.63671875 0.446875 0.16796875 0.09765625
0 0.63828125 0.5546875 0.16328125 0.096875
0 0.6328125 0.65703125 0.16796875 0.1046875
0 0.62734375 0.7578125 0.159375 0.08359375
0 0.6296875 0.86484375 0.16171875 0.09375
0 0.45546875 0.4578125 0.18046875 0.10625
0 0.46015625 0.56796875 0.16875 0.0984375
0 0.46171875 0.6734375 0.17265625 0.11171875
0 0.4640625 0.78046875 0.16953125 0.08515625
0 0.46328125 0.8796875 0.15546875 0.0921875
0 0.28828125 0.5625 0.1796875 0.11171875
0 0.28828125 0.66640625 0.1703125 0.1109375
0 0.2953125 0.77109375 0.17265625 0.0984375
0 0.296875 0.8703125 0.16875 0.09296875