0 0.709375 0.4984375 0.1390625 0.1
0 0.859375 0.57265625 0.140625 0.103125
0 0.74921875 0.77734375 0.146875 0.1078125
0 0.73671875 0.6796875 0.1453125 0.10625
0 0.53515625 0.2703125 0.134375 0.09375
0 0.56796875 0.52265625 0.1421875 0.1015625
0 0.6953125 0.4125 0.1390625 0.096875
0 0.66875 0.24921875 0.1390625 0.090625
0 0.54453125 0.3484375 0.1359375 0.096875
0 0.52109375 0.19140625 0.140625 0.09375
0 0.89296875 0.76015625 0.146875 0.1109375
0 0.6578125 0.175 0.128125 0.0875
0 0.5109375 0.11328125 0.134375 0.0890625
0 0.596875 0.8046875 0.153125 0.1078125
0 0.44140625 0.7203125 0.1453125 0.1046875
0 0.57578125 0.6140625 0.15 0.10625
0 0.45 0.8171875 0.1484375 0.1109375
0 0.55390625 0.43359375 0.14375 0.1
0 0.721875 0.590625 0.1421875 0.1015625
0 0.584375 0.7046875 0.1453125 0.1046875
0 0.43515625 0.62734375 0.15 0.1046875
0 0.50390625 0.04140625 0.1265625 0.0828125
0 0.8765625 0.66484375 0.153125 0.1109375
0 0.4296875 0.53203125 0.1390625 0.1015625
0 0.9328125 0.22578125 0.0890625 0.0859375
0 0.9453125 0.30390625 0.08125 0.0859375
0 0.25703125 0.8046875 0.1 0.06875
0 0.14609375 0.403125 0.0765625 0.0515625
0 0.16171875 0.8765625 0.0921875 0.06875
0 0.1453125 0.35234375 0.078125 0.0546875
0 0.1625 0.8171875 0.0984375 0.0640625
0 0.1609375 0.7578125 0.1046875 0.0703125
0 0.2453125 0.63359375 0.0953125 0.0625
0 0.1484375 0.64765625 0.09375 0.0640625
0 0.25625 0.8625 0.1109375 0.0671875
0 0.06328125 0.63125 0.08125 0.0578125
0 0.25546875 0.68515625 0.0984375 0.0625
0 0.14296875 0.59140625 0.0890625 0.0625
0 0.26328125 0.7421875 0.1 0.065625
0 0.684375 0.3296875 0.14375 0.096875
0 0.13828125 0.5375 0.0859375 0.059375
0 0.15546875 0.70078125 0.096875 0.0640625
0 0.0671875 0.68046875 0.0828125 0.05625
0 0.146875 0.44609375 0.0828125 0.0546875
0 0.2375 0.5796875 0.0921875 0.0671875
0 0.95703125 0.3890625 0.071875 0.08125
0 0.06875 0.734375 0.0890625 0.065625
0 0.96875 0.47265625 0.0625 0.0921875
0 0.07734375 0.89296875 0.078125 0.046875
0 0.07578125 0.8546875 0.0796875 0.04375
0 0.06328125 0.58359375 0.0796875 0.05625
0 0.14765625 0.49453125 0.0859375 0.05625
0 0.2328125 0.5234375 0.09375 0.0640625
0 0.06015625 0.45 0.084375 0.0546875
0 0.0625 0.54453125 0.0796875 0.0484375
0 0.2328125 0.4734375 0.0890625 0.0578125
0 0.075 0.7859375 0.078125 0.0484375
0 0.06171875 0.49609375 0.0796875 0.046875
0 0.97734375 0.56796875 0.0453125 0.0921875
0 0.984375 0.6609375 0.03125 0.09375
0 0.07578125 0.8234375 0.071875 0.040625
0 0.2296875 0.428125 0.0796875 0.040625
0 0.99296875 0.7546875 0.0140625 0.09375
0 0.0290619671875 0.41834451875 0.029019334375 0.4324535671875 0.09795711562500001 0.4235804640625 0.09529642499999999 0.40378823124999996 0.0290619671875 0.41834451875