0 0.65 0.64921875 0.1765625 0.1453125
0 0.684375 0.74765625 0.1796875 0.1484375
0 0.6078125 0.55390625 0.1734375 0.1421875
0 0.49921875 0.3046875 0.1546875 0.121875
0 0.70859375 0.428125 0.1546875 0.1265625
0 0.7875 0.60234375 0.1609375 0.1359375
0 0.50625 0.78125 0.196875 0.221875
0 0.6734375 0.34765625 0.15 0.121875
0 0.30546875 0.6515625 0.184375 0.2109375
0 0.36796875 0.8328125 0.196875 0.2265625
0 0.63671875 0.2703125 0.15 0.1203125
0 0.6046875 0.18828125 0.1421875 0.115625
0 0.5703125 0.465625 0.1609375 0.1328125
0 0.534375 0.38359375 0.153125 0.1234375
0 0.4375 0.6 0.1953125 0.2140625
0 0.37890625 0.42890625 0.184375 0.203125
0 0.47421875 0.22578125 0.1484375 0.11875
0 0.825 0.69453125 0.1609375 0.134375
0 0.7453125 0.51328125 0.1546875 0.1296875
0 0.98046875 0.6953125 0.0390625 0.078125
0 0.96796875 0.64453125 0.0640625 0.0765625
0 0.990625 0.5671875 0.01875 0.075
0 0.95625 0.59921875 0.0875 0.0734375
0 0.934375 0.55234375 0.0875 0.0734375
0 0.10703125 0.83046875 0.0703125 0.121875
0 0.15 0.94453125 0.065625 0.1109375
0 0.06796875 0.7078125 0.08125 0.125