0 0.56953125 0.7875 0.1734375 0.190625
0 0.5140625 0.62578125 0.1859375 0.203125
0 0.45625 0.42578125 0.1734375 0.265625
0 0.6984375 0.73984375 0.1765625 0.196875
0 0.63515625 0.546875 0.1765625 0.2546875
0 0.45390625 0.80546875 0.1421875 0.1984375
0 0.32734375 0.4453125 0.1484375 0.2125
0 0.2359375 0.4921875 0.153125 0.2234375
0 0.303125 0.67109375 0.1421875 0.1984375
0 0.36328125 0.840625 0.140625 0.1953125
0 0.26953125 0.865625 0.14375 0.19375
0 0.21171875 0.690625 0.14375 0.2
0 0.1453125 0.51171875 0.1390625 0.203125
0 0.8732498765625 0.7770701015625 0.8247967609375 0.5979737093749999 0.74724205625 0.6285935734375 0.796566071875 0.799558615625 0.8732498765625 0.7770701015625
0 0.8208188359375 0.5928174187499999 0.7656551687500001 0.41342149531250005 0.6862648484375 0.4417395375 0.7341029296875 0.6096241046875 0.8208188359375 0.5928174187499999
0 0.8710537578125 0.7621637328124999 0.959953271875 0.7367738921875 0.909356590625 0.5727730640625001 0.8285200859374999 0.6045228421875 0.8710537578125 0.7621637328124999
0 0.9429396109375 0.49333906250000004 0.9041417453125 0.3657367421875 0.802444990625 0.395206984375 0.8439804687500001 0.5300238875 0.9429396109375 0.49333906250000004
0 0.390625 0.6359375 0.14375 0.1953125
0 0.27734375 0.33359375 0.1015625 0.071875
0 0.25625 0.2796875 0.09375 0.0640625
0 0.1 0.39140625 0.096875 0.0703125
0 0.0828125 0.3515625 0.090625 0.0609375
0 0.06796875 0.3078125 0.0890625 0.0546875