0 0.8162886828125 0.6522633703125 0.8025058171874999 0.8070988234375 0.8759705734375001 0.80812756875 0.8875398671875001 0.6589506765625 0.8162886828125 0.6522633703125
0 0.6373637515625 0.5932784609375 0.6346015921875 0.6502058015625 0.70517406875 0.651577521875 0.7067166125 0.5912208484375 0.6373637515625 0.5932784609375
0 0.628683196875 0.6529492421875001 0.6280456546875001 0.7071330765625 0.697846859375 0.70781896875 0.6993894390625 0.6556927484374999 0.628683196875 0.6529492421875001
0 0.6257896781250001 0.71159121875 0.624189259375 0.7633745249999999 0.6912909578125 0.7668038593750001 0.6943760828125 0.712620025 0.6257896781250001 0.71159121875
0 0.7097017140624999 0.5973936875 0.70633099375 0.6536351359375 0.7772890890624999 0.6556927484374999 0.7803742484375 0.60425241875 0.7097017140624999 0.5973936875
0 0.705072084375 0.6611796953125 0.702088909375 0.7098765828125 0.7718901140625001 0.7146776375 0.7749752375 0.6639232015625 0.705072084375 0.6611796953125
0 0.6993894390625 0.7098765828125 0.698127640625 0.71159121875 0.6959186609375 0.764060353125 0.7641772875 0.7668038593750001 0.7664911390625 0.7187928640625 0.6993894390625 0.7098765828125
0 0.6831678546875 0.42484567812499996 0.6834910671875 0.4376543296875 0.7836229890624999 0.4419753078125 0.78449069375 0.4271604921875 0.6831678546875 0.42484567812499996
0 0.6821261875 0.44243827031249994 0.6817556734375 0.45370370781249997 0.783275915625 0.45833333749999994 0.7836229890624999 0.4441358109375 0.6821261875 0.44243827031249994
0 0.681084521875 0.4591049375 0.6807144390625 0.47067901093750003 0.7825817546875 0.475000003125 0.783102371875 0.4611111140625 0.681084521875 0.4591049375
0 0.6805636875000001 0.4743827140625 0.6801938234375 0.48858025625 0.7810199046874999 0.49259259687499996 0.781714065625 0.4771604921875 0.6805636875000001 0.4743827140625
0 0.681084521875 0.49104938125 0.680887984375 0.5061728484375 0.7813669937500001 0.5074074109375 0.781714065625 0.4941358109375 0.681084521875 0.49104938125
0 0.6808241046875 0.5086419734375001 0.6807144390625 0.5206790109375 0.780152215625 0.5243827140625 0.7806728328125 0.510802478125 0.6808241046875 0.5086419734375001
0 0.6805636875000001 0.5248456781249999 0.6801938234375 0.537037040625 0.7791109828125 0.53981481875 0.7796316 0.52685185625 0.6805636875000001 0.5248456781249999
0 0.680303271875 0.54104938125 0.6803673671875 0.55308641875 0.77824329375 0.556790121875 0.7787639109375 0.542283959375 0.680303271875 0.54104938125
0 0.679522021875 0.5577160484375 0.6794996624999999 0.5694444625 0.7791109828125 0.5712963140625 0.7789374390625 0.5589506265625 0.679522021875 0.5577160484375
0 0.680303271875 0.5725308625000001 0.6805408953125001 0.5854938265625 0.7777226781250001 0.5870370546875 0.77789620625 0.5750000171874999 0.680303271875 0.5725308625000001
0 0.5516696375000001 0.24614197187500003 0.5503279078125 0.33641975 0.6310234859375 0.3410493796875 0.63362656875 0.2507716015625 0.5516696375000001 0.24614197187500003
0 0.5510185953125 0.345679009375 0.5485925453125 0.4344136015625 0.6288542625 0.43904323125 0.6314573453125 0.3510802671875 0.5510185953125 0.345679009375
0 0.5477633875000001 0.43942900937499996 0.5481586843749999 0.5208333421875 0.6249496375 0.5293210078125 0.628420403125 0.444444453125 0.5477633875000001 0.43942900937499996
0 0.6210450140625 0.621141971875 0.6227804156250001 0.5316358234375 0.5476054453125 0.5300990296875 0.5425186578125001 0.617283971875 0.6210450140625 0.621141971875
0 0.5412171171875 0.6234567875 0.5386140328125 0.7060185625 0.614971165625 0.7083333781250001 0.6184419296875 0.6257716015625 0.5412171171875 0.6234567875
0 0.5379977625000001 0.7091049359375 0.537100728125 0.7851080453125 0.6099870562499999 0.7881944890625 0.6125901390624999 0.711033971875 0.5379977625000001 0.7091049359375
0 0.4663831796875 0.26697530625 0.464999734375 0.35879630625000003 0.5495999375 0.36574075 0.5495999375 0.2677469171875 0.4663831796875 0.26697530625
0 0.4644300546875 0.364197528125 0.4623966515625 0.45679012031250005 0.5474307140625 0.46836419375 0.5491661171875 0.367283971875 0.4644300546875 0.364197528125
0 0.12531646093749998 0.2463991734375 0.1436863234375 0.5663580359375 0.2935081859375 0.567386828125 0.2865666296875 0.2443415671875 0.12531646093749998 0.2463991734375
0 0.14962201718749998 0.5735596671875001 0.15525556406250002 0.70216050625 0.2894589796875 0.70216050625 0.2871451109375 0.5766460875 0.14962201718749998 0.5735596671875001
0 0.15656646093749998 0.72016460625 0.1610402109375 0.8431070234375 0.28830201875 0.8431070234375 0.285988203125 0.720679071875 0.15656646093749998 0.72016460625
0 0.010733128125 0.72633744375 0.0198952390625 0.84722228125 0.1581478609375 0.84516460625 0.1517847859375 0.7175926515625 0.010733128125 0.72633744375