0 0.72734375 0.01484375 0.1359375 0.0296875
0 0.8015625 0.10703125 0.1359375 0.11875
0 0.76484375 0.04765625 0.1359375 0.0953125
0 0.821875 0.37265625 0.15625 0.1359375
0 0.57578125 0.6734375 0.1015625 0.0890625
0 0.37890625 0.578125 0.0984375 0.0828125
0 0.34140625 0.70234375 0.0984375 0.084375
0 0.6984375 0.703125 0.1046875 0.0890625
0 0.2734375 0.9734375 0.10625 0.053125
0 0.40703125 0.8515625 0.103125 0.0890625
0 0.72421875 0.75859375 0.1046875 0.0890625
0 0.384375 0.80078125 0.0984375 0.0828125
0 0.36640625 0.7515625 0.09375 0.08125
0 0.553125 0.6265625 0.0921875 0.078125
0 0.53046875 0.58203125 0.0890625 0.0765625
0 0.35234375 0.94609375 0.096875 0.084375
0 0.31796875 0.65234375 0.0984375 0.084375
0 0.84140625 0.17578125 0.125 0.1140625
0 0.3265625 0.89140625 0.103125 0.0875
0 0.253125 0.93359375 0.090625 0.078125
0 0.49375 0.81796875 0.1046875 0.090625
0 0.43046875 0.9046875 0.1 0.084375
0 0.30390625 0.83984375 0.0984375 0.0859375
0 0.67421875 0.6578125 0.1046875 0.0890625
0 0.40234375 0.6234375 0.1 0.0859375
0 0.15703125 0.69453125 0.0984375 0.084375
0 0.2890625 0.78984375 0.096875 0.08125
0 0.44453125 0.71953125 0.1 0.084375
0 0.3578125 0.53203125 0.103125 0.0875
0 0.23359375 0.8859375 0.090625 0.078125
0 0.42421875 0.67109375 0.1 0.0875
0 0.46953125 0.76875 0.1015625 0.0875
0 0.2140625 0.83671875 0.0921875 0.0796875
0 0.86328125 0.45390625 0.1578125 0.134375
0 0.8078125 0.71484375 0.1046875 0.0890625
0 0.484375 0.31484375 0.0859375 0.0765625
0 0.209375 0.60234375 0.096875 0.0828125
0 0.23046875 0.64765625 0.0890625 0.0765625
0 0.2984375 0.60546875 0.090625 0.075
0 0.64609375 0.60859375 0.103125 0.0875
0 0.646875 0.80859375 0.0859375 0.065625
0 0.565625 0.4703125 0.0984375 0.084375
0 0.5125 0.875 0.1046875 0.0921875
0 0.78125 0.66171875 0.1046875 0.090625
0 0.26953125 0.73984375 0.09375 0.08125
0 0.3359375 0.48671875 0.0953125 0.0765625
0 0.25 0.69453125 0.0875 0.0734375
0 0.27734375 0.5640625 0.0859375 0.075
0 0.92109375 0.3265625 0.1171875 0.1125
0 0.934375 0.61484375 0.13125 0.1484375
0 0.18828125 0.55703125 0.1 0.084375
0 0.5078125 0.53984375 0.0859375 0.0734375
0 0.31171875 0.44765625 0.09375 0.075
0 0.14921875 0.48046875 0.0921875 0.078125
0 0.58828125 0.51484375 0.1 0.0859375
0 0.6171875 0.56171875 0.103125 0.0875
0 0.28828125 0.40625 0.0921875 0.078125
0 0.521875 0.3953125 0.0828125 0.0703125
0 0.9046875 0.53671875 0.1609375 0.1390625
0 0.26015625 0.52421875 0.0796875 0.0671875
0 0.61640625 0.7421875 0.08125 0.0625
0 0.503125 0.359375 0.0828125 0.06875
0 0.88203125 0.25078125 0.1203125 0.1125
0 0.45078125 0.425 0.0828125 0.071875
0 0.75703125 0.60859375 0.103125 0.0890625
0 0.63359375 0.7734375 0.0796875 0.0625
0 0.95390625 0.4046875 0.0921875 0.1125
0 0.60234375 0.71171875 0.0859375 0.06875
0 0.54140625 0.43203125 0.0859375 0.06875
0 0.696875 0.521875 0.103125 0.0859375
0 0.13828125 0.646875 0.0859375 0.071875
0 0.66796875 0.478125 0.1 0.0875
0 0.19453125 0.784375 0.09375 0.0796875
0 0.1671875 0.5171875 0.0953125 0.0765625
0 0.728125 0.56328125 0.1046875 0.0890625
0 0.178125 0.73984375 0.0921875 0.075
0 0.63828125 0.43046875 0.1 0.0875
0 0.471875 0.46796875 0.0828125 0.0671875
0 0.9765625 0.48515625 0.046875 0.1109375
0 0.121875 0.60703125 0.0765625 0.0640625
0 0.24453125 0.4859375 0.084375 0.071875
0 0.48984375 0.50390625 0.0796875 0.0640625
0 0.4359375 0.40078125 0.0671875 0.046875
0 0.584375 0.3578125 0.0828125 0.0640625
0 0.115625 0.81953125 0.0921875 0.15
0 0.0421875 0.6828125 0.0359375 0.0515625
0 0.60859375 0.3921875 0.0890625 0.071875