0 0.71875 0.31015625 0.215625 0.209375
0 0.790625 0.44375 0.2171875 0.20625
0 0.8421875 0.57265625 0.1953125 0.1875
0 0.9015625 0.69375 0.196875 0.190625
0 0.771875 0.77265625 0.1796875 0.1765625
0 0.7046875 0.65078125 0.1890625 0.1875
0 0.63359375 0.5265625 0.1921875 0.190625
0 0.4625 0.25078125 0.15 0.1515625
0 0.5203125 0.35390625 0.1484375 0.146875
0 0.3671875 0.31640625 0.1484375 0.1484375
0 0.425 0.415625 0.14375 0.1421875
0 0.47890625 0.50703125 0.1375 0.134375
0 0.57734375 0.7234375 0.190625 0.1875
0 0.64921875 0.83828125 0.1765625 0.1703125
0 0.603125 0.1828125 0.1796875 0.175
0 0.2234375 0.4234375 0.2296875 0.259375
0 0.3390625 0.6875 0.246875 0.284375
0 0.47265625 0.8796875 0.2453125 0.240625
0 0.096875 0.5375 0.19375 0.3125
0 0.18203125 0.75703125 0.284375 0.3015625
0 0.29765625 0.90859375 0.2734375 0.1828125