0 0.4546875 0.71875 0.1015625 0.08125
0 0.2578125 0.25703125 0.1484375 0.1125
0 0.1953125 0.41796875 0.153125 0.11875
0 0.22890625 0.3359375 0.1546875 0.1171875
0 0.29140625 0.1765625 0.1453125 0.1125
0 0.26171875 0.75546875 0.0890625 0.0765625
0 0.16484375 0.12421875 0.15 0.1125
0 0.46875 0.6671875 0.0953125 0.075
0 0.1640625 0.50859375 0.159375 0.125
0 0.4859375 0.61640625 0.0953125 0.075
0 0.24765625 0.8078125 0.0875 0.06875
0 0.35859375 0.72265625 0.09375 0.0734375
0 0.27421875 0.703125 0.0859375 0.0671875
0 0.134375 0.20234375 0.1421875 0.1109375
0 0.4359375 0.77109375 0.1 0.0765625
0 0.228125 0.85625 0.0859375 0.0703125
0 0.5234375 0.7984375 0.0953125 0.075
0 0.52109375 0.51328125 0.090625 0.0703125
0 0.81171875 0.88125 0.1015625 0.078125
0 0.571875 0.6453125 0.0984375 0.0765625
0 0.73671875 0.80703125 0.0953125 0.075
0 0.5046875 0.56484375 0.090625 0.0703125
0 0.58828125 0.5921875 0.096875 0.075
0 0.79609375 0.9375 0.1015625 0.078125
0 0.8265625 0.82421875 0.0984375 0.0796875
0 0.55546875 0.69609375 0.0984375 0.0734375
0 0.503125 0.86015625 0.1015625 0.078125
0 0.928125 0.6953125 0.078125 0.06875
0 0.60390625 0.5375 0.09375 0.075
0 0.29375 0.65546875 0.0890625 0.071875
0 0.540625 0.7453125 0.0953125 0.075
0 0.66171875 0.6265625 0.090625 0.0734375
0 0.76484375 0.709375 0.09375 0.0734375
0 0.61796875 0.48828125 0.09375 0.071875
0 0.1046875 0.28203125 0.1359375 0.1109375
0 0.6046875 0.834375 0.109375 0.0828125
0 0.915625 0.74375 0.075 0.0703125
0 0.096875 0.69296875 0.1734375 0.1328125
0 0.69296875 0.52421875 0.0921875 0.0734375
0 0.134375 0.6 0.178125 0.134375
0 0.6765625 0.57734375 0.090625 0.0734375
0 0.646875 0.6796875 0.0921875 0.071875
0 0.84765625 0.7265625 0.0921875 0.0734375
0 0.88203125 0.4453125 0.0875 0.0703125
0 0.8359375 0.775 0.09375 0.06875
0 0.853125 0.678125 0.090625 0.0671875
0 0.78984375 0.56328125 0.0890625 0.071875
0 0.6203125 0.7796875 0.1078125 0.0796875
0 0.86328125 0.62734375 0.090625 0.071875
0 0.87890625 0.8984375 0.05625 0.0640625
0 0.5875 0.8921875 0.1078125 0.084375
0 0.75078125 0.759375 0.09375 0.0703125
0 0.7734375 0.65859375 0.09375 0.071875
0 0.87109375 0.578125 0.0921875 0.0734375
0 0.72578125 0.859375 0.09375 0.071875
0 0.7953125 0.5171875 0.0875 0.0671875
0 0.41640625 0.81796875 0.0921875 0.0578125
0 0.715625 0.9171875 0.0859375 0.071875
0 0.634375 0.7265625 0.1 0.0765625
0 0.878125 0.53046875 0.096875 0.0765625
0 0.94609375 0.5984375 0.084375 0.065625
0 0.95703125 0.515625 0.075 0.0578125
0 0.9375 0.64296875 0.0828125 0.065625
0 0.78203125 0.60859375 0.090625 0.075
0 0.86484375 0.9515625 0.0515625 0.065625
0 0.8859375 0.48828125 0.090625 0.06875
0 0.07265625 0.36640625 0.1265625 0.115625
0 0.8921875 0.84453125 0.0609375 0.065625
0 0.05 0.45625 0.1 0.11875
0 0.95078125 0.55546875 0.0765625 0.0609375
0 0.903125 0.79765625 0.0640625 0.0609375
0 0.2953125 0.82578125 0.0640625 0.153125
0 0.33203125 0.82578125 0.075 0.1640625
0 0.70546875 0.68515625 0.078125 0.15625
0 0.03125 0.55390625 0.0625 0.1203125
0 0.99453125 0.53125 0.0109375 0.05
0 0.01171875 0.6546875 0.0234375 0.115625
0 0.66953125 0.8484375 0.0921875 0.1875