0 0.4490198484375 0.346326490625 0.5032855781250001 0.34515645781250004 0.5054022765624999 0.3434150484375 0.5082064046875 0.30885084375 0.5068222796875 0.3062505125 0.4387934578125 0.306955928125 0.4330738546875 0.308809628125 0.42907476562499997 0.344230178125 0.4490198484375 0.346326490625
0 0.418758528125 0.403577396875 0.414432146875 0.431598984375 0.41463933593749996 0.43751241093750004 0.48700363593749996 0.4323529640625 0.48988895781249997 0.43118331093749995 0.4914411921875 0.42692772031250004 0.4958846421875 0.392535815625 0.49243485781249996 0.3911912875 0.42148769843749995 0.3960087109375 0.418758528125 0.403577396875
0 0.5620787843749999 0.41864096249999994 0.5296976296875 0.40345426562500003 0.4974035625 0.3926954609375 0.49543998125 0.39298004999999997 0.4935124484375 0.39817813750000003 0.492371559375 0.40640472968749997 0.49362059062499997 0.4129186296875 0.5120494875 0.4241840296875 0.5642165390625 0.42721215468749996 0.5659399171875 0.4239564921875 0.5659218921875 0.42149974375 0.5620787843749999 0.41864096249999994
0 0.47819909843749997 0.6332165843750001 0.4814416953125 0.6286476875 0.4863414671875 0.5820294734375 0.48463308281249995 0.5798860312499999 0.4471508625 0.5764374625 0.40769006875 0.5786725859375 0.3963529421875 0.5814087734375 0.3931585234375 0.6223145765625 0.39396319218750003 0.6277998296875 0.3968845609375 0.6315436734375 0.40798451562500004 0.6336922687500001 0.457623521875 0.6344908 0.47819909843749997 0.6332165843750001
0 0.390025065625 0.738836296875 0.3861159265625 0.741862225 0.3829274015625 0.75380136875 0.3782107328125 0.78816455625 0.37954381875 0.7912504953124999 0.4666500546875 0.8008967 0.47257381406250004 0.797100575 0.47757566406249996 0.7495111484375 0.4686764640625 0.7421931828125 0.4497041609375 0.7387262015625 0.390025065625 0.738836296875
0 0.40297093906250003 0.7917489015625 0.3799183546875 0.7903079187500001 0.375513815625 0.7927908078125 0.3715898546875 0.8458942046875 0.37259868125 0.8494370328124999 0.4217272953125 0.8550916281250001 0.45936263437499997 0.857083378125 0.4629475140625 0.8545143390625001 0.47018616562500004 0.8066690390625 0.4667693953125 0.80238215625 0.40297093906250003 0.7917489015625
0 0.48915920625 0.47061924218750006 0.5004692109375 0.44185875 0.42282663906250006 0.44204469062499996 0.417653478125 0.4439558234375 0.4148463171875 0.470664175 0.41737436250000004 0.47289376718750004 0.4673556546875 0.475692159375 0.48915920625 0.47061924218750006
0 0.4156416171875 0.3704511890625 0.35032697343749997 0.3689870234375 0.348210275 0.3707284328125 0.3473606296875 0.3814404890625 0.41557861875 0.3841917515625 0.4156416171875 0.3704511890625
0 0.40129948750000005 0.5063191671875 0.38577697031249997 0.5041967140625 0.3299920203125 0.5066799828125 0.3278242828125 0.5089069984375 0.326085915625 0.5175617640625 0.3220657703125 0.5426697140625001 0.3210960234375 0.5518962359375 0.3223090078125 0.5534966375 0.3945051984375 0.5551931125 0.3958022359375 0.553365553125 0.4026836125 0.5089194984375001 0.40129948750000005 0.5063191671875
0 0.3939510578125 0.59588545 0.39694132031249996 0.556922071875 0.3955061546875 0.554807346875 0.375936371875 0.5517685375 0.326246325 0.5514556125000001 0.321910846875 0.55590964375 0.32020549374999996 0.561622053125 0.3154017359375 0.59155735 0.315011446875 0.59789895 0.3162244296875 0.5994993531249999 0.387600959375 0.601109678125 0.3924498625 0.599655434375 0.3939510578125 0.59588545
0 0.32414991875 0.6013353390625 0.3211114796875 0.6039618109375 0.316151571875 0.627498075 0.313221278125 0.6448650390624999 0.31470748125000003 0.6464941578125 0.365628534375 0.650864234375 0.38779239374999996 0.6502479250000001 0.39009522812499997 0.644107340625 0.3961239296875 0.602517490625 0.372302721875 0.6005047515624999 0.32414991875 0.6013353390625
0 0.296184496875 0.8039743109374999 0.2906992046875 0.8377657421875 0.291759071875 0.8408229640625 0.36351393125000003 0.8493466453125 0.36913145625 0.848464159375 0.37080379375 0.845694103125 0.3750100703125 0.8161869796874999 0.373163559375 0.8101012531249999 0.2990517953125 0.800347909375 0.296184496875 0.8039743109374999
0 0.9138579359375001 0.7094463656250001 0.9124738109375 0.706846034375 0.781036821875 0.6905765953125 0.7766322812500001 0.693059484375 0.7741973875 0.7109694875 0.766607525 0.7779257375 0.7661151562499999 0.78523855 0.767328140625 0.7868389515625 0.8991914671875 0.8016802875 0.9064993515624999 0.80048449375 0.9131314265625001 0.7294998109375 0.9138579359375001 0.7094463656250001
0 0.9141885859375 0.635344521875 0.91444075 0.6250606375000001 0.912936521875 0.6209747703125 0.8455351625 0.61045380625 0.7873392375 0.6043371671875 0.7819438953125 0.605733978125 0.7797431421875001 0.6109033484374999 0.7723094296874999 0.6842586296875 0.7719371640625 0.693056978125 0.772876925 0.6946286640625 0.899720209375 0.7099243140625 0.9083941953125001 0.708872103125 0.9141885859375 0.635344521875
0 0.777777003125 0.6033321359375 0.9077277875 0.61797245625 0.9113126671874999 0.6154034171875 0.9168518625000001 0.5443038671875 0.9159420812500001 0.5319339734375 0.7889967203125 0.5176095375 0.7851386203125 0.520149859375 0.7790139046875 0.5784226265625 0.777777003125 0.6033321359375
0 0.8979944515625 0.52661080625 0.9106136250000001 0.5274461640625 0.9133278046875001 0.52527658125 0.916249003125 0.48434206093750004 0.9157894796875 0.44403415468749996 0.914627534375 0.441948146875 0.7900210546875 0.4263966234375 0.78163561875 0.511435175 0.8979944515625 0.52661080625
0 0.79245 0.34809658125 0.787889478125 0.38885880156249997 0.78589001875 0.428908259375 0.8987660515625 0.445681715625 0.9131776640625 0.44523255468749995 0.9180353218749999 0.3779891390625 0.917876140625 0.3637342546875 0.9163208734375001 0.36013399375 0.7984938609375 0.3457859921875 0.79245 0.34809658125
0 0.79674073125 0.2704831921875 0.7947982078125 0.28108038281250003 0.7892229656249999 0.3472664359375 0.9138294468750001 0.36281795781250004 0.9176573921875001 0.3263974796875 0.918792215625 0.3024591828125 0.918170646875 0.28471890312500003 0.91705974375 0.2821472875 0.8065075984375 0.269545846875 0.79674073125 0.2704831921875
0 0.9178018140624999 0.2566947984375 0.9200024000000001 0.20684706406250003 0.9181048484375 0.20124694375000002 0.8029590000000001 0.187671715625 0.7994761984375 0.1892695421875 0.792976184375 0.24848480468749998 0.7916161484375001 0.2640529265625 0.7925559109375 0.2656246125 0.9073264609375 0.2801423375 0.9137126062500001 0.27983160625000003 0.915607125 0.2775758734375 0.9178018140624999 0.2566947984375
0 0.65168710625 0.5046506281250001 0.6427191828125001 0.58471825 0.6438811265625 0.5868042578125 0.7758465328125 0.60067438125 0.7815629328125 0.5462864656249999 0.7840097859374999 0.5151215062500001 0.7830700234375 0.5135498203125 0.6577969984375 0.496455328125 0.6543652375 0.49756754843750006 0.65168710625 0.5046506281250001
0 0.7285611109375 0.5932496296875 0.6475858234375 0.585720725 0.644478321875 0.5863760546875 0.6422085046875 0.589574284375 0.638632721875 0.6157108796874999 0.633429746875 0.673098584375 0.6348649125 0.675213309375 0.742531734375 0.6889844015625 0.7686918203124999 0.6897700546875 0.7781521125 0.6023896203125 0.7769901671875 0.6003036109375001 0.7285611109375 0.5932496296875
0 0.5653593890625 0.4297871265625 0.5138078390625 0.428787578125 0.4947364890625 0.4341476609375 0.49180012812499996 0.43580292031249995 0.49057215468750004 0.43960162187499996 0.48796914999999996 0.46436754843749994 0.4888758984375 0.46888158906250005 0.4911817625 0.4705968578125 0.5220886734375 0.4708994796875 0.5658849421875 0.4642103234375 0.567563175 0.43247360781250005 0.5653593890625 0.4297871265625
0 0.4853819625 0.5362683374999999 0.4211421765625 0.5324622890625 0.40297454374999997 0.534480559375 0.4003624421875 0.5356789296875 0.399236546875 0.53850641875 0.3960751421875 0.5764698671875 0.39747729062500003 0.5815269468750001 0.47466051093750006 0.5857114640625001 0.48205733593750005 0.5823662890625 0.4838880703125 0.555178325 0.48511214062499997 0.546788640625 0.4853819625 0.5362683374999999
0 0.431628134375 0.35386907968750003 0.4245934703125 0.355093590625 0.42107765468749997 0.359633771875 0.4182524703125 0.38388537500000003 0.41832456406249996 0.39371236875000004 0.48833499218750004 0.3951791109375 0.49122031406250005 0.3940094578125 0.49282358593750003 0.3892682609375 0.49474202500000003 0.3605026171875 0.4931357171875 0.3573879625 0.431628134375 0.35386907968750003
0 0.413099296875 0.44078734218750004 0.41072436874999996 0.43710093125 0.35200002812500003 0.433383609375 0.3424043015625 0.43532088281250003 0.3409721703125 0.44106200937500006 0.33906569375 0.456572696875 0.3390507015625 0.46197180156249995 0.340263684375 0.463572203125 0.40313736875000006 0.46723466875 0.40569843125 0.46652190468750004 0.4092652859375 0.46149611718749994 0.413099296875 0.44078734218750004
0 0.3153329625 0.7349136078125 0.30901588125 0.7371954796875 0.30533195625 0.748591584375 0.30426013125 0.75878931875 0.346321065625 0.7686107796874999 0.3760510375 0.772226496875 0.3779965953125 0.7694851578125 0.380875853125 0.7526038015625 0.379047365625 0.7489748234375 0.3696707875 0.7435705671874999 0.3153329625 0.7349136078125
0 0.377215825 0.7821683375 0.37465173125 0.7750252484375 0.3060554125 0.76536063125 0.30299895 0.7655303546875001 0.300543 0.7731277578125 0.2974415625 0.7894947921875 0.2963697359375 0.7996925265625 0.2973095 0.8012642109374999 0.369013321875 0.8102734999999999 0.3742194984375 0.8054200109374999 0.37587381249999996 0.8001932078125 0.377215825 0.7821683375
0 0.7665439296875001 0.7946120624999999 0.7586358734374999 0.8777369046875 0.7606355015624999 0.8823658125 0.8710345281249999 0.8964240718750001 0.9017372796875 0.89866911875 0.9044514593749999 0.8964995359374999 0.9077477859374999 0.8099441562499999 0.9063456375 0.8048870765625 0.7704530703125 0.7915861328125 0.7665439296875001 0.7946120624999999
0 0.8030297671875 0.1189432359375 0.7986855328125 0.1891864390625 0.8752052421875 0.1996838390625 0.9192957890625 0.20333600000000002 0.92176959375 0.15351698281249998 0.9204814812500001 0.1342337328125 0.9182776968749999 0.1315472515625 0.8319220578125 0.12001605468750001 0.8059661281249999 0.11728797656250001 0.8030297671875 0.1189432359375
0 0.806929640625 0.0476713859375 0.802921625 0.10420274375000001 0.80308080625 0.1184576296875 0.9080844890625 0.1339126984375 0.9189952781249999 0.1326046140625 0.922369765625 0.0715879328125 0.9221445515625 0.0632177578125 0.9205382453125001 0.060103103125 0.84292565625 0.0494908375 0.806929640625 0.0476713859375
0 0.64152273125 0.6778769578125 0.6362294671875001 0.6783025546875 0.6351726328125 0.683101184375 0.6275827703125 0.750057434375 0.626291796875 0.767596696875 0.627796025 0.771682565625 0.7648325140625001 0.7846127671875001 0.770227515625 0.6938592296875 0.7690145328125 0.6922588265625 0.7525522515625 0.6885646875 0.64152273125 0.6778769578125
0 0.7299177578125 0.88551986875 0.7576991421875 0.8840210718750001 0.760686540625 0.88188020625 0.76755275625 0.7981548890625 0.7673966078125 0.79175585625 0.7652948984375 0.7880981625000001 0.7283410953125 0.782250278125 0.6318432890625 0.7725989203125 0.6290270328124999 0.775739715625 0.621692365625 0.8402679328125 0.6198760078125 0.8680623640625 0.6209869125 0.8706339796875 0.645543725 0.8761608296875 0.7299177578125 0.88551986875
0 0.56652173125 0.5320312281249999 0.5780630171875 0.5273526171875 0.5797112640625001 0.5064141078125 0.57794274375 0.481188715625 0.5767807984375 0.47910270781250003 0.51751305 0.48318380312500003 0.4983726375 0.48657274531250005 0.492328775 0.488883334375 0.49029916250000005 0.495052634375 0.48757908906249997 0.5261888765625 0.49031432500000005 0.5343318953125 0.5148020734375 0.537887603125 0.5419859765624999 0.5368169796875 0.56652173125 0.5320312281249999
0 0.4845167328125 0.5553252609375 0.4829345140625 0.570379059375 0.483898365625 0.590119196875 0.56082335625 0.5888758937499999 0.5696324359375 0.583910115625 0.5711845015625 0.534976159375 0.5689626921875 0.5298329296875 0.49837584062499996 0.5391069609375 0.48710777656250004 0.5438142906250001 0.4845167328125 0.5553252609375
0 0.5710376187499999 0.596823046875 0.5690379890624999 0.592194140625 0.49994930000000004 0.589842334375 0.48818583593750003 0.594006625 0.48523448281250003 0.6010609875 0.4821901515625 0.6326541203125 0.4827216 0.6381106562500001 0.4854207875 0.6413401765625 0.5362727796875 0.6437391125 0.5686989078125 0.6427284984375 0.571737346875 0.640102025 0.5710376187499999 0.596823046875
0 0.5718936671875 0.6911794234374999 0.5727131578125 0.6465872078125 0.57072851875 0.6365591984375001 0.5340659609375 0.6331967781250001 0.5160004046875 0.6342438375 0.48902368906250004 0.6412278875 0.48670283437500006 0.644911721875 0.48258364374999996 0.6788467359375 0.48753765624999995 0.6842771328125 0.52396304375 0.6925243328125 0.5644326640624999 0.6938320359375 0.5697259265625 0.6934064390625 0.5718936671875 0.6911794234374999
0 0.575673775 0.707778765625 0.575394490625 0.6920383453125 0.49986861875 0.6904828765625 0.4886335703125 0.6922478515625 0.487012271875 0.6945323 0.481611034375 0.7248957703125 0.48009787968750006 0.7419207109375 0.48137992656249995 0.7454922546875 0.55726610625 0.7515043296874999 0.5692697765625 0.7503111125 0.5725123734374999 0.7457422140625 0.575673775 0.707778765625
0 0.5070508453125 0.8061249359374999 0.5575966 0.811437509375 0.561265534375 0.8054405078125001 0.5654477250000001 0.7577649328125 0.5643878578125 0.7547077109375 0.5257947328125 0.7486875265624999 0.47702642500000003 0.7474895375 0.47248696093750003 0.7985643578125 0.5070508453125 0.8061249359374999
0 0.499739928125 0.799464878125 0.4804283734375 0.8018538890625001 0.46997997031249994 0.8066473671875001 0.4643235375 0.8394388703125 0.464173453125 0.8487515406249999 0.46560861718749996 0.8508662656249999 0.5510275234375 0.8686816296875 0.5554800703125 0.8578572828125001 0.56036181875 0.8087823203125 0.558431253125 0.8061245546875 0.499739928125 0.799464878125
0 0.47606863749999995 0.743461103125 0.4791911328125 0.7374066703125 0.483733628125 0.6941877 0.483646540625 0.689759809375 0.48045195312500005 0.6859872484375 0.4346019796875 0.6806772515625 0.399323546875 0.6799151640625001 0.39186254374999996 0.6825677765625 0.38746406875 0.7007623703125 0.3846238921875 0.7304130765625 0.3862301984375 0.7335277312499999 0.393249871875 0.737702325 0.47024695781250003 0.746286015625 0.47606863749999995 0.743461103125
0 0.48329802343750006 0.6273698828125001 0.436493296875 0.6258873031250001 0.4036408296875 0.6283260203125 0.3981614328125 0.633150790625 0.3950239484375 0.644604328125 0.3920126296875 0.67325510625 0.39215075625 0.6771973906250001 0.39445662187499997 0.678912659375 0.4371300265625 0.68290684375 0.4806380859375 0.681588075 0.48524964531250003 0.6403402484375 0.48329802343750006 0.6273698828125001
0 0.48380807656249997 0.5331570906249999 0.4881014421875 0.5080778578125 0.4866602125 0.490251428125 0.483192403125 0.48645015 0.4195140484375 0.47730243124999994 0.41302582499999996 0.47858437499999995 0.4093058515625 0.48506698125 0.40209111875000003 0.5064023703125 0.4026766390625 0.5192291531250001 0.4104138953125 0.524461109375 0.4471635421875 0.53225141875 0.48114493593749996 0.534841065625 0.48380807656249997 0.5331570906249999
0 0.4151061359375 0.382572740625 0.34564215 0.38116343124999996 0.3401957671875 0.383045846875 0.33823521875 0.3911862890625 0.3360105453125 0.42286557187499996 0.3366951125 0.4268652890625 0.40769634374999997 0.4294181109375 0.41080384375 0.42876278125 0.41280044218749995 0.4255358359375 0.416904640625 0.396999925 0.4151061359375 0.382572740625
0 0.40514455 0.49837679531249995 0.40921573125000005 0.4727832390625 0.40776254375 0.468211765625 0.40069183124999996 0.464522778125 0.33860175937500003 0.45603296562500006 0.33317340156249997 0.4603721296875 0.3269644625 0.47739449531249994 0.3258746140625 0.48513547968750004 0.32649618281250004 0.502875759375 0.327931346875 0.5049904859375001 0.3987614359375 0.506543378125 0.401049275 0.505801896875 0.40514455 0.49837679531249995
0 0.3757634328125 0.6465077328125 0.31719220937500003 0.6413335921875001 0.30717014531250003 0.6446989671875001 0.30527562812500003 0.6469547 0.303741415625 0.6536670390625 0.29750855781249996 0.697199315625 0.2993880859375 0.7003426875 0.385245290625 0.7034749921875 0.3868155484375 0.70167615 0.39219269843750004 0.6531442281250001 0.390586390625 0.650029571875 0.3757634328125 0.6465077328125
0 0.323923840625 0.6955569359375 0.31716239687500003 0.6968101625 0.3132202421875 0.702778446875 0.3108604765625 0.738371296875 0.37363208124999997 0.7430049750000001 0.3801713453125 0.741237425 0.3833629015625 0.7371541328125 0.38724491875 0.7081039 0.387277934375 0.7051615453125 0.38490300624999996 0.7014751343750001 0.323923840625 0.6955569359375
0 0.22168401875 0.3200197640625 0.2592353015625 0.325439475 0.29173049375 0.326400003125 0.2950300234375 0.2923788390625 0.2936969375 0.2892929015625 0.23871059374999998 0.28154972031250003 0.22402576093749998 0.281970165625 0.22047103437499999 0.3184193609375 0.22168401875 0.3200197640625
0 0.2936640921875 0.3369136203125 0.2888992453125 0.3349399015625 0.27091774375 0.332559 0.2218432 0.3342746484375 0.21761283437499998 0.34561332031249997 0.21511190937500002 0.3694080328125 0.21649603437499998 0.3720083640625 0.2899412546875 0.3802187390625 0.29296167031250003 0.37513551875 0.29449588125 0.368423178125 0.296381303125 0.34259989062499996 0.2936640921875 0.3369136203125
0 0.26727913124999997 0.41711452187500003 0.286539646875 0.415211115625 0.289686059375 0.382646771875 0.2167362390625 0.3749794359375 0.215319096875 0.375321459375 0.211389071875 0.4127131515625 0.21237987500000002 0.41379923124999995 0.26727913124999997 0.41711452187500003
0 0.28464529843749997 0.4621452125 0.2858161703125 0.44312041406249997 0.284909421875 0.4386063734375 0.23142124218750001 0.4192373546875 0.22172343749999998 0.4221458421875 0.21064453906249997 0.4303098484375 0.2086149265625 0.4364791484375 0.20679250468750002 0.44856187500000005 0.20644129375000003 0.467672825 0.2084228984375 0.4698449828125 0.2796463109375 0.47291212656250003 0.28208726875 0.47071382812499996 0.28464529843749997 0.4621452125
0 0.196341240625 0.49017786562500004 0.193975409375 0.5100590109375001 0.19481309375 0.512601909375 0.2717081 0.5221568140625 0.277496596875 0.4775958921875 0.2746953296875 0.4753375828125 0.22491819687499998 0.47059676718750004 0.20210581875 0.47212685624999995 0.199442678125 0.47381083124999995 0.196341240625 0.49017786562500004
0 0.19686376249999998 0.5167452109374999 0.1952424640625 0.519029659375 0.190435675 0.5411091046875 0.1896401015625 0.5591914078125 0.19218617031250002 0.563877746875 0.2558315109375 0.5759678218750001 0.2678681953125 0.5718322484375 0.27486967500000004 0.5288717296875001 0.27304118593750004 0.5252427515625 0.26509977500000004 0.521953221875 0.19686376249999998 0.5167452109374999
0 0.1829898328125 0.583040978125 0.1792939484375 0.6076920375 0.1833081984375 0.6115507484375 0.2559878296875 0.62704521875 0.260086134375 0.6274759671875 0.2613831734375 0.625648409375 0.2661118015625 0.578030265625 0.1906669515625 0.5651909828125 0.1862113734375 0.5681594796875 0.1829898328125 0.583040978125
0 0.1838576703125 0.6194640328125 0.1791618859375 0.6194614578125 0.1771652890625 0.622688403125 0.16953028125 0.6611635984374999 0.246428321875 0.6785743531249999 0.24998018593750002 0.6789476703124999 0.25334288437499997 0.6758643078125 0.26248211875 0.6414749796875 0.262650228125 0.63461905625 0.260173221875 0.6319038578125 0.1838576703125 0.6194640328125
0 0.247368084375 0.6801460390625 0.2428254171875 0.67868664375 0.1697194484375 0.6646202765625 0.1656241765625 0.6720453796875 0.1615679828125 0.69223983125 0.1593882859375 0.707721803125 0.1603790890625 0.70880788125 0.23972111875 0.731876190625 0.2413424171875 0.7295917421875 0.24686375625 0.7007138078125 0.248070675 0.6866025046875001 0.247368084375 0.6801460390625
0 0.24099727031249998 0.7644143953125 0.24314092031249998 0.7440189265625 0.242165109375 0.73753374375 0.18494196406250002 0.7300464359375 0.16141200312499998 0.7305191625 0.159517484375 0.7327748953125 0.1542663328125 0.75382569375 0.152221728125 0.7653940968749999 0.152957334375 0.7689082078125 0.211975953125 0.7829668484375001 0.23480635468750002 0.7838935078125 0.2382531078125 0.7773821843750001 0.24099727031249998 0.7644143953125
0 0.1565782625 0.7712526671875 0.1524799578125 0.7708219171875 0.15075658125 0.7740775796875 0.1434278109375 0.8096391359374999 0.142902425 0.819894303125 0.20543989062499998 0.8372686140625 0.2267000359375 0.8399941171875 0.22750167187499998 0.8376235187500001 0.2331611390625 0.81268786875 0.2345541921875 0.7941773921874999 0.1565782625 0.7712526671875
0 0.14644046093750002 0.34206056875 0.143017796875 0.3667403453125 0.145716984375 0.369969865625 0.21516932031249997 0.3728508625 0.2151635421875 0.35713918906250003 0.21822227187499998 0.331930190625 0.18758858437499998 0.33165628593749996 0.1493918140625 0.33500620625 0.147599375 0.336290725 0.14644046093750002 0.34206056875
0 0.138240990625 0.3780215828125 0.1370970703125 0.378392321875 0.1343409484375 0.4046150671875 0.18297416093750002 0.40972662499999996 0.210004946875 0.41011282031249996 0.21378185468750002 0.374177946875 0.138240990625 0.3780215828125
0 0.194584678125 0.45169751874999997 0.1984847203125 0.4251040328125 0.19680935156249998 0.4200182359375 0.187603915625 0.4156139109375 0.15010670312500002 0.4175644453125 0.1335453765625 0.4226973703125 0.126771971875 0.437205553125 0.125700146875 0.44740328749999997 0.12742655625 0.45200347812499997 0.130005640625 0.4537474625 0.1637828796875 0.4582795359375 0.18671536093750002 0.4582349828125 0.194584678125 0.45169751874999997
0 0.1891773765625 0.466349284375 0.170325175 0.46436783750000005 0.12442719687499999 0.4673993 0.12015185625 0.49493528124999997 0.12267990312499999 0.4971648734375 0.180926865625 0.5027959046875 0.19101799218749999 0.5014016703124999 0.1930145890625 0.498174725 0.1952783421875 0.4792647921875 0.19202968125 0.4681219859375 0.1891773765625 0.466349284375
0 0.18828595937499998 0.54579286875 0.1903455546875 0.5288253609375 0.19060967812500001 0.505286521875 0.171535296875 0.5027907515625001 0.1275318359375 0.50356648125 0.11334240468750001 0.504529965625 0.10992866718750001 0.508098934375 0.10676726406249999 0.5460623828125 0.1096375921875 0.5502918343750001 0.11681038437499999 0.5530096078125 0.1663653359375 0.5572361015625 0.184806190625 0.5552465468750001 0.18828595937499998 0.54579286875
0 0.1784712546875 0.5997500359375 0.181914975 0.585382859375 0.186019175 0.5568469484375 0.1488612140625 0.5529414906250001 0.12114889375 0.556411428125 0.10675530468750001 0.5593173390625 0.103170425 0.561886378125 0.09689545468750001 0.584793453125 0.09662829843750001 0.6004764406249999 0.0975680625 0.6020481265625001 0.1727186375 0.604546090625 0.17674787812499998 0.603005696875 0.1784712546875 0.5997500359375
0 0.1739016375 0.6169447 0.16493640625 0.6155114453125 0.1066053875 0.613308375 0.099195425 0.61547538125 0.09607596406249999 0.6293856671875 0.0941514625 0.64243960625 0.0960309890625 0.645582978125 0.102930559375 0.6482720343749999 0.1703649359375 0.65585064375 0.1732502546875 0.654680990625 0.17769370625 0.6202890875 0.1739016375 0.6169447
0 0.164477221875 0.6645602671875 0.16421899375 0.6591324468749999 0.09866414531249999 0.654697209375 0.0843726359375 0.65663190625 0.0780376984375 0.7011353953125 0.07894444687499999 0.7056494359375 0.1554281078125 0.7112333375000001 0.164477221875 0.6645602671875
0 0.158064296875 0.728203421875 0.1572746171875 0.7173190640625 0.15561727187500002 0.714690015625 0.13500564843750001 0.711050734375 0.0878076 0.7080539031249999 0.0756508125 0.7107039390625001 0.07396348281250001 0.7188730984375 0.06777863281249999 0.754063915625 0.07085311875 0.756350940625 0.14344566406249998 0.7674175203125 0.14966066875 0.7661068609374999 0.1538399953125 0.755253796875 0.158064296875 0.728203421875
0 0.14846874062499998 0.7748190593750001 0.1465892125 0.7716756874999999 0.1294603890625 0.7664385796875 0.0799054359375 0.7622120859375 0.07358835312499999 0.764493959375 0.0697993171875 0.7690054234375 0.0651126296875 0.7925704046875001 0.0630019953125 0.8100235171874999 0.0645572625 0.813623778125 0.140479490625 0.8245493515625 0.1419987109375 0.8232361156250001 0.14629207500000002 0.7981568828125 0.14846874062499998 0.7748190593750001
0 0 0.81319710625 0.0346952265625 0.82177748125 0.053391278125 0.8173598953125 0.0614856375 0.7745142421875 0.042068973437500004 0.7700186140625 0 0.7655969875 0 0.81319710625
0 0 0.758574084375 0.0465245515625 0.7670501187500001 0.0612784484375 0.7686008156249999 0.0646921875 0.765031846875 0.07329390625 0.7094742765625 0.0064750375 0.70392424375 0 0.7048626984374999 0 0.758574084375
0 0 0.696739628125 0.001025621875 0.6979508078125 0.0500521578125 0.7045766171875 0.07097001875 0.7053022609374999 0.0766205578125 0.7014774187499999 0.08409941562499999 0.6566031890625 0.027353646875 0.6472021734375 0.00416596875 0.6496747578125001 0.00112753125 0.65230123125 0 0.66662480625 0 0.696739628125
0 0.08342967031250001 0.6025260046875001 0.0521294375 0.6007091296875 0.020781198437500002 0.6072337140624999 0.018340240625 0.6094320125 0.0143650703125 0.6183426515625 0.011825065625 0.629368015625 0.015070692187500002 0.6326549703125 0.084504696875 0.6448624859375001 0.0897108734375 0.6400089984374999 0.0935779015625 0.61635786875 0.0905694453125 0.6081861328125 0.08342967031250001 0.6025260046875001
0 0.1006032984375 0.5468874375 0.0433831859375 0.54725598125 0.02451599375 0.5506736390625 0.0196101578125 0.5815801484375 0.0201926453125 0.5865510796875 0.03952525625 0.59447466875 0.0552699546875 0.5971114453124999 0.096253 0.6014189359375 0.098249596875 0.598191990625 0.10255492031249999 0.559857803125 0.1006032984375 0.5468874375
0 0.0569599765625 0.5074414093749999 0.0395789890625 0.5124881859375 0.036165249999999996 0.5160571546875 0.032760609375 0.5431936796875 0.076971259375 0.5483313765625 0.10239573906249999 0.5456029171875 0.10500480625 0.5365486953125 0.10847851093750001 0.5113833125 0.10677012500000001 0.509239871875 0.09993961875 0.50852195625 0.0569599765625 0.5074414093749999
0 0.1141440421875 0.5021593671875 0.12158702031249999 0.49705000625 0.123310396875 0.49379434375000003 0.12630369218749998 0.46268681875000006 0.1254149671875 0.46062952656249995 0.089965390625 0.458867509375 0.0486430953125 0.4604160109375 0.04428959375 0.46241329374999995 0.042500187499999995 0.471553665625 0.0396059390625 0.4938341265625 0.0413833875 0.49794871093750004 0.054413907812499995 0.50275506875 0.10389979687499999 0.5050104203125 0.1141440421875 0.5021593671875
0 0.12561592187499998 0.40615288437499997 0.0991826171875 0.405338515625 0.07082177656250001 0.40972223437500005 0.0412329625 0.417904653125 0.0376091734375 0.45238270781249995 0.08569594375 0.45743683125 0.1163116109375 0.4552539875 0.11887267187499999 0.454541225 0.1215177875 0.45040050000000004 0.1278377328125 0.4112961140625 0.12561592187499998 0.40615288437499997
0 0.14168167812500002 0.3557985546875 0.0582204578125 0.36666526093749996 0.055130979687500005 0.3697773390625 0.053605865625000006 0.400057234375 0.08364207343749999 0.4007593140625 0.106385390625 0.39725808281249997 0.1274533359375 0.38867105468749996 0.130167515625 0.386501471875 0.143375071875 0.36334110000000003 0.145080425 0.357628690625 0.14168167812500002 0.3557985546875
0 0.06297014375 0.3293597171875 0.060258996875000005 0.339385153125 0.0600068328125 0.3496690359375 0.0621085390625 0.35332673125 0.08674940625000001 0.35542561875 0.1383159484375 0.3510260640625 0.1407267546875 0.31494760781250003 0.070566240625 0.3227935375 0.064744559375 0.32561845 0.06297014375 0.3293597171875
0 0.1536460984375 0.2971576234375 0.154156490625 0.292301559375 0.0667950578125 0.2850833859375 0.06549801875 0.2869109453125 0.062862 0.31461922656249997 0.06692728906249999 0.31799233125000004 0.11683648437500001 0.3109637265625 0.1536460984375 0.2971576234375