0 0.41953125 0.475 0.08984375 0.09609375
0 0.4203125 0.5828125 0.0953125 0.1015625
0 0.42109375 0.37421875 0.08828125 0.09375
0 0.41875 0.69453125 0.09453125 0.10625
0 0.22421875 0.58359375 0.09375 0.103125
0 0.2171875 0.8140625 0.1015625 0.1109375
0 0.2203125 0.696875 0.09921875 0.1046875
0 0.42265625 0.275 0.084375 0.09140625
0 0.3203125 0.69765625 0.09140625 0.103125
0 0.32734375 0.37109375 0.08671875 0.0875
0 0.32265625 0.58046875 0.096875 0.10234375
0 0.421875 0.81171875 0.0953125 0.10859375
0 0.3234375 0.81484375 0.09453125 0.1078125
0 0.23203125 0.371875 0.08359375 0.0875
0 0.22734375 0.4765625 0.0921875 0.09453125
0 0.24296875 0.18125 0.08203125 0.08671875
0 0.41796875 0.18203125 0.08515625 0.0875
0 0.32890625 0.2734375 0.0890625 0.084375
0 0.2359375 0.2734375 0.07890625 0.0859375
0 0.325 0.4734375 0.0875 0.0953125
0 0.328125 0.18125 0.08203125 0.0875
0 0.815625 0.60703125 0.36015625 0.4625