0 0.47734375 0.471875 0.15234375 0.21953125
0 0.47890625 0.65390625 0.13671875 0.12890625
0 0.47890625 0.79296875 0.134375 0.13046875
0 0.34140625 0.79921875 0.13359375 0.128125
0 0.353125 0.5890625 0.090625 0.0953125
0 0.35234375 0.475 0.09140625 0.121875
0 0.15234375 0.5328125 0.1359375 0.14140625
0 0.15703125 0.67421875 0.146875 0.1265625
0 0.16484375 0.809375 0.12890625 0.12890625
0 0.75234375 0.3265625 0.07734375 0.10078125
0 0.7484375 0.42578125 0.0859375 0.08046875
0 0.83125 0.3015625 0.0703125 0.0953125
0 0.8296875 0.40546875 0.0765625 0.0859375
0 0.82578125 0.49609375 0.0765625 0.0796875
0 0.815625 0.590625 0.07421875 0.08828125
0 0.80859375 0.67890625 0.071875 0.0890625
0 0.803125 0.7640625 0.0625 0.0765625
0 0.03984375 0.66953125 0.07890625 0.1296875
0 0.04453125 0.80859375 0.08828125 0.121875
0 0.03671875 0.52890625 0.071875 0.13515625
0 0.95625 0.44296875 0.08671875 0.01640625
0 0.95546875 0.4625 0.0890625 0.009375
0 0.9546875 0.47890625 0.08984375 0.00546875
0 0.95390625 0.4984375 0.09140625 0.01328125
0 0.95390625 0.51328125 0.09140625 0.01171875
0 0.953125 0.528125 0.09375 0.015625
0 0.953125 0.546875 0.09375 0.015625
0 0.95234375 0.5640625 0.09453125 0.009375
0 0.95234375 0.57734375 0.0953125 0.0140625
0 0.95234375 0.59609375 0.09453125 0.0140625
0 0.8953125 0.63515625 0.065625 0.05703125
0 0.88515625 0.69375 0.065625 0.05078125
0 0.878125 0.753125 0.0625 0.05625
0 0.953125 0.75546875 0.06328125 0.05078125
0 0.9640625 0.69921875 0.0671875 0.05703125
0 0.96875 0.6359375 0.0625 0.05625
0 0.783902375 0.50648148125 0.7740082625 0.5046296296875 0.725579190625 0.809259259375 0.7354733015625 0.8148148140625 0.783902375 0.50648148125
0 0.7111328125 0.8120370375 0.72349621875 0.8129629625 0.769842321875 0.5074074078125 0.7578652390625 0.503703703125 0.7111328125 0.8120370375
0 0.6955078125 0.8120370375 0.706311709375 0.8138888890624999 0.7547407828125 0.5101851859375001 0.7422429578124999 0.5046296296875 0.6955078125 0.8120370375
0 0.6807953171875 0.8101851859375 0.6927723984374999 0.8148148140625 0.7401599859375 0.50555555625 0.7281829046875 0.502777778125 0.6807953171875 0.8101851859375
0 0.7281829046875 0.5046296296875 0.7142578125 0.5 0.6677767484375 0.809259259375 0.6792330890625 0.8138888890624999 0.7281829046875 0.5046296296875
0 0.653195953125 0.8083333328125001 0.6646522921875 0.8111111109375001 0.7104776515625 0.5046296296875 0.696938340625 0.5 0.653195953125 0.8083333328125001
0 0.6932931421874999 0.503703703125 0.6835286453125 0.4990740734375 0.6391359 0.8083333328125001 0.651633725 0.8129629625 0.6932931421874999 0.503703703125
0 0.624555103125 0.80648148125 0.6370529281249999 0.8111111109375001 0.67975383125 0.503703703125 0.6703804625 0.4990740734375 0.624555103125 0.80648148125