0 0.80703125 0.7640625 0.21953125 0.1984375
0 0.7796875 0.44296875 0.1265625 0.13125
0 0.78515625 0.30234375 0.13984375 0.13046875
0 0.4875 0.790625 0.09609375 0.159375
0 0.4859375 0.6125 0.0953125 0.18203125
0 0.38046875 0.61015625 0.09765625 0.190625
0 0.38515625 0.7890625 0.09609375 0.15625
0 0.28515625 0.7859375 0.096875 0.1625
0 0.27890625 0.6125 0.109375 0.18203125
0 0.2890625 0.4125 0.1171875 0.1859375
0 0.4890625 0.37421875 0.07890625 0.1390625
0 0.40625 0.38125 0.0734375 0.14375
0 0.1140625 0.4015625 0.0828125 0.1890625
0 0.12578125 0.59765625 0.08359375 0.1796875
0 0.04296875 0.59609375 0.078125 0.1703125
0 0.04140625 0.4 0.08203125 0.190625