0 0.48984375 0.7734375 0.1921875 0.24375
0 0.59140625 0.575 0.178125 0.215625
0 0.54296875 0.8671875 0.109375 0.1265625
0 0.60625 0.76171875 0.1203125 0.1390625
0 0.67578125 0.63828125 0.128125 0.15625
0 0.74375 0.5140625 0.1234375 0.15
0 0.81015625 0.54921875 0.1203125 0.146875
0 0.7421875 0.6703125 0.1125 0.1359375
0 0.67578125 0.78515625 0.1109375 0.13125
0 0.61015625 0.89921875 0.1140625 0.1296875
0 0.690625 0.92265625 0.1 0.1203125
0 0.74921875 0.94921875 0.1015625 0.1015625
0 0.81640625 0.84609375 0.10625 0.125
0 0.74609375 0.8171875 0.109375 0.1359375
0 0.87734375 0.73203125 0.1171875 0.1421875
0 0.94375 0.61171875 0.1125 0.1328125
0 0.81015625 0.70546875 0.1171875 0.1421875
0 0.87578125 0.5796875 0.1234375 0.1484375
0 0.9390625 0.453125 0.121875 0.15
0 0.97421875 0.484375 0.0515625 0.15625
0 0.84453125 0.40625 0.1171875 0.1515625
0 0.30390625 0.74296875 0.1140625 0.134375
0 0.36015625 0.61953125 0.1125 0.1375
0 0.415625 0.50078125 0.1140625 0.134375
0 0.2890625 0.58984375 0.1140625 0.1328125
0 0.24296875 0.709375 0.115625 0.134375
0 0.2234375 0.5609375 0.1171875 0.134375
0 0.17421875 0.6765625 0.1078125 0.1265625
0 0.34375 0.47890625 0.1203125 0.1421875
0 0.40390625 0.34375 0.1140625 0.140625
0 0.33203125 0.31015625 0.1234375 0.14375
0 0.278125 0.4421875 0.125 0.1453125
0 0.39921875 0.18046875 0.1359375 0.159375
0 0 0.6742801578125001 0.0420028625 0.6901180250000001 0.099943165625 0.5825196921875 0.032760209375 0.5538284953125 0 0.6228058703125 0 0.6742801578125001
0 0.08944142499999999 0.4303532859375 0.03791901875 0.54676171875 0.10200950312499998 0.573877221875 0.1530298859375 0.45998316250000004 0.08944142499999999 0.4303532859375
0 0.14438368906250001 0.308762096875 0.0916243140625 0.42454026093749997 0.161608596875 0.447733546875 0.216605 0.3271984796875 0.14438368906250001 0.308762096875
0 0.199245646875 0.17050940781249999 0.145984196875 0.2888018140625 0.21767128125 0.3239431765625 0.27066928125 0.205794903125 0.199245646875 0.17050940781249999
0 0.144921915625 0.292415753125 0.079361496875 0.25901105156250004 0.023648135937500002 0.3912897015625 0.0863489546875 0.42877759375 0.144921915625 0.292415753125
0 0 0.5143435703125 0.0371739875 0.5302112515624999 0.086116084375 0.4231187109375 0.0203447875 0.3993019875 0 0.4468789375 0 0.5143435703125