0 0.5481138921875 0.67566499375 0.53059826875 0.7346654453125 0.52200466875 0.7667372015625 0.5226996078124999 0.769450940625 0.66494745 0.808577146875 0.6681065984375001 0.8074016140625 0.690462625 0.722906328125 0.6898436171875 0.7156633828125 0.55378769375 0.6746577546875 0.5481138921875 0.67566499375
0 0.7172526765625 0.6259504765624999 0.7160270093750001 0.6230945296875 0.5810829890625 0.5864308828125 0.57544701875 0.59048129375 0.5711123859375 0.6034740000000001 0.5580451609375 0.6479957125 0.5512712765625001 0.6775220234375 0.5522315796874999 0.680306865625 0.6923565093749999 0.7188642390625 0.6943152125000001 0.71686154375 0.71576138125 0.6336389796875 0.7172526765625 0.6259504765624999
0 0.511899921875 0.21201714843750002 0.5097391734375 0.2084051421875 0.4853004421875 0.19983477968750002 0.388429884375 0.17286738125 0.3850179828125 0.1749862 0.383210878125 0.17854603593750001 0.3686400125 0.21912630625 0.361664084375 0.243037915625 0.3637236765625 0.24915034687499998 0.48673891874999997 0.2836287 0.48988545468750005 0.2814387765625 0.496418934375 0.264485696875 0.511899921875 0.21201714843750002
0 0.4708757828125 0.3617756546875 0.48994602187499997 0.2895431 0.4877726625 0.284916703125 0.36662758125 0.2519504703125 0.3635948109375 0.252654359375 0.360738859375 0.25694416875 0.34856914687499996 0.288563215625 0.338749878125 0.317779025 0.3369806078125 0.3243820328125 0.338206275 0.3272379796875 0.464431109375 0.3645983640625 0.46852533906250005 0.364178890625 0.4708757828125 0.3617756546875
0 0.29292405312500003 0 0.2917757640625 0.0023942859375 0.27409619531249996 0.048207654687500004 0.2716950421875 0.057168881250000005 0.2746392703125 0.059979807812499994 0.391538521875 0.09180837343750001 0.397048115625 0.08822960625000001 0.40287378125 0.0781639515625 0.41839260312500004 0.0287385765625 0.41779881718749995 0.0235244125 0.4124536984375 0.01905915625 0.34474154375 0 0.29292405312500003 0
0 0.373959646875 0.160901996875 0.3955064421875 0.0964101171875 0.395455996875 0.0923525515625 0.39372482343750004 0.09138317968750001 0.2714045203125 0.059618565624999995 0.2686623359375 0.062422340624999996 0.25467290781249996 0.09658683125 0.24276855937500003 0.12827698125 0.24214928750000003 0.1316495890625 0.24336234375000002 0.13349114374999999 0.3692713703125 0.166722859375 0.3715080484375 0.1658056578125 0.373959646875 0.160901996875
0 0.8913368484375 0.588176696875 0.8670749375 0.5831922546875 0.85835575 0.583888990625 0.8467414609375 0.6389101359375 0.8432026546875001 0.66273170625 0.8480170453125 0.6670547546875001 0.9440915109375 0.6938088421875 0.9653965812499999 0.694967965625 0.9762652234375 0.6437910718750001 0.9796272078125 0.6163835796875 0.8913368484375 0.588176696875
0 0.8748795953125 0.4988419890625 0.860207046875 0.5631537953125 0.85920838125 0.5785568875 0.9620433296875 0.6066169343750001 0.9768785046874999 0.608569984375 0.986091640625 0.5625100656249999 0.9892641921875001 0.5305022625 0.901656159375 0.503994725 0.8780387421875 0.49766645625 0.8748795953125 0.4988419890625
0 1 0.46484805937499996 0.9996276937499999 0.45998079062499997 0.973293578125 0.4478695265625 0.8901081953125001 0.4260855765625 0.8757517218749999 0.483910496875 0.8745383999999999 0.4926844953125 0.8755743718750001 0.501555684375 0.9382255531249999 0.520365040625 0.9820106531249999 0.5320972234375 0.989150265625 0.531988253125 1 0.4697262125 1 0.46484805937499996
0 1 0.3803593890625 0.99916245625 0.379986190625 0.9032143671874999 0.3527604609375 0.9001687203125 0.3630655125 0.8896789437500001 0.42344302968749997 0.8901211296874999 0.4271000546875 0.9835923984375 0.45720066406250004 0.99761886875 0.4579260109375 1 0.4559363875 1 0.3803593890625
0 0.8081659203125 0.217092009375 0.8038063281250001 0.217440378125 0.8006976234375 0.22267347499999998 0.795124446875 0.242411396875 0.7861892875 0.2895568109375 0.7867578484375 0.2927421921875 0.9076249531249999 0.32462292812500004 0.90931829375 0.32254912812500003 0.9247238765624999 0.2533786796875 0.92425646875 0.247692871875 0.8081659203125 0.217092009375
0 0.892547871875 0.3989364578125 0.9068667765624999 0.3274528109375 0.9069300953124999 0.3219092125 0.787781553125 0.28998345625 0.7722750796875 0.3510387765625 0.77089755 0.3572412453125 0.7714913343750001 0.362455409375 0.892547871875 0.3989364578125
0 0.7731043625 0.3669316671875 0.757117603125 0.4319023421875 0.7553354578125 0.44810651406249996 0.866674671875 0.479456284375 0.879652296875 0.48091160468750005 0.8953610796874999 0.414855434375 0.89665033125 0.4015522265625 0.79881946875 0.37179998593749997 0.7754674171875 0.365542821875 0.7731043625 0.3669316671875
0 0.8249423390624999 0.769555684375 0.8267244843749999 0.7533515125 0.75704745625 0.733165090625 0.69285453125 0.717986671875 0.6720525937499999 0.8104809640624999 0.7685314109375 0.837848903125 0.8091069171875 0.8466990531249999 0.8249423390624999 0.769555684375
0 0.6459185234375 0.9086235984375 0.7852599687499999 0.94798205 0.78882346875 0.9474203687499999 0.79946458125 0.8992155453124999 0.80939814375 0.8472825937499999 0.8088169687500001 0.8430828203124999 0.6696523437499999 0.8073102890625 0.6556623859374999 0.8627058875 0.6459185234375 0.9086235984375
0 0.5206298703125001 0.773445909375 0.49563254843750004 0.8688600984375 0.4964538640625 0.87110219375 0.6437310171874999 0.9105649874999999 0.665632246875 0.8213982859375 0.6669341078125 0.8091094703125 0.6401070984375 0.7998991703125 0.529323834375 0.770720390625 0.524294525 0.770383803125 0.5206298703125001 0.773445909375
0 0.6469055640625 0.3255342109375 0.625307796875 0.4071996359375 0.7492707296875001 0.44344843906250003 0.7523161125 0.443758940625 0.7554500375 0.44055462656250005 0.7636392875 0.40786901875000003 0.773522140625 0.36249405625 0.7734716953125 0.3584364921875 0.649533984375 0.3242164703125 0.6469055640625 0.3255342109375
0 0.34734773125 0.24678445 0.352124553125 0.23744877031249997 0.370815396875 0.1772467 0.37048697656249996 0.172103640625 0.367416371875 0.16976435625 0.2489249328125 0.13750916562499998 0.2453614328125 0.1380708453125 0.242631859375 0.1418890125 0.22969127656250002 0.17532352812500002 0.2183681015625 0.21121344999999997 0.22052885 0.21482545625 0.271390240625 0.23199226718750002 0.3435440890625 0.24930380937500002 0.34734773125 0.24678445
0 0.21542045468749998 0.3054587484375 0.3118992703125 0.3328266875 0.32020149375 0.3305017078125 0.3277078890625 0.3173478625 0.343530171875 0.26042121093750004 0.34385885625 0.254948715625 0.33967635 0.2482674515625 0.258487503125 0.22752397656249998 0.21872070156249998 0.21990152968749999 0.2135776265625 0.2210509765625 0.20752443125000003 0.2340887015625 0.19225836093749998 0.2825707890625 0.19160099375 0.293515778125 0.1945578328125 0.297341096875 0.21542045468749998 0.3054587484375
0 0.1432245265625 0.429172090625 0.1324068578125 0.46317543906249997 0.13415064062499998 0.465159203125 0.26862698906250004 0.506752596875 0.27058569375 0.5047499015625 0.295191009375 0.4203518046875 0.2944834609375 0.41662367656250004 0.161687575 0.38255764375 0.1577953921875 0.3885918203125 0.1432245265625 0.429172090625
0 0.2314884671875 0.5948695140625 0.2379457515625 0.593061196875 0.245982875 0.580049559375 0.2545636 0.557578965625 0.263915459375 0.5226773484375 0.26587442656250004 0.5100590984375 0.26476252499999997 0.5057171171875 0.13168866562499998 0.470565590625 0.1286685046875 0.4722838703125 0.1250542953125 0.479403540625 0.10828458437499999 0.5239441874999999 0.10066416250000002 0.5491996218749999 0.100183878125 0.553114978125 0.1016622984375 0.5550276375000001 0.2314884671875 0.5948695140625
0 0.23593513437500002 0.603138078125 0.23337003437499998 0.5989122203125 0.09718773593749999 0.5583782359375 0.0932577171875 0.5613692375 0.071496265625 0.6192320234375 0.063256571875 0.6478600671875 0.064772825 0.6528159 0.20477137812500001 0.6918449171875001 0.2073997984375 0.6905271765625 0.21010415 0.684680228125 0.22184428750000001 0.6504185484375 0.23593513437500002 0.603138078125
0 0.580423090625 0.581704509375 0.7165423328125 0.6171665390625 0.7355369046875 0.5388476375 0.7361942734375 0.5279026484375 0.610942353125 0.49434149843749997 0.603524765625 0.49336497343749997 0.6013133093749999 0.49631095625 0.5940594031249999 0.5191370703125 0.580423090625 0.581704509375
0 0.623491940625 0.41429566875 0.6123455890625 0.4537715109375 0.6024375140625 0.4971176921875 0.7349806453125 0.5321270109375 0.75479679375 0.44543465 0.6258423859375 0.4118924328125 0.623491940625 0.41429566875
0 0.7901443671874999 0.28000094531249997 0.6889016046875 0.2523675234375 0.6694036390625 0.24764856562499998 0.6650566578125 0.24901132499999998 0.6469845546874999 0.32707189531249997 0.7722238640625 0.3596186546875 0.7865551156249999 0.299764953125 0.7901443671874999 0.28000094531249997
0 0.24928284375 0.5976154796875 0.22750851718749998 0.665079428125 0.2229589640625 0.68205859375 0.2235275265625 0.685243975 0.3602027203125 0.7228769953125 0.36494144375 0.7211136953125 0.39208690156250003 0.628297121875 0.2558286703125 0.5922923453125 0.25213879375000003 0.59332566875 0.24928284375 0.5976154796875
0 0.40891944999999996 0.0949490609375 0.405254796875 0.09801116875 0.3997071046875 0.1091623171875 0.381951340625 0.17012044843750002 0.3830380203125 0.172433646875 0.490535759375 0.20325960312500002 0.5089596578125 0.20667975312500003 0.5272587609375 0.146878221875 0.5297484578125 0.13440217968749998 0.528510178125 0.1305318421875 0.40891944999999996 0.0949490609375
0 0.8783566593750001 0.4871360171875 0.82748265625 0.46895481562499997 0.7541409734375 0.45183049999999997 0.7441320078125 0.48706155312500005 0.7360688718749999 0.5298910703125 0.7365110578125 0.5335480953125 0.7992760046875 0.55087141875 0.8622684843749999 0.5652226734375 0.8738951203124999 0.5218314734375 0.8790768203124999 0.4918785375 0.8783566593750001 0.4871360171875
0 0.73319885625 0.5407486890625 0.713281815625 0.619325921875 0.7149370562499999 0.6248245015625 0.8256191671875 0.6565037078125 0.8412630453125001 0.6596844609375 0.8440178421875 0.6578950765625 0.8597521109375 0.5832521328125 0.8605358546874999 0.5718354999999999 0.7618203593749999 0.5453847625 0.73319885625 0.5407486890625
0 0.830256125 0.749748259375 0.8497564656250001 0.6589272296875001 0.729154725 0.627117596875 0.71723855625 0.6259466921875 0.6967779125 0.7139828796875001 0.697599228125 0.716224975 0.8261745062499999 0.751182121875 0.830256125 0.749748259375
0 0.42764145937500003 0.44876471249999994 0.3118162765625 0.4182349546875 0.30774727031250004 0.42068320937500003 0.3058137875 0.4247146875 0.2892713421875 0.47689881874999995 0.28230802499999996 0.5018248187500001 0.2831167296875 0.503052521875 0.41727726875000004 0.5405172484375 0.41961510156250004 0.537099621875 0.4428428875 0.4589039953125 0.44171837500000005 0.45354762343750005 0.42764145937500003 0.44876471249999994
0 0.4666893296875 0.36823648750000004 0.46454119218749995 0.365638871875 0.3394156484375 0.331606078125 0.33362808125 0.33409935156250004 0.3237962015625 0.36230077031249996 0.30974318749999996 0.41262441250000004 0.3105771140625 0.4158808984375 0.44049182656249997 0.4522079578125 0.4421977765625 0.4511485484375 0.447695021875 0.43593983437499995 0.46571615 0.3750528078125 0.4666893296875 0.36823648750000004
0 0.9405004140625 0.787881728125 0.9638800640625 0.7006276859375 0.8543224671875 0.674304853125 0.84924245 0.6805262546875 0.8323455703124999 0.7573852078125001 0.9405004140625 0.787881728125
0 0.8102930046875001 0.8343792156250001 0.809509259375 0.8457958484375 0.8105959390624999 0.8481090468750001 0.9158569984374999 0.8798522046875 0.9399949078125 0.7897683015625 0.84575276875 0.7614831625 0.8287694578125 0.756932496875 0.8262800265625 0.7587929859375 0.8242327796875 0.7643104984375 0.8102930046875001 0.8343792156250001
0 0.4203008671875 0.5352613484375001 0.41692679843749997 0.5404233406250001 0.4081563765625 0.568909175 0.3931049625 0.6240203578125 0.39392627812500003 0.6262624515625 0.5303361078125 0.6638243671875 0.5322948125 0.6618216703125 0.5556996843750001 0.5765964109375 0.555636628125 0.5715244562499999 0.5533621140625 0.569398484375 0.4203008671875 0.5352613484375001
0 0.5290218984374999 0.6644832375 0.5053918687500001 0.657140578125 0.3946212171875 0.628976190625 0.39292787812499996 0.631049990625 0.37208863281250004 0.6992700000000001 0.3663890796875 0.719479565625 0.36722300625000004 0.7227360515625 0.5064128546875 0.7605373640625 0.508889675 0.7576624843750001 0.515612853125 0.7346941625000001 0.5302475640625001 0.6673391843750001 0.5290218984374999 0.6644832375
0 0.50640024375 0.7595229734375 0.4494733078125 0.743763940625 0.36804432187499997 0.7249781453125 0.36436705625 0.7270258609375 0.35419388125 0.7596853828125 0.341531009375 0.8048209484375001 0.33877595 0.8172258859375001 0.340001615625 0.8200818328124999 0.477649725 0.8615140859375 0.48226207031249996 0.8602224296875001 0.5000433203125 0.790677528125 0.50640024375 0.7595229734375
0 0.3577203375 0.724233865625 0.22411575 0.6889401312500001 0.22174008281250002 0.689314584375 0.219667615625 0.692803315625 0.20795269843750003 0.729093778125 0.1943799703125 0.7755020640625 0.19379853125 0.7819178453125 0.3349723078125 0.8197452453125 0.3373227515625 0.817342009375 0.3625599515625 0.7305856953125 0.36250950625 0.72652813125 0.3577203375 0.724233865625
0 0.391007271875 0.62548030625 0.415524046875 0.544597028125 0.41559997656250003 0.5400678203125 0.3407546515625 0.5190020625 0.2821343765625 0.50531683125 0.2788488515625 0.5069640078125001 0.27349059531250003 0.52271546875 0.2543068546875 0.5858185046875 0.25329584375 0.5895916515625 0.254117159375 0.591833746875 0.3788383515625 0.6252526890625 0.3879871109375 0.6271985859375 0.391007271875 0.62548030625
0 0.3111792578125 0.33263376093749997 0.1913483875 0.2990086578125 0.1887199671875 0.30032639843750003 0.185232134375 0.30697442656249996 0.168866775 0.3521289234375 0.1602101171875 0.379128725 0.16184013749999998 0.3825985234375 0.2884567125 0.4195583671875 0.2971632890625 0.4178472390625 0.3180910765625 0.3461124140625 0.3182429375 0.3370539984375 0.3111792578125 0.33263376093749997
0 0.20411201562499998 0.6967233 0.19957560000000002 0.6934857484375 0.1841844734375 0.6893617078125 0.062571721875 0.6613252234375 0.0563798015625 0.6632046453125 0.04989703125 0.673599734375 0.02790805 0.7344345890625 0.0250140015625 0.74629678125 0.02823620625 0.750193203125 0.172733340625 0.7894166 0.17547552500000002 0.7866128234375 0.1790645125 0.7774643718750001 0.20411201562499998 0.6967233