0 0.47109375 0.35 0.153125 0.15625
0 0.41953125 0.47265625 0.146875 0.15625
0 0.37578125 0.58515625 0.1390625 0.1421875
0 0.3296875 0.69296875 0.1359375 0.1421875
0 0.284375 0.7984375 0.1375 0.140625
0 0.384375 0.83515625 0.1296875 0.13125
0 0.43046875 0.73046875 0.1421875 0.14375
0 0.478125 0.62578125 0.1375 0.1421875
0 0.528125 0.5109375 0.1453125 0.146875
0 0.58203125 0.39296875 0.15 0.15625
0 0.1171875 0.471875 0.1515625 0.1484375
0 0.1625 0.35546875 0.146875 0.1484375
0 0.07578125 0.5859375 0.1453125 0.1453125
0 0.0515625 0.69453125 0.103125 0.1359375
0 0.04453125 0.45390625 0.0890625 0.1890625
0 0.3328125 0.40234375 0.209375 0.3140625
0 0.2265625 0.6734375 0.1828125 0.2765625
0 0.575 0.73984375 0.1125 0.1453125
0 0.5203125 0.86484375 0.1125 0.1375
0 0.5875 0.9078125 0.1078125 0.1375
0 0.64921875 0.7875 0.109375 0.14375
0 0.70546875 0.65546875 0.11875 0.1515625
0 0.6796875 0.440625 0.103125 0.1296875
0 0.628125 0.5515625 0.0953125 0.1203125