0 0.696875 0.70625 0.084375 0.071875
0 0.6703125 0.75625 0.0859375 0.0765625
0 0.64765625 0.80546875 0.08125 0.071875
0 0.765625 0.7328125 0.084375 0.071875
0 0.7390625 0.7859375 0.0828125 0.0703125
0 0.71328125 0.8328125 0.0828125 0.0703125
0 0.7666401281249999 0.43002815468750005 0.8020850359375 0.3485865875 0.7291667078125 0.3160501015625 0.6959466562500001 0.39627945468750003 0.7666401281249999 0.43002815468750005
0 0.730731703125 0.518730284375 0.764794009375 0.44089052031250003 0.69474015625 0.40573433281250004 0.6597422359375 0.488173990625 0.730731703125 0.518730284375
0 0.6943482234375 0.5989850624999999 0.727008475 0.5272190812499999 0.6587119625 0.4923242484375 0.6267664953125001 0.5656043609375 0.6943482234375 0.5989850624999999
0 0.6563056296875 0.683561971875 0.6896864140625001 0.6062870828125 0.622490746875 0.5776003171874999 0.5857211671875 0.6531611453124999 0.6563056296875 0.683561971875
0 0.61979364375 0.7629409703125 0.6530458859375 0.6847901750000001 0.5830375078125 0.6603959781250001 0.5491896890625 0.735012125 0.61979364375 0.7629409703125
0 0.5856613 0.8324888171874999 0.614765778125 0.7651434328125 0.5468450265625 0.7419638265625 0.5189596609375 0.8077109828125 0.5856613 0.8324888171874999
0 0.6858439921875 0.42380844843750004 0.7195597453125 0.338397109375 0.6432945390625 0.3054023859375 0.610566659375 0.3874736796875 0.6858439921875 0.42380844843750004
0 0.6491255171875 0.5121996281250001 0.68379934375 0.42550308281250004 0.6064367890625 0.394153365625 0.5709739796875 0.47972056093750004 0.6491255171875 0.5121996281250001
0 0.82573945625 0.9552267406249999 0.8970263468749999 0.8106790281249999 0.8330568515625 0.7811644359375001 0.7608253953124999 0.9270025390625 0.82573945625 0.9552267406249999
0 0.4960256328125 0.2182906421875 0.35345458281250003 0.16356274375 0.35415678906250003 0.165485271875 0.24762961093750002 0.46345868437500004 0.385340209375 0.5163208296875 0.4960256328125 0.2182906421875
0 0.3296004515625 0.6470004312500001 0.37767573125 0.5266026734375 0.24564120156249997 0.4808783703125 0.20459381875 0.5973619046875001 0.3296004515625 0.6470004312500001
0 0.322449965625 0.660785684375 0.1996164859375 0.6103283 0.19868511718749998 0.6141032609375 0.15640159375 0.7325918609375 0.2809331828125 0.7737830031249999 0.322449965625 0.660785684375
0 0.0705408328125 0.56319134375 0.031232556249999998 0.6820644687499999 0.15653525937499999 0.7285106171875 0.1983869734375 0.6073768328125 0.0705408328125 0.56319134375