0 0.37265625 0.4 0.121875 0.1953125
0 0.3453125 0.58671875 0.1171875 0.184375
0 0.33125 0.7609375 0.1078125 0.1734375
0 0.44765625 0.59921875 0.1171875 0.1875
0 0.4296875 0.771875 0.1078125 0.1734375
0 0.55 0.60859375 0.11875 0.1859375
0 0.52890625 0.77890625 0.1078125 0.16875
0 0.9687417578125 0.699161959375 0.7530431078125 0.6839393265625 0.752896796875 0.686717028125 0.7239530609375 0.8959488890625 0.9308136171875001 0.90558746875 0.9687417578125 0.699161959375
0 0.9170494203124999 0.4088348640625 0.9372012281250001 0.276885134375 0.8062865765625 0.25847031875000004 0.7872865546875001 0.397989315625 0.9170494203124999 0.4088348640625
0 0.8948600125 0.5452255640625 0.91326458125 0.41495424375 0.7857668453125 0.40248471874999997 0.76928761875 0.5357514796875 0.8948600125 0.5452255640625
0 0.8970962828125 0.5538398421874999 0.7705035812500001 0.5377413343749999 0.77035763125 0.5405190734375 0.7614345953125 0.61406331875 0.8844988515625 0.6288599453125 0.8970962828125 0.5538398421874999
0 0.750747375 0.596181575 0.7620814921875 0.5182356125 0.6985465890625 0.51621295625 0.6881794671875 0.588674396875 0.750747375 0.596181575
0 0.27004851875 0.262626128125 0.2791836890625 0.0960015609375 0.2069746234375 0.0809638734375 0.1969920625 0.2502924546875 0.27004851875 0.262626128125
0 0.19278611875 0.25543655 0.20292310625 0.08426214531250001 0.1293116546875 0.077456296875 0.12047508437500001 0.2459743015625 0.19278611875 0.25543655
0 0.238949734375 0.46883840781249997 0.2534811375 0.275781246875 0.1768334125 0.26772524531249997 0.162205225 0.461703259375 0.238949734375 0.46883840781249997
0 0.230749490625 0.6569748421875 0.2423185703125 0.47664069531250003 0.1628538625 0.465495540625 0.15427564375 0.6517301953125 0.204834825 0.6558353015625 0.230749490625 0.6569748421875
0 0.149723359375 0.77973334375 0.22406689218750003 0.7698576671875 0.2285954140625 0.6669897265625 0.2321527203125 0.6580533546875 0.204834825 0.6558353015625 0.15459996250000002 0.653626334375 0.149723359375 0.77973334375
0 0.161363015625 0.4597526875 0.170197628125 0.2660967703125 0.0922123671875 0.2560381375 0.0822565875 0.455162371875 0.161363015625 0.4597526875
0 0.1595529515625 0.4670106515625 0.0862061359375 0.4574395390625 0.07836654062500001 0.641889775 0.15103755624999998 0.647665753125 0.1595529515625 0.4670106515625
0 0.15265915000000002 0.6571464515625001 0.0793123375 0.6475753390625 0.0729160265625 0.7781777515625 0.1451251734375 0.7736638984375 0.15265915000000002 0.6571464515625001
0 0.023837042187499997 0.2470018046875 0.0031379499999999996 0.4439405140625 0.08034463750000001 0.448444234375 0.0811142453125 0.4513182015625 0.0876255796875 0.25462501875 0.023837042187499997 0.2470018046875
0 0 0.6372427109375 0.0757499296875 0.6416147578125 0.0818694453125 0.45884578749999994 0.0023529375 0.45140940625 0.0012535375 0.4618694953125 0 0.5155409828125 0 0.6372427109375
0 0 0.778009225 0.07034269374999999 0.77530230625 0.0754935359375 0.64903601875 0 0.6429431343750001 0 0.778009225