0 0.640625 0.40390625 0.0796875 0.18046875
0 0.6359375 0.5859375 0.08671875 0.16640625
0 0.62109375 0.76171875 0.0765625 0.16796875
0 0.71328125 0.765625 0.08125 0.1640625
0 0.290625 0.79140625 0.090625 0.16953125
0 0.38203125 0.7859375 0.08515625 0.1765625
0 0.3953125 0.3796875 0.06953125 0.1515625
0 0.14296875 0.43359375 0.07734375 0.1234375
0 0.0444661453125 0.7268518515625 0.054341828125000005 0.8768518515625001 0.1480755171875 0.8740740734375001 0.14443031875 0.7259259265625 0.0444661453125 0.7268518515625
0 0 0.8776166218749999 0.0381988046875 0.8731481484374999 0.030403645312499998 0.7212962968750001 0 0.7212962968750001 0 0.8776166218749999
0 0.3563726046875 0.5648148140625 0.3527274046875 0.4675925921875 0.2783203125 0.4675925921875 0.2839893671875 0.6268518515625 0.3308562109375 0.6231481484375 0.3563726046875 0.5648148140625
0 0.6783203125 0.675 0.760468953125 0.6768518515624999 0.76828009375 0.5074074078125 0.6865234859375 0.5009259265625 0.6783203125 0.675
0 0.7688008359375 0.4981481484375 0.7741536453125 0.31759259218749997 0.6896479421875 0.315740740625 0.6828782875 0.502777778125 0.7688008359375 0.4981481484375
0 0.640625 0.2875 0.07578125 0.04375
0 0.6390625 0.24296875 0.075 0.04140625
0 0.6421875 0.19921875 0.0765625 0.04296875
0 0.81875 0.23828125 0.07109375 0.0390625
0 0.8171875 0.28046875 0.07578125 0.03359375
0 0.8661797234374999 0.303703703125 0.7865060875000001 0.3018518515625 0.7781742046875 0.4879629625 0.8562856125 0.4861111109375 0.8661797234374999 0.303703703125
0 0.8474329859375 0.6703703703125 0.8569661453125 0.49629629687500004 0.775570490625 0.49444444374999996 0.7677593500000001 0.6703703703125 0.8474329859375 0.6703703703125
0 0.8349351609375001 0.8388888890624999 0.8465494796874999 0.6777777781250001 0.769842321875 0.6731481484375 0.7594274671875 0.8435185187500001 0.8349351609375001 0.8388888890624999
0 0.8731119796875 0.5388888890625 0.8635760109374999 0.69351851875 0.9843883203124999 0.6925925921875 0.994803175 0.5370370375 0.8731119796875 0.5388888890625
0 0.8651382390625001 0.6990740734374999 0.857847840625 0.8453703703125001 0.97553569375 0.8388888890624999 0.983867578125 0.6944444437499999 0.8651382390625001 0.6990740734374999
0 1 0.697064759375 0.9942824328125001 0.6953703703125 0.9871744796874999 0.8435185187500001 1 0.847364246875 1 0.697064759375
0 1 0.3092869828125 0.9152994796874999 0.3101851859375 0.9047146843749999 0.5361111109375 0.9895957484375 0.5324074078125001 1 0.3540706171875 1 0.3092869828125