0 0.6984375 0.53046875 0.0734375 0.20390625
0 0.6953125 0.70703125 0.07578125 0.1375
0 0.68828125 0.834375 0.07734375 0.1140625
0 0.6109375 0.69140625 0.0734375 0.134375
0 0.60859375 0.82890625 0.0703125 0.121875
0 0.47421875 0.36640625 0.10859375 0.1234375
0 0.4734375 0.49765625 0.10703125 0.12109375
0 0.47265625 0.61953125 0.10703125 0.11796875
0 0.471875 0.74140625 0.10625 0.1015625
0 0.47109375 0.8546875 0.1046875 0.109375
0 0.3546875 0.3734375 0.115625 0.12578125
0 0.35625 0.50078125 0.11015625 0.1140625
0 0.3609375 0.625 0.10625 0.11015625
0 0.36328125 0.7421875 0.10859375 0.10625
0 0.36171875 0.86015625 0.103125 0.1203125
0 0.1905788578125 0.3233024625 0.20608880937500001 0.6242283890625 0.2971967203125 0.622685203125 0.2885198296875 0.317129646875 0.1905788578125 0.3233024625
0 0.207505940625 0.638117278125 0.2173688625 0.90509268125 0.3084767734375 0.90509268125 0.3024028859375 0.6334876484375 0.207505940625 0.638117278125
0 0.0056830249999999995 0.42978394375000006 0.010857571875 0.5578703875000001 0.13059939843749999 0.5578703875000001 0.12452559062499999 0.426697571875 0.0056830249999999995 0.42978394375000006
0 0.010891357812499999 0.56635801875 0.016931459375 0.6797839437500001 0.13146711875 0.6782407578125 0.1262609515625 0.564043203125 0.010891357812499999 0.56635801875
0 0.0187038578125 0.689043203125 0.0273437921875 0.8047839437500001 0.1401440890625 0.8001543140624999 0.13059939843749999 0.6936728328124999 0.0187038578125 0.689043203125
0 0.026516357812500002 0.8186728328124999 0.035153040625 0.9174383125000001 0.146217896875 0.908179053125 0.13927636875 0.803240828125 0.026516357812500002 0.8186728328124999