0 0.146875 0.1359375 0.08359375 0.08515625
0 0.14296875 0.22734375 0.08359375 0.0765625
0 0.1375 0.31171875 0.08203125 0.0796875
0 0.1328125 0.4015625 0.0796875 0.0890625
0 0.12578125 0.496875 0.0796875 0.09921875
0 0.1203125 0.596875 0.08046875 0.09296875
0 0.1125 0.70546875 0.084375 0.1
0 0.1078125 0.8140625 0.08359375 0.103125
0 0.2359375 0.15 0.06953125 0.08359375
0 0.22890625 0.23828125 0.07734375 0.08359375
0 0.22578125 0.32734375 0.0828125 0.071875
0 0.22578125 0.41796875 0.084375 0.078125
0 0.21875 0.51171875 0.0875 0.0796875
0 0.215625 0.61171875 0.08203125 0.084375
0 0.2109375 0.7109375 0.090625 0.0875
0 0.20546875 0.82109375 0.090625 0.09296875
0 0.31484375 0.14609375 0.0765625 0.07578125
0 0.31484375 0.23125 0.07890625 0.075
0 0.31484375 0.32421875 0.0765625 0.075
0 0.3125 0.41171875 0.07578125 0.075
0 0.31015625 0.5109375 0.08359375 0.09765625
0 0.30703125 0.61015625 0.07734375 0.0890625
0 0.30546875 0.715625 0.08203125 0.0859375
0 0.303125 0.81875 0.0828125 0.08359375
0 0.44921875 0.13125 0.0765625 0.07265625
0 0.4171875 0.221875 0.078125 0.07109375
0 0.41640625 0.31171875 0.07890625 0.07265625
0 0.41640625 0.40546875 0.08515625 0.084375
0 0.4171875 0.49921875 0.0859375 0.0890625
0 0.41875 0.6046875 0.08828125 0.09296875
0 0.4203125 0.71640625 0.08984375 0.09375
0 0.41953125 0.81484375 0.09140625 0.0921875
0 0.50078125 0.21796875 0.071875 0.08203125
0 0.50625 0.31171875 0.08203125 0.0796875
0 0.5078125 0.3953125 0.08046875 0.07890625
0 0.51015625 0.49921875 0.08515625 0.0828125
0 0.5109375 0.6046875 0.08671875 0.0890625
0 0.5171875 0.7109375 0.090625 0.0921875
0 0.5171875 0.8140625 0.08828125 0.0875
0 0.58515625 0.21171875 0.0765625 0.084375
0 0.5921875 0.30625 0.078125 0.078125
0 0.5984375 0.3984375 0.075 0.078125
0 0.60078125 0.4984375 0.0796875 0.09140625
0 0.60703125 0.6015625 0.07890625 0.0890625
0 0.6140625 0.70078125 0.078125 0.0921875
0 0.61328125 0.80859375 0.08828125 0.08203125