0 0.1796875 0.72265625 0.1625 0.1078125
0 0.32734375 0.52265625 0.14375 0.0953125
0 0.33828125 0.71484375 0.1578125 0.109375
0 0.17578125 0.62109375 0.159375 0.1046875
0 0.3203125 0.34921875 0.1390625 0.0921875
0 0.3328125 0.61953125 0.146875 0.1046875
0 0.34453125 0.81484375 0.159375 0.1078125
0 0.32578125 0.43359375 0.1453125 0.0953125
0 0.31953125 0.2625 0.1359375 0.0875
0 0.178125 0.43203125 0.14375 0.09375
0 0.17578125 0.521875 0.1515625 0.1015625
0 0.1796875 0.34609375 0.1421875 0.090625
0 0.1828125 0.26171875 0.1375 0.0890625
0 0.52890625 0.91796875 0.08125 0.059375
0 0.68828125 0.70859375 0.09375 0.065625
0 0.51875 0.81015625 0.084375 0.0578125
0 0.52421875 0.86484375 0.0828125 0.0578125
0 0.509375 0.70625 0.08125 0.05625
0 0.79296875 0.81640625 0.090625 0.0625
0 0.18125 0.828125 0.1671875 0.1125
0 0.68125 0.65234375 0.0875 0.0609375
0 0.78515625 0.7546875 0.0875 0.059375
0 0.51328125 0.75859375 0.08125 0.0546875
0 0.6796875 0.596875 0.0890625 0.0609375
0 0.59453125 0.74609375 0.0828125 0.059375
0 0.703125 0.82265625 0.1 0.0640625
0 0.66796875 0.490625 0.0828125 0.0546875
0 0.76640625 0.59375 0.0890625 0.059375
0 0.7765625 0.7015625 0.0890625 0.0625
0 0.69609375 0.7625 0.0953125 0.0578125
0 0.67578125 0.54140625 0.0875 0.0609375
0 0.875 0.7546875 0.096875 0.0640625
0 0.76015625 0.53828125 0.0875 0.0640625
0 0.76953125 0.64609375 0.0875 0.059375
0 0.740625 0.42890625 0.084375 0.0578125
0 0.83046875 0.43515625 0.0875 0.059375
0 0.746875 0.48046875 0.0859375 0.0578125
0 0.8796875 0.8171875 0.09375 0.0640625
0 0.86484375 0.696875 0.0984375 0.0625
0 0.83515625 0.4875 0.090625 0.0578125
0 0.8546875 0.64375 0.0984375 0.0609375
0 0.8421875 0.5421875 0.090625 0.059375
0 0.85 0.59453125 0.090625 0.0578125
0 0.58046875 0.86328125 0.0359375 0.146875
0 0.9109375 0.39453125 0.0859375 0.053125
0 0.965625 0.63359375 0.06875 0.0515625
0 0.96015625 0.578125 0.0796875 0.059375
0 0.97109375 0.684375 0.0578125 0.05625
0 0.6078125 0.85546875 0.04375 0.159375
0 0.9765625 0.38125 0.034375 0.05
0 0.94921875 0.53359375 0.084375 0.05625
0 0.93671875 0.48046875 0.084375 0.0578125
0 0.97421875 0.7328125 0.0515625 0.05625
0 0.925 0.4359375 0.084375 0.053125
0 0.9828125 0.42421875 0.0296875 0.05
0 0.91015625 0.5875 0.0484375 0.1671875
0 0.99140625 0.48046875 0.0171875 0.0609375
0 0.95078125 0.290625 0.06875 0.0546875
0 0.98359375 0.79609375 0.0328125 0.0671875
0 0.99296875 0.525 0.0140625 0.05625
0 0.9671875 0.3359375 0.04375 0.0484375
0 0.9728027406249999 0.8438901937500001 0.9442289234375 0.6748388375000001 0.9152901625000001 0.67491991875 0.9379448546875 0.8346862046875 0.9728027406249999 0.8438901937500001