0 0.38125 0.30625 0.078125 0.09375
0 0.46875 0.28203125 0.08125 0.08828125
0 0.4703125 0.38203125 0.078125 0.08515625
0 0.4703125 0.48125 0.08203125 0.08203125
0 0.3796875 0.4078125 0.08671875 0.09609375
0 0.46640625 0.571875 0.07578125 0.0828125
0 0.4609375 0.66015625 0.08203125 0.0828125
0 0.46171875 0.7453125 0.0796875 0.08359375
0 0.5578125 0.61796875 0.07265625 0.06328125
0 0.63359375 0.62421875 0.06796875 0.0625
0 0.5546875 0.67890625 0.07109375 0.05078125
0 0.62890625 0.68203125 0.0703125 0.05625
0 0.55 0.73828125 0.06953125 0.05546875
0 0.625 0.73359375 0.0640625 0.053125
0 0.62265625 0.425 0.10390625 0.0171875
0 0.6203125 0.4421875 0.1046875 0.0171875
0 0.61953125 0.459375 0.10390625 0.01875
0 0.61875 0.47734375 0.10703125 0.0140625
0 0.6203125 0.49453125 0.10234375 0.01484375
0 0.61953125 0.51015625 0.10078125 0.01171875
0 0.6203125 0.5265625 0.1015625 0.01796875
0 0.62109375 0.54375 0.09921875 0.01640625
0 0.61953125 0.559375 0.10390625 0.01328125
0 0.61953125 0.575 0.1 0.01484375
0 0.750061525 0.3916505015625 0.6824245359375001 0.38358922500000003 0.6729780265625 0.561609528125 0.74439361875 0.55892241875 0.750061525 0.3916505015625
0 0.694516115625 0.6435660234375 0.6865810234375 0.8054637234375001 0.7579966171875 0.808822596875 0.7723553812499999 0.6442378390625 0.694516115625 0.6435660234375
0 0.298038815625 0.48386491718749997 0.27357959374999996 0.79270004375 0.2856711140625 0.7906846984375 0.3098542140625 0.484355434375 0.298038815625 0.48386491718749997
0 0.31315959375 0.48722509062499997 0.28831612500000003 0.7940435734375 0.29927411249999997 0.7987459765625 0.327235759375 0.48637077812499996 0.31315959375 0.48722509062499997
0 0.3310143625 0.48301190624999996 0.303808425 0.7933718609375 0.3140106453125 0.7933718609375 0.34386165156250004 0.48502719843750003 0.3310143625 0.48301190624999996
0 0.346236296875 0.48218483125 0.3174114234375 0.797402446875 0.33025865312499997 0.7940435734375 0.35708676562499997 0.48099656093750004 0.346236296875 0.48218483125
0 0.3595866125 0.48677503125 0.33065121875000003 0.7956435468749999 0.3432908078125 0.796334903125 0.3745980828125 0.48761590625 0.3595866125 0.48677503125
0 0.3766086078125 0.484181203125 0.3434852453125 0.7952977890625 0.3590416640625 0.7959891984375 0.39034896875 0.4865787734375 0.3766086078125 0.484181203125
0 0.39171014843749996 0.4862330609375 0.3590416640625 0.7956435468749999 0.3716812546875 0.7956435468749999 0.404155271875 0.48519594687499995 0.39171014843749996 0.4862330609375
0 0.4077345421875 0.485910421875 0.3740147109375 0.792877803125 0.38782104375 0.7942606484375 0.42029506093749996 0.48899874531250004 0.4077345421875 0.485910421875
0 0.152444109375 0.7239135546875 0.012496976562500001 0.7185279703125 0.015376809375 0.853814865625 0.152444109375 0.853814865625 0.152444109375 0.7239135546875
0 0.008495273437500001 0.57150244375 0.017510160937499998 0.7106389515625 0.14924414218749998 0.7002089312499999 0.14977742968750002 0.5741003015625 0.008495273437500001 0.57150244375
0 0.8248426562500001 0.666357621875 0.8240374921875 0.71778426875 0.9109711718750001 0.7282142890625 0.9109711718750001 0.6599450015625 0.8248426562500001 0.666357621875
0 0.8213708125 0.7310588734375 0.8203040749999999 0.7832090468749999 0.90670455 0.7841572171875 0.9104378843750001 0.7291625328125 0.8213708125 0.7310588734375
0 0.82083744375 0.7926908953125 0.816570740625 0.8505301640624999 0.8987045124999999 0.8486338234374999 0.9061711812500001 0.7870018 0.82083744375 0.7926908953125
0 0.8181731515624999 0.851325221875 0.8149707171875 0.900783996875 0.8880377953125 0.900783996875 0.8944378093750001 0.8533747484375 0.8181731515624999 0.851325221875
0 0.9019044781250001 0.8590638437499999 0.897637775 0.9036285078124999 0.988304871875 0.90457675 0.9893716078124999 0.84958199375 0.9019044781250001 0.8590638437499999
0 0.911504540625 0.7936390656250001 0.90670455 0.8486338234374999 0.992571575 0.8410483140625 0.9984383015624999 0.7841572171875 0.911504540625 0.7936390656250001
0 0.9136378515624999 0.73390345625 0.911504540625 0.7907945546875 0.9979049328125 0.7907945546875 0.9963049093749999 0.72252519375 0.9136378515624999 0.73390345625