0 0.63203125 0.68203125 0.1421875 0.15
0 0.50703125 0.70859375 0.146875 0.159375
0 0.59765625 0.55078125 0.15 0.1515625
0 0.75234375 0.6734375 0.159375 0.2796875
0 0.69296875 0.4125 0.171875 0.2921875
0 0.4625 0.27109375 0.10625 0.178125
0 0.40078125 0.290625 0.115625 0.190625
0 0.4640625 0.42265625 0.1265625 0.1359375
0 0.5640625 0.3984375 0.1296875 0.146875
0 0.53046875 0.24921875 0.11875 0.175
0 0.30234375 0.68515625 0.1625 0.184375
0 0.35078125 0.821875 0.159375 0.1625
0 0.2328125 0.84921875 0.1421875 0.15625
0 0.1828125 0.7171875 0.1546875 0.1734375
0 0.2984375 0.49765625 0.1296875 0.15
0 0.25859375 0.365625 0.1234375 0.1421875
0 0.19765625 0.51953125 0.1375 0.15625
0 0.16171875 0.3953125 0.14375 0.165625