0 1 0.5123734203125 0.8414758843750001 0.5677606828124999 0.892767559375 0.7736350421875 1 0.7368721781249999 1 0.5123734203125
0 0.8940777390625 0.2473301953125 0.85806214375 0.1160611890625 0.726548728125 0.1518455734375 0.762172603125 0.28419014374999996 0.8940777390625 0.2473301953125
0 0.7634585703125001 0.29056408125 0.7972067984375 0.4195935234375 0.9208475953124999 0.3841400953125 0.88851356875 0.2537418953125 0.7634585703125001 0.29056408125
0 0.8020573625 0.48562946093750003 0.7846234609375 0.409716375 0.7226760390625 0.42555302968750003 0.74123316875 0.502107278125 0.8020573625 0.48562946093750003
0 0.807593240625 0.489821515625 0.737389865625 0.50898876875 0.759020984375 0.5981469265625 0.7902819359375 0.5843667921875 0.776892075 0.515000015625 0.8096744765624999 0.5046365734375 0.807593240625 0.489821515625
0 0.7875759906249999 0.692062375 0.812359140625 0.685919159375 0.791852734375 0.5974017359375 0.7657094796874999 0.6058614343750001 0.7875759906249999 0.692062375
0 0 0.4749027703125 0.051563329687500006 0.6247341859375 0.126894184375 0.6021701703125 0.0607640421875 0.4149992765625 0 0.432423084375 0 0.4749027703125
0 0.0518382890625 0.62947154375 0.019396253125 0.637913190625 0.0708725515625 0.8174323765624999 0.11413026562499999 0.8013679281250001 0.0518382890625 0.62947154375
0 0.11972394687500001 0.8132493296875 0.07250373906249999 0.8231210015625001 0.1102746 0.9548436515625 0.169236609375 0.9406481156250001 0.11972394687500001 0.8132493296875
0 0.12141320468750001 0.80409578125 0.1942412078125 0.7822494468750001 0.1324399328125 0.6082858734375 0.05836271875 0.62760069375 0.12141320468750001 0.80409578125
0 0.1724853796875 0.9387533046875 0.23824618593750002 0.9073745734375 0.1975195875 0.7861255875000001 0.1257416140625 0.813450271875 0.1724853796875 0.9387533046875
0 0.24350710625 0.9068292687499999 0.3095330015625 0.8782642453125 0.2698371515625 0.7624991390625 0.2013114953125 0.786001515625 0.24350710625 0.9068292687499999
0 0.1959981375 0.7827088953125 0.26931684218749996 0.7587953749999999 0.209517846875 0.5842576578124999 0.13873286093749998 0.6074446453125 0.1959981375 0.7827088953125
0 0.13213536406249998 0.5977775640625 0.20647495 0.577424271875 0.141100596875 0.3909999 0.06906676875 0.41550822812500005 0.13213536406249998 0.5977775640625
0 0.157314840625 0.3757548984375 0.1023354125 0.2123573140625 0.0310398984375 0.23376421406249998 0.0882361765625 0.3955628859375 0.157314840625 0.3757548984375
0 0.2306236765625 0.34991772656250003 0.1789324953125 0.192319934375 0.1106443828125 0.2109379953125 0.162575759375 0.37520959375 0.2306236765625 0.34991772656250003
0 0.1445947171875 0.3880714953125 0.20796678906250002 0.5750700140625 0.28519205312499996 0.5553341265625 0.22343943125000001 0.366426378125 0.1445947171875 0.3880714953125
0 0.34440234687500004 0.7372649531250001 0.28859804218749996 0.5596552953125 0.21156380156250001 0.583670990625 0.2743521515625 0.7631309640625 0.34440234687500004 0.7372649531250001
0 0.3797792015625 0.8417463890624999 0.3429006375 0.7376955625 0.2728956828125 0.7635486 0.3153241015625 0.88334635625 0.3797792015625 0.8417463890624999
0 0.38203125 0.4390625 0.1546875 0.2078125
0 0.42734375 0.625 0.14375 0.196875
0 0.47734375 0.7953125 0.1375 0.1796875
0 0.575 0.76796875 0.1328125 0.178125
0 0.6703125 0.740625 0.1375 0.18125
0 0.625 0.56640625 0.1359375 0.196875
0 0.52734375 0.5984375 0.146875 0.203125
0 0.54140625 0.35703125 0.109375 0.1546875
0 0.46171875 0.37734375 0.1125 0.159375