0 0.41171875 0.16953125 0.15 0.125
0 0.36328125 0.240625 0.153125 0.1375
0 0.31875 0.31484375 0.15 0.1265625
0 0.2703125 0.39375 0.1515625 0.1328125
0 0.2265625 0.47421875 0.1609375 0.140625
0 0.178125 0.5625 0.171875 0.1515625
0 0.1296875 0.65 0.16875 0.1421875
0 0.334375 0.64609375 0.0890625 0.0734375
0 0.3109375 0.6875 0.0828125 0.06875
0 0.28203125 0.7359375 0.0828125 0.075
0 0.26328125 0.7875 0.0796875 0.06875
0 0.23828125 0.83515625 0.090625 0.0796875
0 0.38203125 0.72265625 0.090625 0.075
0 0.3046875 0.82265625 0.0796875 0.1296875
0 0.58359375 0.5421875 0.090625 0.075
0 0.56171875 0.5921875 0.0828125 0.0671875
0 0.53671875 0.63515625 0.1 0.0890625
0 0.5078125 0.68984375 0.09375 0.08125
0 0.47578125 0.746875 0.096875 0.0828125
0 0.45625 0.79375 0.1 0.0859375
0 0.43125 0.8390625 0.0953125 0.0734375
0 0.6828125 0.534375 0.09375 0.0765625
0 0.66171875 0.57890625 0.0859375 0.0703125
0 0.6375 0.62890625 0.0953125 0.084375
0 0.61015625 0.68046875 0.0953125 0.084375
0 0.58203125 0.72734375 0.0921875 0.0828125
0 0.55703125 0.78046875 0.0828125 0.071875
0 0.53046875 0.834375 0.084375 0.06875
0 0.51015625 0.88203125 0.0875 0.0734375
0 0.75234375 0.58515625 0.09375 0.0828125
0 0.725 0.63671875 0.0890625 0.071875
0 0.703125 0.68359375 0.096875 0.0796875
0 0.67734375 0.7296875 0.090625 0.0734375
0 0.6578125 0.77578125 0.096875 0.08125
0 0.63203125 0.83046875 0.096875 0.0796875
0 0.60859375 0.884375 0.1 0.078125
0 0.58828125 0.928125 0.1046875 0.0828125
0 0.2953125 0.08828125 0.153125 0.1265625
0 0.24296875 0.1625 0.1484375 0.128125
0 0.19375 0.23359375 0.1578125 0.1328125
0 0.146875 0.30390625 0.15625 0.134375
0 0.09140625 0.38984375 0.1671875 0.14375