0 0.46953125 0.44765625 0.121875 0.15
0 0.6140625 0.646875 0.1421875 0.1359375
0 0.6171875 0.79375 0.14609375 0.14375
0 0.4703125 0.609375 0.1265625 0.159375
0 0.6109375 0.50546875 0.1328125 0.13125
0 0.46953125 0.77890625 0.13125 0.16875
0 0.24296875 0.39296875 0.0859375 0.08984375
0 0.14140625 0.5953125 0.08359375 0.09609375
0 0.24453125 0.2984375 0.08515625 0.0859375
0 0.23203125 0.81328125 0.09140625 0.103125
0 0.13203125 0.8171875 0.084375 0.1
0 0.23984375 0.59609375 0.0921875 0.09765625
0 0.15703125 0.29921875 0.0796875 0.0828125
0 0.23984375 0.49140625 0.0859375 0.08984375
0 0.04375 0.70546875 0.0859375 0.0953125
0 0.14609375 0.49296875 0.08515625 0.09140625
0 0.23203125 0.70234375 0.0875 0.096875
0 0.2390625 0.20234375 0.0984375 0.08359375
0 0.06171875 0.3953125 0.0875 0.08984375
0 0.05546875 0.49609375 0.0875 0.09140625
0 0.0390625 0.8171875 0.078125 0.10625
0 0.13671875 0.70390625 0.08359375 0.10078125
0 0.07265625 0.30078125 0.08515625 0.08515625
0 0.0828125 0.2109375 0.08984375 0.078125
0 0.046875 0.60078125 0.0890625 0.09453125
0 0.15078125 0.39375 0.08359375 0.0875
0 0.11484375 0.1125 0.07109375 0.08046875
0 0.15625 0.20546875 0.065625 0.0859375