0 0.93203125 0.26015625 0.13046875 0.18125
0 0.93203125 0.44765625 0.12421875 0.17890625
0 0.93515625 0.63671875 0.12734375 0.17109375
0 0.93359375 0.8234375 0.12734375 0.18125
0 0.79921875 0.82890625 0.128125 0.16953125
0 0.8 0.640625 0.1296875 0.1890625
0 0.796875 0.44609375 0.13828125 0.1796875
0 0.79609375 0.25625 0.12890625 0.18359375
0 0.66171875 0.640625 0.1359375 0.18828125
0 0.6640625 0.840625 0.1375 0.1765625
0 0.28203125 0.8421875 0.41953125 0.18828125
0 0.32578125 0.578125 0.29453125 0.14375
0 0.32109375 0.4265625 0.2953125 0.14921875