0 0.66484375 0.8 0.10625 0.1796875
0 0.6953125 0.62265625 0.1296875 0.1890625
0 0.58828125 0.61640625 0.1125 0.190625
0 0.5625 0.7875 0.103125 0.1640625
0 0.4671875 0.775 0.1109375 0.1734375
0 0.48515625 0.60546875 0.1265625 0.2171875
0 0.51796875 0.4078125 0.1203125 0.1890625
0 0.353125 0.38203125 0.1 0.178125
0 0.26796875 0.365625 0.1 0.20625
0 0.3390625 0.57890625 0.1 0.1921875
0 0.2546875 0.56875 0.0984375 0.178125
0 0.178125 0.55546875 0.10625 0.19375
0 0.0953125 0.54609375 0.1015625 0.1984375
0 0.3796875 0.1828125 0.0875 0.1734375
0 0.296875 0.17109375 0.0953125 0.175
0 0.21968163125 0.4739491546875 0.23276564843749997 0.2631324796875 0.15186577031249998 0.2558704765625 0.14048692812500002 0.455386125 0.21968163125 0.4739491546875
0 0.702214721875 0.46510284999999996 0.7268886921875 0.3299576671875 0.6513372375 0.3182941390625 0.6297280171875 0.45748419062499995 0.702214721875 0.46510284999999996