0 0.916606775 0.3056640625 0.916498046875 0.349609375 1 0.3486328125 0.997253225 0.310546875 0.916606775 0.3056640625
0 0.9153993375 0.357421875 0.917706728125 0.396484375 1 0.3984375 0.997253225 0.3564453125 0.9153993375 0.357421875
0 0.8951867109375 0.80078125 0.8967372328125001 0.85546875 0.9818872515624999 0.849609375 0.9829859609374999 0.796875 0.8951867109375 0.80078125
0 0.8913410359375 0.7421875 0.8917930390625 0.7998046875 0.97968983125 0.7958984375 0.97694305625 0.7421875 0.8913410359375 0.7421875
0 0.9703507968749999 0.740234375 0.9665051218749999 0.6865234375 0.8841020687500001 0.68359375 0.8857521421874999 0.740234375 0.9703507968749999 0.740234375
0 0.8798044859375 0.640625 0.8797072296874999 0.6884765625 0.9643078921875 0.6884765625 0.9593635062500001 0.6376953125 0.8798044859375 0.640625
0 0.8715640656250001 0.591796875 0.8731149703125001 0.640625 0.9549688578125 0.634765625 0.9555182125 0.5849609375 0.8715640656250001 0.591796875
0 0.8687199390625 0.5400390625 0.87201606875 0.5859375 0.95332079375 0.57421875 0.9511233734375001 0.5302734375 0.8687199390625 0.5400390625
0 0.8594782562500001 0.4921875 0.8637759359375 0.5380859375 0.9390375640625 0.533203125 0.9373894999999999 0.4833984375 0.8594782562500001 0.4921875
0 0.85508313125 0.4482421875 0.8555356109375 0.4912109375 0.9324453046875 0.482421875 0.930797240625 0.44140625 0.85508313125 0.4482421875
0 0.9220075609375 0.4384765625 0.9121189812500001 0.3974609375 0.8486686750000001 0.4033203125 0.85223948125 0.439453125 0.9220075609375 0.4384765625
0 0.8331078812499999 0.3671875 0.8407028359375 0.40234375 0.9110204625 0.3974609375 0.9077243328125 0.353515625 0.8331078812499999 0.3671875
0 0.74739283125 0.3203125 0.75116199375 0.3623046875 0.827518509375 0.3447265625 0.8225743140624999 0.3056640625 0.74739283125 0.3203125
0 0.759479690625 0.3701171875 0.7632439796875 0.412109375 0.8423510921874999 0.3916015625 0.8374068984375 0.3466796875 0.759479690625 0.3701171875
0 0.7670894640625 0.4091796875 0.7747842578124999 0.44994759531249995 0.8494927078125001 0.4365234375 0.845647221875 0.388671875 0.7670894640625 0.4091796875
0 0.7742310781249999 0.4560546875 0.7748629671875 0.498046875 0.8571836765624999 0.4853515625 0.8533381921875 0.44140625 0.7742310781249999 0.4560546875
0 0.7775272078125 0.501953125 0.7835739359375 0.55329075625 0.861578515625 0.5380859375 0.8599304515625 0.4931640625 0.7775272078125 0.501953125
0 0.7830207578125 0.5556640625 0.7847515484375001 0.595703125 0.8665227109375 0.5849609375 0.8654240015625 0.5419921875 0.7830207578125 0.5556640625
0 0.7890636625 0.595703125 0.7907939749999999 0.646484375 0.8753123890625 0.634765625 0.8731149703125001 0.5830078125 0.7890636625 0.595703125
0 0.7951065671875 0.6455078125 0.795738265625 0.6943359375 0.8808059390625 0.685546875 0.8786085187499999 0.6337890625 0.7951065671875 0.6455078125
0 0.798402696875 0.697265625 0.7990341078125 0.7490234375 0.8846514234375 0.7431640625 0.8830033593750001 0.69140625 0.798402696875 0.697265625
0 0.8011417812499999 0.7490234375 0.8044456015625 0.8037109375 0.8945398125 0.8017578125 0.8917930390625 0.744140625 0.8011417812499999 0.7490234375
0 0.8066430203125 0.8056640625 0.80727405 0.86328125 0.896187878125 0.8603515625 0.893441103125 0.8017578125 0.8066430203125 0.8056640625
0 0.7188118421875 0.8076171875 0.7192955828125001 0.86328125 0.8099391499999999 0.861328125 0.8088404406249999 0.8017578125 0.7188118421875 0.8076171875
0 0.71057256875 0.7626953125 0.7099565484375 0.80859375 0.7978533421875 0.802734375 0.79675463125 0.7490234375 0.71057256875 0.7626953125
0 0.7110590828125 0.70703125 0.7110552578125 0.759765625 0.7962052765625 0.7490234375 0.7962052765625 0.7001953125 0.7110590828125 0.70703125
0 0.7105734296875 0.6533203125 0.7116046140625001 0.7041015625 0.7945572109375 0.697265625 0.79400785625 0.646484375 0.7105734296875 0.6533203125
0 0.704530525 0.6025390625 0.7044629984374999 0.6552734375 0.7890636625 0.640625 0.7879649515625 0.5947265625 0.704530525 0.6025390625
0 0.6990372625 0.5546875 0.700068159375 0.6025390625 0.7830207578125 0.59375 0.7808233375 0.544921875 0.6990372625 0.5546875
0 0.69793874375 0.5087890625 0.6984200953124999 0.552734375 0.7802739828125 0.5458984375 0.779724628125 0.494140625 0.69793874375 0.5087890625
0 0.6940252546875 0.4619140625 0.6962264984375001 0.5048828125 0.77587914375 0.4921875 0.7736817234375 0.4404296875 0.6940252546875 0.4619140625
0 0.6880508328125 0.421875 0.686883640625 0.462890625 0.7659907546875 0.4443359375 0.7626946234374999 0.412109375 0.6880508328125 0.421875
0 0.6687549265625 0.48828125 0.6665576984375 0.4443359375 0.5841542640624999 0.4501953125 0.58470361875 0.49609375 0.6687549265625 0.48828125
0 0.5879997484375 0.5048828125 0.5869010390625 0.5458984375 0.669853828125 0.5439453125 0.6704029921875 0.5 0.5879997484375 0.5048828125
0 0.5869010390625 0.5546875 0.5863963625 0.6083984375 0.6665575078125 0.6005859375 0.6693042828125 0.5478515625 0.5869010390625 0.5546875
0 0.5896478140625 0.609375 0.586944953125 0.654296875 0.6671068625000001 0.6533203125 0.6693042828125 0.603515625 0.5896478140625 0.609375
0 0.5869012296875 0.654296875 0.5852529734374999 0.69921875 0.67150189375 0.7021484375 0.6726004125 0.65234375 0.5869012296875 0.654296875
0 0.5873057359375 0.7138671875 0.5885492953125 0.765625 0.6698536374999999 0.763671875 0.6731497671875 0.7119140625 0.5873057359375 0.7138671875
0 0.5890986500000001 0.7685546875 0.5873813796875 0.8193359375 0.6726004125 0.8232421875 0.6753471859375 0.7705078125 0.5890986500000001 0.7685546875
0 0.5890984593749999 0.8232421875 0.5869010390625 0.8662109375 0.67479783125 0.876953125 0.6753471859375 0.8251953125 0.5890984593749999 0.8232421875
0 0.49958375000000005 0.435546875 0.49680682656249997 0.486328125 0.5830555546875 0.4765625 0.5852529734374999 0.4296875 0.49958375000000005 0.435546875
0 0.5023003765625 0.4853515625 0.498483796875 0.53125 0.5852485765625 0.52734375 0.5852485765625 0.478515625 0.5023003765625 0.4853515625
0 0.496257471875 0.5380859375 0.49463706875 0.58203125 0.5879999406249999 0.5849609375 0.5879997484375 0.53515625 0.496257471875 0.5380859375
0 0.49845049374999995 0.5888671875 0.4968073046875 0.6416015625 0.5858023296875 0.6416015625 0.5858023296875 0.5869140625 0.49845049374999995 0.5888671875
0 0.4957081171875 0.6494140625 0.495734440625 0.6953125 0.5869010390625 0.693359375 0.5869010390625 0.646484375 0.4957081171875 0.6494140625
0 0.49845489218749994 0.69921875 0.497356659375 0.744140625 0.587450871875 0.7470703125 0.5890984593749999 0.6943359375 0.49845489218749994 0.69921875
0 0.4968024296875 0.75390625 0.49570371875 0.802734375 0.5852529734374999 0.8076171875 0.5879997484375 0.75 0.4968024296875 0.75390625
0 0.49460940625000005 0.810546875 0.495732146875 0.8583984375 0.5852529734374999 0.8623046875 0.5869010390625 0.81640625 0.49460940625000005 0.810546875
0 0.698969928125 0.54296875 0.6715610062499999 0.5400390625 0.6709525375000001 0.69140625 0.7022657703124999 0.6943359375 0.698969928125 0.54296875
0 0.7110552578125 0.8740234375 0.712154159375 0.701171875 0.6824889921875 0.7001953125 0.680291859375 0.87109375 0.7110552578125 0.8740234375
0 0.4133548109375 0.482421875 0.41165700000000005 0.5302734375 0.49680701718750003 0.5224609375 0.497905728125 0.478515625 0.4133548109375 0.482421875
0 0.415502484375 0.5380859375 0.4133050640625 0.5830078125 0.4940602421875 0.5791015625 0.49515895312499997 0.52734375 0.415502484375 0.5380859375
0 0.41110764531250005 0.58984375 0.40945957968749996 0.6396484375 0.49680701718750003 0.634765625 0.4962576625 0.5810546875 0.41110764531250005 0.58984375
0 0.41000893437499997 0.64453125 0.40950703125 0.6982421875 0.49680701718750003 0.6943359375 0.49570830781249997 0.6376953125 0.41000893437499997 0.64453125
0 0.4072621609375 0.69921875 0.40785820156249997 0.75390625 0.49735637343750005 0.7509765625 0.49570830781249997 0.6953125 0.4072621609375 0.69921875
0 0.407811515625 0.755859375 0.40511085312499995 0.8017578125 0.494605009375 0.8046875 0.4962576625 0.75390625 0.407811515625 0.755859375
0 0.40346183281250003 0.8076171875 0.4017686109375 0.8564453125 0.49021475781249996 0.8583984375 0.4935108875 0.8095703125 0.40346183281250003 0.8076171875
0 0.3171998171875 0.7353515625 0.3166185921875 0.7841796875 0.3984678921875 0.7763671875 0.3979231265625 0.7275390625 0.3171998171875 0.7353515625
0 0.35617215 0.791015625 0.35177730937499996 0.9423828125 0.378695703125 0.94140625 0.3841892515625 0.7861328125 0.35617215 0.791015625
0 0.34573440624999996 0.8037109375 0.322661496875 0.8037109375 0.31716794843749996 0.947265625 0.341339565625 0.9453125 0.34573440624999996 0.8037109375
0 0.3182666578125 0.7333984375 0.31994706875 0.68359375 0.24190631875 0.693359375 0.24300502812500002 0.7421875 0.3182666578125 0.7333984375
0 0.240807609375 0.7392578125 0.24082590312500002 0.7861328125 0.317717303125 0.78125 0.3188160125 0.736328125 0.240807609375 0.7392578125
0 0.24190631875 0.791015625 0.23533092031249997 0.83984375 0.3133224625 0.83984375 0.3155198828125 0.78515625 0.24190631875 0.791015625
0 0.2413569640625 0.84375 0.2386101890625 0.896484375 0.3166185921875 0.8916015625 0.3188160125 0.8408203125 0.2413569640625 0.84375
0 0.23915954374999998 0.896484375 0.23642886562499998 0.947265625 0.3144211734375 0.9482421875 0.317717303125 0.8916015625 0.23915954374999998 0.896484375
0 0.20549450625 0.29443359375 0.2071428578125 0.29052734375 0.21126373593749997 0.22607421875 0.209615384375 0.21728515625 0.203571428125 0.2158203125 0.08131868125 0.21533203125 0.0791208796875 0.2197265625 0.077747253125 0.23583984375 0.0736263734375 0.29052734375 0.0741758234375 0.29541015625 0.2013736265625 0.2958984375 0.20549450625 0.29443359375
0 0.1991758234375 0.37109375 0.2013736265625 0.357421875 0.203571428125 0.3291015625 0.203571428125 0.30908203125 0.20219780156249997 0.30419921875 0.1991758234375 0.30078125 0.1914835171875 0.298828125 0.07032967031250001 0.29736328125 0.06813186875 0.298828125 0.0670329671875 0.3037109375 0.0631868125 0.35009765625 0.0623626375 0.376953125 0.065109890625 0.38037109375 0.19615384687499998 0.38037109375 0.1991758234375 0.37109375
0 0.1335164828125 0.470703125 0.18406593437500002 0.46826171875 0.1879120875 0.46630859375 0.1950549453125 0.44873046875 0.19945055 0.3974609375 0.19615384687499998 0.38671875 0.1914835171875 0.3828125 0.06016483593750001 0.3828125 0.05631868125 0.392578125 0.05164835156249999 0.44384765625 0.0513736265625 0.462890625 0.0541208796875 0.46826171875 0.058791209375 0.47021484375 0.1335164828125 0.470703125
0 0.1857142859375 0.5546875 0.1887362640625 0.53271484375 0.1870879125 0.47314453125 0.049725275 0.47021484375 0.0480769234375 0.47265625 0.0420329671875 0.546875 0.0420329671875 0.556640625 0.046153846875 0.5595703125 0.1821428578125 0.5595703125 0.1857142859375 0.5546875
0 0.1821428578125 0.64990234375 0.183791209375 0.63232421875 0.184890109375 0.60791015625 0.183791209375 0.56494140625 0.18186813125 0.5625 0.044230768749999996 0.56103515625 0.0414835171875 0.564453125 0.0351648359375 0.61962890625 0.0332417578125 0.650390625 0.0381868125 0.65478515625 0.178571428125 0.65478515625 0.1821428578125 0.64990234375
0 0.16895604375 0.75244140625 0.1766483515625 0.75146484375 0.17884615312500002 0.7470703125 0.18131868125 0.67578125 0.17912087968749998 0.66015625 0.1771978015625 0.65771484375 0.0370879125 0.65771484375 0.0326923078125 0.65869140625 0.03076923125 0.66455078125 0.0236263734375 0.744140625 0.0236263734375 0.74951171875 0.02554945 0.75244140625 0.16895604375 0.75244140625
0 0.1678571421875 0.8505859375 0.1730769234375 0.84814453125 0.17445055 0.8427734375 0.1771978015625 0.76513671875 0.17390109843749998 0.75927734375 0.1546703296875 0.75732421875 0.0351648359375 0.75927734375 0.03131868125 0.763671875 0.0269230765625 0.79248046875 0.0236263734375 0.84814453125 0.025274724999999998 0.8525390625 0.071703296875 0.853515625 0.1678571421875 0.8505859375