0 0.425 0.56875 0.15078125 0.25
0 0.4359375 0.28984375 0.12890625 0.20234375
0 0.21796875 0.30390625 0.253125 0.24921875
0 0.22265625 0.55390625 0.25 0.23125
0 0.2328125 0.784375 0.2234375 0.20859375
0 0.7375 0.84609375 0.13359375 0.109375
0 0.74453125 0.71953125 0.13828125 0.11328125
0 0.75390625 0.58125 0.15390625 0.1203125
0 0.6 0.71875 0.13125 0.11171875
0 0.60234375 0.84921875 0.12578125 0.12734375
0 0.88828125 0.8421875 0.1484375 0.1171875
0 0.89609375 0.715625 0.153125 0.11796875
0 0.91953125 0.5796875 0.14921875 0.1421875
0 0.69453125 0.38125 0.1015625 0.10625
0 0.70234375 0.2546875 0.103125 0.109375
0 0.58671875 0.2703125 0.103125 0.12265625
0 0.58984375 0.3859375 0.103125 0.096875
0 0.58984375 0.4984375 0.10625 0.11875
0 0.8057469078124999 0.21091370937499998 0.7918638625 0.3355568265625 0.9306943078125001 0.3380250640625 0.9424949796875 0.22202049375000002 0.8057469078124999 0.21091370937499998