0 0.22265625 0.79765625 0.2921875 0.4046875
0 0.353125 0.8328125 0.134375 0.334375
0 0.390625 0.49921875 0.253125 0.2359375
0 0.44765625 0.69296875 0.2484375 0.2359375
0 0.503125 0.88359375 0.2453125 0.221875
0 0.62265625 0.64609375 0.175 0.1984375
0 0.67578125 0.83203125 0.1828125 0.2125
0 0.6734375 0.08203125 0.2 0.1171875
0 0.6515625 0.234375 0.1671875 0.196875
0 0.70703125 0.41875 0.165625 0.2
0 0.7546875 0.6 0.1671875 0.196875
0 0.80859375 0.784375 0.1703125 0.196875
0 0.78125 0.19765625 0.1671875 0.2046875
0 0.83359375 0.384375 0.1640625 0.19375
0 0.88515625 0.56484375 0.165625 0.2
0 0.92734375 0.746875 0.1453125 0.190625