0 0.8359375 0.36640625 0.2109375 0.2296875
0 0.7625 0.54296875 0.209375 0.221875
0 0.70234375 0.72734375 0.2046875 0.2265625
0 0.634375 0.89921875 0.20625 0.2015625
0 0.48125 0.853125 0.2078125 0.221875
0 0.54609375 0.67578125 0.2078125 0.2234375
0 0.60390625 0.5 0.20625 0.2234375
0 0.6765625 0.3171875 0.2171875 0.2375
0 0.5125 0.25390625 0.2078125 0.221875
0 0.44921875 0.4359375 0.2078125 0.21875
0 0.3890625 0.6203125 0.203125 0.2171875
0 0.328125 0.79375 0.2046875 0.2125
0 0.16875 0.74453125 0.2109375 0.2203125
0 0.2296875 0.5625 0.2171875 0.2328125
0 0.290625 0.3796875 0.215625 0.225
0 0.3546875 0.1953125 0.2140625 0.228125
0 0.20234375 0.1296875 0.2125 0.2296875
0 0.1328125 0.31484375 0.21875 0.2328125
0 0.08984375 0.49921875 0.1796875 0.2328125
0 0.0578125 0.6890625 0.115625 0.225