0 0.8421875 0.43203125 0.1078125 0.18984375
0 0.84140625 0.62578125 0.11171875 0.18125
0 0.84453125 0.8109375 0.12265625 0.16171875
0 0.7078125 0.76953125 0.1375 0.25078125
0 0.7078125 0.546875 0.11015625 0.1734375
0 0.71171875 0.35703125 0.1078125 0.18828125
0 0.54453125 0.7234375 0.18125 0.35390625
0 0.38203125 0.8625 0.1203125 0.07890625
0 0.3828125 0.778125 0.12265625 0.078125
0 0.38125 0.69296875 0.12421875 0.0703125
0 0.38046875 0.60703125 0.12109375 0.075
0 0.37421875 0.52265625 0.12421875 0.075
0 0.2640625 0.846875 0.08828125 0.15078125
0 0.16484375 0.86328125 0.08984375 0.16171875
0 0.16484375 0.6984375 0.09140625 0.15
0 0.21472434843750002 0.603703703125 0.2059244796875 0.44351851875000003 0.10901126406249999 0.4574074078125 0.11734332968750001 0.622222221875 0.21472434843750002 0.603703703125
0 0.10436197968750001 0.284259259375 0.10901126406249999 0.45 0.205350775 0.4388888890625 0.20014323437499998 0.271296296875 0.10436197968750001 0.284259259375