0 0.47265625 0.81640625 0.1140625 0.1125
0 0.496875 0.7171875 0.115625 0.1234375
0 0.52265625 0.61015625 0.1140625 0.11875
0 0.546875 0.50546875 0.11875 0.125
0 0.57421875 0.39375 0.1203125 0.1328125
0 0.59765625 0.31953125 0.0875 0.04375
0 0.6046875 0.28984375 0.0890625 0.0484375
0 0.6140625 0.25703125 0.0875 0.0453125
0 0.62421875 0.22265625 0.0875 0.0421875
0 0.690625 0.30625 0.0890625 0.0546875
0 0.6828125 0.3375 0.0875 0.0390625
0 0.675 0.4140625 0.125 0.1390625
0 0.64453125 0.5296875 0.11875 0.1296875
0 0.61875 0.63828125 0.1140625 0.1203125
0 0.59296875 0.74375 0.115625 0.121875
0 0.56796875 0.8421875 0.1140625 0.115625
0 0.6578125 0.86640625 0.1109375 0.115625
0 0.68671875 0.765625 0.1078125 0.1140625
0 0.715625 0.65859375 0.11875 0.1234375
0 0.7421875 0.5515625 0.115625 0.1203125
0 0.76328125 0.44375 0.10625 0.11875
0 0.915625 0.35078125 0.115625 0.1203125
0 0.88515625 0.46171875 0.121875 0.13125
0 0.85625 0.575 0.115625 0.11875
0 0.82890625 0.68125 0.1140625 0.1203125
0 0.803125 0.78671875 0.109375 0.1140625
0 0.77265625 0.8859375 0.1125 0.1125
0 0.8640625 0.909375 0.1140625 0.1125
0 0.8921875 0.8109375 0.1046875 0.1125
0 0.91953125 0.70078125 0.109375 0.115625
0 0.94609375 0.6 0.1015625 0.1140625
0 0.959375 0.48984375 0.08125 0.1328125
0 0.9765625 0.37890625 0.046875 0.1203125
0 0.30390625 0.22890625 0.134375 0.1453125
0 0.27734375 0.3484375 0.13125 0.1265625
0 0.25546875 0.46875 0.1265625 0.134375
0 0.234375 0.5828125 0.13125 0.128125
0 0.209375 0.6921875 0.121875 0.1203125
0 0.18984375 0.79453125 0.125 0.1171875
0 0.0875 0.77421875 0.1171875 0.1234375
0 0.10546875 0.665625 0.128125 0.125
0 0.12734375 0.55078125 0.121875 0.1296875
0 0.15 0.4390625 0.1296875 0.125
0 0.171875 0.321875 0.1234375 0.134375
0 0.19453125 0.19765625 0.1359375 0.1421875
0 0.09921875 0.17734375 0.0921875 0.1328125
0 0.0765625 0.29921875 0.10625 0.128125
0 0.05234375 0.41875 0.1046875 0.128125
0 0.03828125 0.534375 0.0765625 0.121875
0 0.03046875 0.64375 0.0609375 0.128125
0 0.02421875 0.7484375 0.0484375 0.109375