0 0.52578125 0.8109375 0.10625 0.11875
0 0.51640625 0.70078125 0.1046875 0.1109375
0 0.503125 0.5921875 0.0984375 0.109375
0 0.4859375 0.4875 0.09375 0.10625
0 0.47890625 0.3875 0.0953125 0.103125
0 0.46484375 0.29296875 0.090625 0.096875
0 0.453125 0.20078125 0.090625 0.0953125
0 0.35859375 0.11328125 0.090625 0.0921875
0 0.36484375 0.20625 0.0921875 0.0953125
0 0.3765625 0.3015625 0.0921875 0.0984375
0 0.38984375 0.39765625 0.0953125 0.0984375
0 0.39921875 0.496875 0.0953125 0.1046875
0 0.4078125 0.6 0.1015625 0.1015625
0 0.41953125 0.70859375 0.103125 0.1140625
0 0.42890625 0.8171875 0.1046875 0.1140625
0 0.3328125 0.82734375 0.10625 0.11875
0 0.32578125 0.715625 0.103125 0.1140625
0 0.31640625 0.61015625 0.1015625 0.1109375
0 0.30625 0.50546875 0.1015625 0.109375
0 0.29765625 0.40390625 0.096875 0.0984375
0 0.2890625 0.309375 0.096875 0.0984375
0 0.2796875 0.215625 0.0921875 0.0953125
0 0.58671875 0.1421875 0.0765625 0.084375
0 0.6 0.22890625 0.0859375 0.0890625
0 0.6140625 0.3109375 0.08125 0.0859375
0 0.63046875 0.3984375 0.084375 0.096875
0 0.646875 0.4921875 0.090625 0.0984375
0 0.66171875 0.58359375 0.0859375 0.096875
0 0.675 0.68125 0.0890625 0.10625
0 0.69375 0.7890625 0.0921875 0.1046875
0 0.7828125 0.784375 0.09375 0.1078125
0 0.765625 0.6828125 0.0875 0.1
0 0.746875 0.5875 0.084375 0.096875
0 0.734375 0.49609375 0.084375 0.1046875
0 0.71328125 0.40234375 0.078125 0.090625
0 0.6984375 0.31484375 0.08125 0.096875
0 0.68515625 0.23046875 0.078125 0.0890625
0 0.6671875 0.1484375 0.078125 0.0828125
0 0.74453125 0.13984375 0.075 0.0796875
0 0.75703125 0.22109375 0.0765625 0.084375
0 0.771875 0.30390625 0.078125 0.0890625
0 0.790625 0.38828125 0.08125 0.09375
0 0.81015625 0.478125 0.0796875 0.0890625
0 0.828125 0.571875 0.0828125 0.109375
0 0.84921875 0.67109375 0.084375 0.109375
0 0.86953125 0.771875 0.0875 0.1015625
0 0.86328125 0.19765625 0.0921875 0.0703125
0 0.88671875 0.2828125 0.071875 0.0921875
0 0.90625 0.371875 0.0765625 0.0953125
0 0.925 0.46171875 0.0765625 0.1
0 0.94609375 0.55625 0.0796875 0.1078125
0 0.96328125 0.65625 0.0734375 0.109375
0 0.8365396140625 0.1533527484375 0.9238245828125 0.132395428125 0.9084535718750001 0.054473710937499996 0.8233329093749999 0.084041028125 0.8365396140625 0.1533527484375