0 0.4203125 0.4734375 0.0921875 0.096875
0 0.41875 0.58125 0.096875 0.103125
0 0.4234375 0.37265625 0.090625 0.0953125
0 0.415625 0.69296875 0.096875 0.1078125
0 0.22265625 0.57890625 0.0953125 0.1046875
0 0.21171875 0.809375 0.103125 0.1125
0 0.2171875 0.6921875 0.1015625 0.10625
0 0.4265625 0.2734375 0.0859375 0.0921875
0 0.3171875 0.69453125 0.09375 0.1046875
0 0.3296875 0.36796875 0.0875 0.0890625
0 0.32109375 0.57734375 0.0984375 0.1046875
0 0.41640625 0.81015625 0.096875 0.1109375
0 0.31796875 0.81171875 0.096875 0.109375
0 0.234375 0.3671875 0.084375 0.0890625
0 0.228125 0.471875 0.09375 0.096875
0 0.2484375 0.1765625 0.0828125 0.0875
0 0.4234375 0.18046875 0.0859375 0.0890625
0 0.3328125 0.2703125 0.090625 0.0859375
0 0.23984375 0.26875 0.0796875 0.0875
0 0.32578125 0.4703125 0.0890625 0.096875
0 0.33359375 0.178125 0.0828125 0.0890625
0 0.8140625 0.6125 0.36875 0.46875