0 0.31875 0.80625 0.1515625 0.1015625
0 0.47109375 0.80625 0.15078125 0.1
0 0.35390625 0.24296875 0.1328125 0.08359375
0 0.35 0.3265625 0.1421875 0.08828125
0 0.33359375 0.60546875 0.14765625 0.0953125
0 0.490625 0.17578125 0.12890625 0.07890625
0 0.48125 0.7046875 0.15625 0.09921875
0 0.48671875 0.6078125 0.1421875 0.09296875
0 0.63984375 0.70625 0.134375 0.09296875
0 0.325 0.703125 0.1515625 0.09453125
0 0.63359375 0.5296875 0.128125 0.08203125
0 0.34453125 0.41640625 0.14375 0.0890625
0 0.63671875 0.615625 0.13359375 0.08125
0 0.753125 0.3625 0.121875 0.07734375
0 0.33984375 0.5046875 0.14375 0.0890625
0 0.77421875 0.6171875 0.13125 0.08515625
0 0.78671875 0.70546875 0.12734375 0.08671875
0 0.75859375 0.44609375 0.12109375 0.08125
0 0.4875 0.42578125 0.1328125 0.08515625
0 0.0390625 0.79921875 0.07734375 0.09921875
0 0.628125 0.36171875 0.12265625 0.08046875
0 0.4890625 0.2546875 0.13046875 0.07890625
0 0.63046875 0.44375 0.1265625 0.08828125
0 0.48515625 0.5125 0.1375 0.0828125
0 0.48828125 0.33828125 0.13203125 0.08046875
0 0.04140625 0.69609375 0.0828125 0.0984375
0 0.7640625 0.52890625 0.125 0.075
0 0.16640625 0.596875 0.14609375 0.10078125
0 0.16171875 0.69765625 0.14609375 0.0984375
0 0.7546875 0.28515625 0.11640625 0.07265625
0 0.65625 0.80546875 0.1265625 0.0984375
0 0.63046875 0.2828125 0.128125 0.0796875
0 0.0453125 0.59921875 0.090625 0.09140625
0 0.1546875 0.79921875 0.15 0.10078125
0 0.790625 0.80078125 0.134375 0.10078125
0 0.05625 0.32734375 0.1125 0.0828125
0 0.06640625 0.16171875 0.128125 0.07734375
0 0.0625 0.2421875 0.121875 0.08203125
0 0.05390625 0.41171875 0.10703125 0.0859375
0 0.05078125 0.50234375 0.1015625 0.0921875