0 0.82421875 0.33046875 0.090625 0.1328125
0 0.7953125 0.46484375 0.0984375 0.14375
0 0.765625 0.5984375 0.0921875 0.134375
0 0.7359375 0.7234375 0.09375 0.128125
0 0.70859375 0.84765625 0.084375 0.128125
0 0.778125 0.86484375 0.0890625 0.125
0 0.80703125 0.74140625 0.09375 0.1328125
0 0.83515625 0.6125 0.09375 0.1359375
0 0.86484375 0.48359375 0.0953125 0.1375
0 0.90625 0.62421875 0.0859375 0.1359375
0 0.87578125 0.75234375 0.0953125 0.134375
0 0.84921875 0.875 0.0875 0.121875
0 0.66875 0.43515625 0.096875 0.14375
0 0.6421875 0.56953125 0.09375 0.1375
0 0.61328125 0.69765625 0.0875 0.128125
0 0.5875 0.828125 0.0953125 0.1390625
0 0.51796875 0.81953125 0.0890625 0.134375
0 0.5421875 0.68515625 0.0953125 0.1375
0 0.56796875 0.559375 0.096875 0.1328125
0 0.4546875 0.525 0.146875 0.25625
0 0.41171875 0.76171875 0.1421875 0.2453125
0 0.34375 0.56015625 0.13125 0.159375
0 0.3203125 0.7 0.1296875 0.153125
0 0.16953125 0.74765625 0.1234375 0.1984375
0 0.08125 0.728125 0.1234375 0.1984375
0 0.1078125 0.5390625 0.125 0.203125
0 0.13515625 0.41875 0.084375 0.05625
0 0.02109375 0.71328125 0.0421875 0.1734375
0 0.0296875 0.5125 0.059375 0.234375
0 0.5078125 0.2734375 0.0703125 0.1046875
0 0.56640625 0.2828125 0.0765625 0.1046875