0 0.3180417953125 0 0.0126715703125 0.7469691359375 0.11068407031250001 0.7790512171875 0.43517744843750006 0 0.3180417953125 0
0 0.23096524999999998 0.8147063265625001 0.5536477640624999 0.0405857859375 0.4516214578125 0.004077959375000001 0.1270642171875 0.7849866109375 0.23096524999999998 0.8147063265625001
0 0.45703125 0.46953125 0.4234375 0.7703125
0 0.55703125 0.51484375 0.434375 0.7828125
0 0.7891513906250001 0.5641696890625 0.851090559375 0.42107525937499996 0.7685788109375 0.399626809375 0.709609890625 0.535592546875 0.7891513906250001 0.5641696890625
0 0.727864571875 0.7058655203125 0.785104115625 0.5707960812499999 0.6969623453125 0.550127821875 0.6462321906249999 0.679718896875 0.727864571875 0.7058655203125
0 0.7163558171875 0.7141208765625 0.6398256921875001 0.6852452421875 0.640827346875 0.6797526921875 0.58479229375 0.8094241656250001 0.6585794734375 0.842129053125 0.7163558171875 0.7141208765625
0 0.5940317015625001 0.9908180218749999 0.6536304703125 0.856848628125 0.5778443656250001 0.8240631046875 0.518153609375 0.96054371875 0.5940317015625001 0.9908180218749999
0 0.865625 0.68359375 0.1328125 0.1125
0 0.8296875 0.76015625 0.125 0.1046875
0 0.79453125 0.8328125 0.125 0.1046875