0 0.8577999000000001 0.758033503125 0.7852821328124999 0.7370048031249999 0.783809778125 0.7406043828125 0.7364816234375 0.8789006171875 0.8095167078125 0.9080562000000001 0.8577999000000001 0.758033503125
0 0.6780979515625 0.7058884421875 0.6963891203125 0.6476824078125001 0.6285480125 0.6299038265625 0.6132640953124999 0.6813268453125 0.6780979515625 0.7058884421875
0 0.6578325765625 0.756375996875 0.672231103125 0.704316425 0.604766046875 0.683443284375 0.5911620625 0.7353164390625 0.6578325765625 0.756375996875
0 0.6353114671875 0.8102533 0.652004975 0.7580098171875 0.5876294828125 0.736766359375 0.5717937609375 0.7908373109375 0.6353114671875 0.8102533
0 0.7491588124999999 0.7273256156250001 0.7652335890625 0.67571511875 0.6999679999999999 0.6526354640625 0.6798135249999999 0.7095433765625 0.7491588124999999 0.7273256156250001
0 0.7270568187500001 0.7813152203125 0.7433705546875 0.7321652265624999 0.6762752546875 0.7133882453125 0.6618628046875 0.7614500640624999 0.7270568187500001 0.7813152203125
0 0.7069911375 0.8310575078125 0.72226700625 0.782428265625 0.656806075 0.7608938921874999 0.64053993125 0.8108554874999999 0.7069911375 0.8310575078125
0 0.6887954984375 0.3860298109375 0.7155136078125001 0.2997264734375 0.638580515625 0.2755176046875 0.6139433890625 0.3619791515625 0.6887954984375 0.3860298109375
0 0.6616975968750001 0.47542670468750003 0.6857802375000001 0.3956066125 0.6106323015624999 0.3722754625 0.5864657531249999 0.45446954218749996 0.6616975968750001 0.47542670468750003
0 0.6335619640625 0.5653443125 0.6599199515625 0.48373742656249996 0.5839429234375 0.46098297187500004 0.559567640625 0.5431211203124999 0.6335619640625 0.5653443125
0 0.60476809375 0.6526891125 0.6301275875 0.5748088140625 0.5580012828124999 0.551089071875 0.5328298218749999 0.627821553125 0.60476809375 0.6526891125
0 0.5765341328125 0.7345921453125001 0.6018739640625 0.6551089171875 0.5277182390624999 0.6364371859375 0.50463515625 0.7129304000000001 0.5765341328125 0.7345921453125001
0 0.5528312296875 0.8113187390625001 0.57571563125 0.7359705265625001 0.502706134375 0.717206465625 0.4824088265625 0.7908514140625 0.5528312296875 0.8113187390625001
0 0.6025633546875 0.3876875515625 0.6292028453125 0.29497254375000004 0.5492507843750001 0.2743482640625 0.52429979375 0.35792981562500004 0.6025633546875 0.3876875515625
0 0.5234589625 0.3680892171875 0.498098975 0.45235999062500004 0.5775607703125 0.47764584687499995 0.6019765328125 0.3915114671875 0.5234589625 0.3680892171875
0 0.31433008125 0.5135167875 0.38664832968749996 0.1980273125 0.2306551140625 0.1664539671875 0.16685091875 0.476556121875 0.31433008125 0.5135167875
0 0.2731787609375 0.645639603125 0.3017477734375 0.5229265359374999 0.1679557828125 0.48899425937499996 0.14067587343750002 0.6037450078125 0.2731787609375 0.645639603125
0 0.22940825 0.7821731828125 0.2606592921875 0.6601787625 0.136033384375 0.6242290359375 0.1097078203125 0.7488213921875 0.22940825 0.7821731828125
0 0 0.7235023078125 0.10635532656249999 0.74792309375 0.13253037343750002 0.6207342078125 0 0.5989020421875 0 0.7235023078125