0 0.2171875 0.3828125 0.265625 0.24375
0 0.1609375 0.57578125 0.2578125 0.2421875
0 0.11484375 0.76328125 0.2296875 0.2296875
0 0.33671875 0.6296875 0.1859375 0.215625
0 0.68515625 0.1875 0.209375 0.1234375
0 0.58203125 0.3046875 0.1734375 0.1984375
0 0.52890625 0.484375 0.1703125 0.1984375
0 0.2796875 0.81640625 0.1828125 0.2125
0 0.4734375 0.66875 0.175 0.203125
0 0.4203125 0.8484375 0.1765625 0.2015625
0 0.7171875 0.346875 0.171875 0.1984375
0 0.6625 0.5234375 0.1734375 0.2046875
0 0.609375 0.70390625 0.16875 0.1953125
0 0.55390625 0.88046875 0.1734375 0.209375
0 0.84921875 0.3890625 0.1671875 0.19375
0 0.79453125 0.56875 0.1703125 0.1953125
0 0.73984375 0.74375 0.16875 0.2
0 0.68515625 0.909375 0.1671875 0.18125
0 0.946875 0.42421875 0.10625 0.2078125
0 0.91875 0.609375 0.1625 0.196875
0 0.86640625 0.784375 0.1625 0.1875
0 0.8109375 0.9328125 0.165625 0.134375