0 0.90611906875 0.7671399875 0.9020317531250001 0.61757098125 0.8304718765624999 0.6183680859375 0.8329492265624999 0.7737960359375 0.90611906875 0.7671399875
0 0.71989426875 0.6293006343750001 0.715119371875 0.5691133609375 0.6463615125 0.57840905 0.6495650125 0.6353132609375 0.71989426875 0.6293006343750001
0 0.71848603125 0.6859998859374999 0.7145714859375001 0.633997975 0.64396580625 0.6386603140625 0.648995509375 0.6926139640625 0.71848603125 0.6859998859374999
0 0.7181316437499999 0.7453469296875 0.7155361140625 0.6911374375 0.6472178937499999 0.6972834984375 0.651039071875 0.74895041875 0.7181316437499999 0.7453469296875
0 0.79204439375 0.6258552453124999 0.7897356734375001 0.5743742234375 0.718733359375 0.5749403562500001 0.7212599359375 0.6312260453125 0.79204439375 0.6258552453124999
0 0.7928405953125 0.6850813546875 0.790603534375 0.6342824734375 0.72079654375 0.638860865625 0.722919921875 0.6876028140625 0.7928405953125 0.6850813546875
0 0.7879013546875 0.689738384375 0.7202352390625 0.6878849859375 0.71915958125 0.689722121875 0.7224472203125 0.7421347265625 0.79061869375 0.737728234375 0.7879013546875 0.689738384375
0 0.776004040625 0.41264649843749995 0.775318421875 0.39782213906249997 0.6743086765624999 0.4061111265625 0.6759689875 0.4188158265625 0.776004040625 0.41264649843749995
0 0.7773687484375 0.42895119531250003 0.7762298750000001 0.414795165625 0.6751116421875001 0.4237162296875 0.6759207171875 0.4349586828125 0.7773687484375 0.42895119531250003
0 0.77842053125 0.44559911874999997 0.7774865125 0.43173189531249995 0.6758178234375001 0.44040047812500005 0.6766595890625 0.45194983125 0.77842053125 0.44559911874999997
0 0.7787061640624999 0.463258596875 0.777783428125 0.4478384703125 0.6768968046875 0.455649003125 0.6780130140625 0.46980743125 0.7787061640624999 0.463258596875
0 0.780599921875 0.47795597343749996 0.77955783125 0.464720796875 0.6791569281250001 0.4721699265625 0.6805423 0.48723109062500003 0.780599921875 0.47795597343749996
0 0.7811662 0.49496526249999995 0.7802644437499999 0.4814050015625 0.6807368640625 0.489693365625 0.6818860109375 0.5016759265624999 0.7811662 0.49496526249999995
0 0.781743765625 0.5104216671875 0.7809065328125 0.497475296875 0.682171621875 0.5058355265625 0.683078128125 0.5179987640625 0.781743765625 0.5104216671875
0 0.7826552328124999 0.527394675 0.781656690625 0.5129135609375 0.6836063796875 0.521977684375 0.6849283374999999 0.5339420828125 0.7826552328124999 0.527394675
0 0.7850344781249999 0.541730703125 0.783571409375 0.5294707875 0.6845715515624999 0.5386347125000001 0.6857752671874999 0.5503012140625 0.7850344781249999 0.541730703125
0 0.785299134375 0.55753033125 0.7842134984375 0.5455410953125 0.686897090625 0.55328670625 0.6884884109375 0.5661538203125 0.785299134375 0.55753033125
0 0.6136908609375 0.32822444375000004 0.6068430874999999 0.23816912031249998 0.524851196875 0.24213168437500002 0.5329534140625001 0.3320551609375 0.6136908609375 0.32822444375000004
0 0.62177666875 0.4259082203125 0.6151708578124999 0.33815503125 0.5346081734375 0.3411915 0.5414707046875 0.4296935859375 0.62177666875 0.4259082203125
0 0.6273300296875 0.516099590625 0.6219097671875 0.4313252046875 0.5411703421875 0.434768190625 0.55007254375 0.5156852609375 0.6273300296875 0.516099590625
0 0.5504908625 0.5249580203125 0.55454525 0.61219706875 0.6330447015625 0.60782569375 0.62541465625 0.5186284703124999 0.5504908625 0.5249580203125
0 0.636118109375 0.695174346875 0.6309398046875 0.612702059375 0.5538960734375 0.618472115625 0.5599373046875 0.70085370625 0.636118109375 0.695174346875
0 0.6395090625 0.7751189515625 0.634032415625 0.69810903125 0.5596470250000001 0.7039875890625 0.5666993921875 0.7796681109375 0.6395090625 0.7751189515625
0 0.5352943109375 0.36129163124999997 0.525051165625 0.26383461874999997 0.44220962343750003 0.27176575468749997 0.4504316640625 0.363228359375 0.5352943109375 0.36129163124999997
0 0.5438640421875001 0.4635796390625 0.535024178125 0.3628717453125 0.45042968749999995 0.368659540625 0.458085984375 0.4609574484375 0.5438640421875001 0.4635796390625
0 0.3016832109375 0.5886019484375 0.26101225625 0.26805195312499996 0.10086051250000001 0.2869535203125 0.15257455 0.603239440625 0.3016832109375 0.5886019484375
0 0.31174387187499997 0.7230605796875 0.29632285 0.59847560625 0.159230503125 0.609781171875 0.1782756375 0.73708865625 0.31174387187499997 0.7230605796875
0 0.325326171875 0.8633559125 0.3102278265625 0.74184049375 0.18146129375 0.7548571015625 0.19876151875 0.87665839375 0.325326171875 0.8633559125
0 0.1961000890625 0.8790070375000001 0.1764369703125 0.7527990578125 0.0370720890625 0.7762398578124999 0.0588199140625 0.8955047734375 0.1961000890625 0.8790070375000001