0 0.3265625 0.18125 0.0828125 0.078125
0 0.32578125 0.2734375 0.08984375 0.0859375
0 0.3203125 0.36953125 0.08671875 0.090625
0 0.31953125 0.47265625 0.0953125 0.09765625
0 0.31796875 0.5796875 0.0953125 0.1046875
0 0.315625 0.696875 0.09921875 0.10625
0 0.31484375 0.81171875 0.1 0.10859375
0 0.4171875 0.81171875 0.10234375 0.10625
0 0.415625 0.69375 0.09609375 0.10546875
0 0.4171875 0.5828125 0.09921875 0.10234375
0 0.4140625 0.4765625 0.0953125 0.103125
0 0.415625 0.37421875 0.09140625 0.09296875
0 0.41640625 0.27421875 0.08984375 0.0921875
0 0.415625 0.18203125 0.08671875 0.090625
0 0.50390625 0.1828125 0.08359375 0.09296875
0 0.5078125 0.2765625 0.084375 0.09296875
0 0.5078125 0.3765625 0.0875 0.0953125
0 0.509375 0.478125 0.0890625 0.103125
0 0.51484375 0.58515625 0.09609375 0.10546875
0 0.51328125 0.696875 0.0953125 0.115625
0 0.51796875 0.81171875 0.0984375 0.11640625