0 0.8078125 0.340625 0.1359375 0.178125
0 0.8078125 0.53046875 0.134375 0.16015625
0 0.8125 0.71875 0.13828125 0.15625
0 0.5359375 0.1296875 0.23984375 0.08125
0 0.5453125 0.21875 0.23515625 0.06796875
0 0.546875 0.30546875 0.2390625 0.07890625
0 0.546875 0.39296875 0.240625 0.07421875
0 0.546875 0.47890625 0.23671875 0.06875
0 0.546875 0.55859375 0.23828125 0.06640625
0 0.5453125 0.6453125 0.2359375 0.06953125
0 0.5484375 0.73125 0.234375 0.07578125
0 0.55078125 0.8140625 0.2421875 0.0609375
0 0.55234375 0.8984375 0.2390625 0.06015625
0 0.290625 0.565625 0.26015625 0.0953125
0 0.28828125 0.79296875 0.27421875 0.30078125