0 0.2894844265625 0.174754803125 0.2757738609375 0.10183148125000001 0.11425736093750001 0.1134739109375 0.126167225 0.1868461984375 0.2894844265625 0.174754803125
0 0.3013206421875 0.2545073140625 0.291065371875 0.1918556375 0.12431027343750001 0.19685190624999999 0.132205240625 0.26486343125 0.3013206421875 0.2545073140625
0 0.33560294218750003 0.3382060328125 0.315998909375 0.26675211718749997 0.1523240765625 0.2876801484375 0.167980896875 0.354551678125 0.33560294218750003 0.3382060328125
0 0.35613643125 0.4205613578125 0.34176679062500004 0.35575465156249997 0.172484234375 0.368538125 0.1935582265625 0.449963509375 0.35613643125 0.4205613578125
0 0.37844901875 0.4992922453125 0.36333270156249997 0.43149077656249996 0.19923463125000002 0.4596813703125 0.21493366093750002 0.5321089125 0.37844901875 0.4992922453125
0 0.3140625 0.559375 0.175 0.109375
0 0.334375 0.6421875 0.178125 0.10625
0 0.35703125 0.7234375 0.178125 0.1109375
0 0.37421875 0.8015625 0.1765625 0.1046875
0 0.390625 0.8796875 0.178125 0.1078125
0 0.41015625 0.95703125 0.1765625 0.0859375
0 0.493876225 0.31305815 0.48016573749999997 0.24013480937499998 0.3287707109375 0.258001140625 0.3455231109375 0.32778036875 0.493876225 0.31305815
0 0.5137583203125 0.3892140984375 0.5008897015625 0.316080853125 0.34598744843749996 0.33243595625 0.36568326875 0.40863834531250004 0.5137583203125 0.3892140984375
0 0.52531645625 0.46426450937499997 0.509453478125 0.39346834531249997 0.3683876234375 0.4222781515625 0.38472341875 0.4850042140625 0.52531645625 0.46426450937499997
0 0.55249769375 0.5338292171875 0.539152871875 0.476719284375 0.392194603125 0.5069982343749999 0.4050740515625 0.559452909375 0.55249769375 0.5338292171875
0 0.49921875 0.59921875 0.165625 0.109375
0 0.51640625 0.67734375 0.1609375 0.1
0 0.534375 0.75234375 0.1609375 0.0921875
0 0.55234375 0.83203125 0.1609375 0.0921875
0 0.57109375 0.9125 0.1578125 0.0984375
0 0.7703125 0.23359375 0.246875 0.284375
0 0.83359375 0.4875 0.246875 0.2859375
0 0.8859375 0.73203125 0.228125 0.2703125