0 0.6953125 0.64609375 0.1765625 0.146875
0 0.66015625 0.55625 0.1625 0.1359375
0 0.30390625 0.41171875 0.159375 0.128125
0 0.46796875 0.4359375 0.1546875 0.1265625
0 0.559375 0.69609375 0.1640625 0.1359375
0 0.7140625 0.25703125 0.1484375 0.121875
0 0.59453125 0.7890625 0.1640625 0.1359375
0 0.7296875 0.7390625 0.1671875 0.1421875
0 0.2484375 0.259375 0.146875 0.115625
0 0.38203125 0.20703125 0.14375 0.1140625
0 0.4390625 0.3546875 0.153125 0.121875
0 0.7484375 0.33828125 0.1515625 0.125
0 0.6828125 0.18046875 0.146875 0.11875
0 0.49765625 0.5203125 0.1578125 0.128125
0 0.2765625 0.3328125 0.1578125 0.1234375
0 0.52890625 0.60859375 0.159375 0.13125
0 0.409375 0.28046875 0.146875 0.115625
0 0.228125 0.1828125 0.14375 0.1140625
0 0.2078125 0.11328125 0.1421875 0.10625
0 0.7828125 0.41875 0.1609375 0.13125
0 0.33203125 0.49453125 0.1609375 0.1296875
0 0.85078125 0.59609375 0.1609375 0.1328125
0 0.88828125 0.6859375 0.16875 0.1421875
0 0.3609375 0.57734375 0.1578125 0.128125
0 0.76875 0.07890625 0.1421875 0.1125
0 0.8375 0.221875 0.140625 0.1171875
0 0.228125 0.62109375 0.1640625 0.13125
0 0.44921875 0.85390625 0.1671875 0.1359375
0 0.41484375 0.759375 0.165625 0.134375
0 0.3078125 0.90390625 0.1671875 0.1390625
0 0.25546875 0.7140625 0.1578125 0.128125
0 0.3890625 0.66875 0.16875 0.134375
0 0.87265625 0.29921875 0.1453125 0.121875
0 0.971875 0.63828125 0.05625 0.1328125
0 0.81953125 0.50703125 0.159375 0.1328125
0 0.803125 0.14765625 0.1359375 0.1125
0 0.28203125 0.80703125 0.1625 0.134375
0 0.91171875 0.3765625 0.146875 0.121875
0 0.95390625 0.54765625 0.0921875 0.1234375
0 0.934375 0.46171875 0.13125 0.1328125
0 0.06484375 0.70546875 0.05625 0.065625
0 0.88671875 0.1453125 0.0546875 0.0796875
0 0.08515625 0.7609375 0.0546875 0.0640625
0 0.05234375 0.65234375 0.065625 0.0671875
0 0.91640625 0.215625 0.046875 0.075
0 0.03828125 0.603125 0.071875 0.059375
0 0.10546875 0.8109375 0.0609375 0.06875
0 0.1234375 0.8625 0.0578125 0.0625
0 0.13671875 0.92265625 0.0453125 0.0625