0 0.4875 0.2453125 0.16328125 0.2
0 0.48046875 0.4515625 0.1578125 0.1953125
0 0.4859375 0.6515625 0.16171875 0.1984375
0 0.4859375 0.8515625 0.16484375 0.1734375
0 0.3140625 0.85546875 0.165625 0.1890625
0 0.31171875 0.65625 0.16796875 0.19140625
0 0.309375 0.45703125 0.17109375 0.190625
0 0.3125 0.2484375 0.16953125 0.1953125
0 0.11875 0.24453125 0.16484375 0.19921875
0 0.12734375 0.45546875 0.16953125 0.18515625
0 0.13671875 0.65625 0.16484375 0.1765625
0 0.140625 0.85703125 0.16484375 0.1796875