0 0.90078125 0.3796875 0.1984375 0.215625
0 0.828125 0.56640625 0.2015625 0.2203125
0 0.76953125 0.7484375 0.1953125 0.2125
0 0.70625 0.91484375 0.1875 0.1703125
0 0.73671875 0.33203125 0.2140625 0.2375
0 0.66796875 0.51484375 0.203125 0.215625
0 0.6078125 0.69765625 0.2 0.2140625
0 0.5453125 0.878125 0.2 0.209375
0 0.565625 0.2765625 0.20625 0.2203125
0 0.50390625 0.4609375 0.2 0.2140625
0 0.44765625 0.64765625 0.1921875 0.20625
0 0.39296875 0.81875 0.2015625 0.2140625
0 0.4109375 0.2171875 0.20625 0.2234375
0 0.34921875 0.40234375 0.2046875 0.215625
0 0.2921875 0.58359375 0.2046875 0.2125
0 0.23203125 0.77421875 0.196875 0.2078125
0 0.2546875 0.15625 0.215625 0.2375
0 0.18984375 0.3453125 0.215625 0.23125
0 0.1296875 0.53125 0.21875 0.2375
0 0.08828125 0.721875 0.1765625 0.234375