0 0.45078125 0.67421875 0.103125 0.203125
0 0.48203125 0.86328125 0.1 0.1875
0 0.52109375 0.50625 0.13125 0.15
0 0.540625 0.63203125 0.1328125 0.1453125
0 0.559375 0.75859375 0.128125 0.134375
0 0.578125 0.8765625 0.1265625 0.128125
0 0.747513075 0.5981717921875 0.7041721 0.292410675 0.6157374390625 0.32132370625 0.6611567625 0.6180997875 0.747513075 0.5981717921875
0 0.7434579 0.6051548703125 0.6653787624999999 0.622056384375 0.6653516625 0.6251951484375 0.7045838890625 0.889371375 0.7883260546875 0.874605371875 0.7434579 0.6051548703125
0 0.8396294093750001 0.3860521234375 0.8219280296875 0.2606780359375 0.71213930625 0.283170734375 0.7291293703124999 0.40396927031249996 0.8396294093750001 0.3860521234375
0 0.8532250953125 0.5231193203125 0.833278684375 0.395007034375 0.7294436375 0.41880046406250004 0.7492426875 0.5430212156249999 0.8532250953125 0.5231193203125
0 0.865364671875 0.6369379484375 0.8491699203125 0.5301023984375 0.7514752109375 0.5512461281250001 0.765922703125 0.6576063078125001 0.865364671875 0.6369379484375
0 0.865046165625 0.6401281671875 0.7599411703125 0.6586610125 0.7621953046875001 0.6645315890625 0.7766718890625001 0.7685361859375 0.8797998234375 0.7487848859375 0.865046165625 0.6401281671875
0 0.8945029359375001 0.8621514937500001 0.875476678125 0.754248221875 0.7775662296875 0.781698034375 0.794206521875 0.8829705859375 0.8945029359375001 0.8621514937500001
0 0.82933495 0.267200971875 0.8452924390625001 0.3881876359375 0.9521065109375 0.3693534328125 0.939850709375 0.2398850859375 0.82933495 0.267200971875
0 0.9576273875 0.49060723125 0.945219828125 0.37526879062499996 0.8440468703124999 0.3938917734375 0.85572309375 0.50230759375 0.9576273875 0.49060723125
0 0.956990209375 0.49698762500000004 0.8559403890624999 0.50853739375 0.856853190625 0.511510425 0.8702744609374999 0.629804178125 0.9696657406250001 0.61384580625 0.956990209375 0.49698762500000004
0 0.9823919734375 0.725994071875 0.9696657406250001 0.61384580625 0.8703870265625 0.6407534203125 0.8804369890625001 0.742404421875 0.9823919734375 0.725994071875
0 0.9931409890625 0.836923909375 0.9806323625 0.7310053875 0.8866382906249999 0.7554141125 0.8971171625000001 0.8569894874999999 0.9931409890625 0.836923909375