0 0.6953125 0.78125 0.0890625 0.17109375
0 0.70703125 0.6015625 0.11171875 0.17890625
0 0.6 0.60625 0.09453125 0.18203125
0 0.5921875 0.7796875 0.0875 0.15546875
0 0.49609375 0.7765625 0.09453125 0.16484375
0 0.49609375 0.60625 0.10625 0.20703125
0 0.50859375 0.40625 0.10234375 0.17890625
0 0.34140625 0.3984375 0.0828125 0.1703125
0 0.25546875 0.390625 0.08046875 0.1984375
0 0.3484375 0.5953125 0.08125 0.184375
0 0.26328125 0.59375 0.08046875 0.1703125
0 0.1859375 0.5890625 0.08671875 0.18515625
0 0.10234375 0.58828125 0.08203125 0.190625
0 0.346875 0.196875 0.07109375 0.1671875
0 0.26328125 0.19453125 0.078125 0.16796875
0 0.1282544015625 0.2935977796875 0.1377929578125 0.4932098734375 0.2184941890625 0.5033931125 0.2094701890625 0.2923636609375 0.1282544015625 0.2935977796875
0 0.6315147624999999 0.30347049375 0.624573240625 0.44415682656250005 0.6974592234375 0.44415682656250005 0.7078715078125 0.30717285 0.6315147624999999 0.30347049375