0 0.33359375 0.628125 0.175 0.2109375
0 0.38828125 0.81328125 0.1828125 0.2140625
0 0.41640625 0.41640625 0.178125 0.2015625
0 0.46796875 0.5890625 0.184375 0.2109375
0 0.52734375 0.76875 0.1875 0.2171875
0 0.5171875 0.21640625 0.1375 0.1125
0 0.54375 0.29921875 0.1359375 0.1015625
0 0.571875 0.37734375 0.1390625 0.10625
0 0.6046875 0.46015625 0.1515625 0.1203125
0 0.63828125 0.55078125 0.15 0.1171875
0 0.67578125 0.64921875 0.1546875 0.1203125
0 0.7078125 0.74140625 0.165625 0.1265625
0 0.64765625 0.19140625 0.1390625 0.103125
0 0.6765625 0.27109375 0.140625 0.1015625
0 0.7078125 0.35 0.1421875 0.1109375
0 0.74375 0.4296875 0.1484375 0.1109375
0 0.77578125 0.5171875 0.1421875 0.1125
0 0.81640625 0.60625 0.1546875 0.11875
0 0.84765625 0.7 0.14375 0.1109375