0 0.73125 0.309375 0.20390625 0.26171875
0 0.7328125 0.57421875 0.20390625 0.25
0 0.734375 0.82734375 0.209375 0.25234375
0 0.91796875 0.81796875 0.16328125 0.24296875
0 0.9171875 0.56953125 0.16484375 0.2546875
0 0.91953125 0.3046875 0.1609375 0.26171875
0 0.38125 0.26875 0.15703125 0.1015625
0 0.37578125 0.9234375 0.1640625 0.07890625
0 0.37734375 0.840625 0.16484375 0.07421875
0 0.378125 0.759375 0.1640625 0.08359375
0 0.38125 0.675 0.16796875 0.08125
0 0.3859375 0.596875 0.1640625 0.09296875
0 0.38359375 0.5140625 0.16640625 0.08359375
0 0.37578125 0.4328125 0.16015625 0.09296875
0 0.37578125 0.346875 0.1640625 0.09296875
0 0.2046875 0.934375 0.1796875 0.08125
0 0.2078125 0.853125 0.1796875 0.08125
0 0.21171875 0.7671875 0.18046875 0.08125
0 0.209375 0.68515625 0.17578125 0.08828125
0 0.209375 0.596875 0.1703125 0.08359375
0 0.209375 0.51171875 0.17578125 0.08828125
0 0.20390625 0.4296875 0.1765625 0.090625
0 0.2046875 0.34296875 0.17421875 0.096875
0 0.2015625 0.25078125 0.18046875 0.10859375
0 0.19765625 0.16171875 0.178125 0.1015625
0 0.2 0.07265625 0.1765625 0.10859375