0 0.84453125 0.396875 0.178125 0.196875
0 0.7609375 0.55859375 0.1765625 0.196875
0 0.68984375 0.7203125 0.1796875 0.2015625
0 0.61328125 0.88046875 0.178125 0.196875
0 0.44609375 0.84296875 0.1265625 0.1296875
0 0.60703125 0.27265625 0.1296875 0.1390625
0 0.5546875 0.3828125 0.1203125 0.121875
0 0.50234375 0.484375 0.128125 0.134375
0 0.453125 0.58984375 0.1234375 0.13125
0 0.4046875 0.69453125 0.13125 0.1390625
0 0.34921875 0.80234375 0.1328125 0.134375
0 0.56015625 0.1109375 0.1390625 0.15
0 0.5078125 0.228125 0.13125 0.1375
0 0.4546875 0.3375 0.13125 0.1328125
0 0.40703125 0.44453125 0.128125 0.134375
0 0.3578125 0.55546875 0.128125 0.134375
0 0.30546875 0.66171875 0.1328125 0.1390625
0 0.25703125 0.76875 0.125 0.128125
0 0.43481834375000006 0 0.394101034375 0.087082715625 0.47788072968749995 0.141474521875 0.5332014359375 0.03105150625 0.4815843453125 0 0.43481834375000006 0
0 0.4288512421875 0.2548312171875 0.48129473125000005 0.146472009375 0.38952453125000003 0.10027335 0.34284659687499996 0.20110461875 0.4288512421875 0.2548312171875
0 0.3802054765625 0.363258615625 0.42493810937500004 0.26322295625000003 0.33885562187499996 0.2120141734375 0.29028770000000004 0.317923753125 0.3802054765625 0.363258615625
0 0.3109375 0.40234375 0.1375 0.1375
0 0.26171875 0.51015625 0.134375 0.140625
0 0.21015625 0.61875 0.1359375 0.1359375
0 0.15859375 0.73125 0.1390625 0.14375
0 0.3640625 0.040625 0.14375 0.08125
0 0.31015625 0.12734375 0.140625 0.1421875
0 0.26171875 0.240625 0.146875 0.1546875
0 0.21015625 0.3578125 0.1421875 0.15
0 0.15546875 0.46953125 0.1359375 0.1359375
0 0.11015625 0.58203125 0.128125 0.13125
0 0.06328125 0.69296875 0.1265625 0.1453125
0 0.26640625 0.01484375 0.1359375 0.0296875
0 0.2125 0.0796875 0.1375 0.14375
0 0.159375 0.1953125 0.14375 0.15
0 0.1109375 0.3140625 0.14375 0.1546875
0 0.0640625 0.42890625 0.128125 0.1453125
0 0.0390625 0.5390625 0.078125 0.128125
0 0.0171875 0.64453125 0.034375 0.1453125