0 0.16640625 0.2484375 0.175 0.18359375
0 0.16953125 0.459375 0.1765625 0.18828125
0 0.178125 0.66015625 0.16796875 0.178125
0 0.18359375 0.85703125 0.16796875 0.18203125
0 0.35703125 0.253125 0.16640625 0.20234375
0 0.3546875 0.4609375 0.1671875 0.19140625
0 0.35859375 0.659375 0.16875 0.18203125
0 0.36015625 0.859375 0.1625 0.18359375
0 0.5375 0.253125 0.16015625 0.18359375
0 0.52265625 0.44921875 0.15390625 0.1921875
0 0.53046875 0.65078125 0.15859375 0.19140625
0 0.5296875 0.84609375 0.16328125 0.17578125