0 0.2546875 0.0640625 0.134375 0.0859375
0 0.40078125 0.184375 0.13125 0.0890625
0 0.41015625 0.265625 0.1296875 0.096875
0 0.4296875 0.34921875 0.14375 0.1078125
0 0.4359375 0.43828125 0.1421875 0.1046875
0 0.45 0.52421875 0.15 0.1015625
0 0.459375 0.61484375 0.146875 0.115625
0 0.603125 0.59453125 0.1484375 0.115625
0 0.47265625 0.7109375 0.159375 0.1171875
0 0.61796875 0.6921875 0.1484375 0.1140625
0 0.4859375 0.809375 0.165625 0.115625
0 0.6328125 0.7890625 0.15625 0.1234375
0 0.70625 0.22890625 0.1484375 0.109375
0 0.72265625 0.30625 0.146875 0.096875
0 0.73828125 0.3953125 0.15 0.1109375
0 0.7546875 0.478125 0.1515625 0.1140625
0 0.7734375 0.578125 0.1578125 0.1171875
0 0.78203125 0.671875 0.15625 0.1140625
0 0.79765625 0.7640625 0.1609375 0.1125
0 0.32734375 0.83828125 0.1609375 0.1171875
0 0.31171875 0.73671875 0.1515625 0.1109375
0 0.31328125 0.6484375 0.15625 0.11875
0 0.29609375 0.5453125 0.1421875 0.103125
0 0.29375 0.4625 0.15 0.1109375
0 0.278125 0.37265625 0.140625 0.103125
0 0.27578125 0.29375 0.140625 0.103125
0 0.265625 0.21015625 0.140625 0.1
0 0.2609375 0.1375 0.140625 0.1
0 0.1765625 0.86171875 0.1515625 0.1109375
0 0.17265625 0.75625 0.153125 0.115625
0 0.1671875 0.65703125 0.153125 0.11875
0 0.165625 0.565625 0.159375 0.1140625
0 0.93359375 0.73984375 0.1328125 0.1078125
0 0.81640625 0.14375 0.1296875 0.1015625
0 0.8328125 0.21796875 0.11875 0.0859375
0 0.8515625 0.296875 0.1296875 0.10625
0 0.921875 0.64375 0.15 0.1109375
0 0.90390625 0.55625 0.14375 0.1078125
0 0.88828125 0.465625 0.1421875 0.1109375
0 0.86875 0.37578125 0.1328125 0.1015625