0 0.9870879125 0.3017578125 0.98049450625 0.2265625 0.978571428125 0.21923828125 0.940934065625 0.2158203125 0.890659340625 0.21533203125 0.8640109890625001 0.21826171875 0.8549450546875 0.22021484375 0.853021978125 0.22265625 0.852472528125 0.23095703125 0.85576923125 0.27978515625 0.8587912093750001 0.30078125 0.9870879125 0.3017578125
0 0.8648351640625 0.38037109375 0.9939560437500001 0.38330078125 0.9978021984375 0.37646484375 0.9887362640624999 0.302734375 0.9854395609375001 0.29833984375 0.8678571421875001 0.29541015625 0.8612637359375 0.296875 0.8576923078125 0.30517578125 0.8571428578125 0.31689453125 0.8604395609375001 0.36181640625 0.8631868125000001 0.37841796875 0.8648351640625 0.38037109375
0 1 0.3984375 0.9980769234375 0.38671875 0.9956043953125 0.3837890625 0.940109890625 0.37939453125 0.8826923078125001 0.37890625 0.8697802203125 0.380859375 0.8640109890625001 0.3876953125 0.8706043953125 0.44873046875 0.877472528125 0.46875 1 0.4697265625 1 0.3984375
0 1 0.46728515625 0.934890109375 0.46435546875 0.8771978015625 0.46484375 0.88159340625 0.53466796875 0.8898351640625 0.5537109375 1 0.5556640625 1 0.46728515625
0 0.777747253125 0.845703125 0.9115384609375001 0.845703125 0.9162087906249999 0.84326171875 0.9085164828125001 0.751953125 0.9071428578124999 0.7451171875 0.9049450546875001 0.7421875 0.8947802203125 0.73876953125 0.77445055 0.74072265625 0.7637362640625 0.74609375 0.7642857140625 0.82958984375 0.7645604390625 0.83935546875 0.7664835171875 0.84375 0.777747253125 0.845703125
0 0.8678571421875001 0.744140625 0.9016483515625 0.74365234375 0.9052197796874999 0.74169921875 0.902747253125 0.69873046875 0.896978021875 0.64013671875 0.8255494499999999 0.63916015625 0.7574175828125 0.64306640625 0.7604395609375 0.71142578125 0.7629120875 0.7373046875 0.7648351640625 0.7412109375 0.8678571421875001 0.744140625
0 0.8881868125000001 0.640625 0.89368131875 0.63720703125 0.890659340625 0.57861328125 0.8879120875 0.54736328125 0.8857142859374999 0.54150390625 0.8101648359375 0.541015625 0.75 0.54638671875 0.7549450546875 0.638671875 0.75631868125 0.64111328125 0.8651098906250001 0.6416015625 0.8881868125000001 0.640625
0 0.7494505499999999 0.54443359375 0.8587912093750001 0.54345703125 0.8832417578125 0.5400390625 0.877747253125 0.46142578125 0.8760989015625 0.453125 0.87445055 0.451171875 0.7423076921875 0.453125 0.7425824171875 0.48876953125 0.746428571875 0.53759765625 0.747252746875 0.5419921875 0.7494505499999999 0.54443359375
0 0.7390109890625001 0.4521484375 0.7428571421875 0.4560546875 0.81950549375 0.455078125 0.8604395609375001 0.45263671875 0.8659340656250001 0.4501953125 0.859340659375 0.3759765625 0.85686813125 0.36962890625 0.7326923078124999 0.36962890625 0.73159340625 0.37060546875 0.7326923078124999 0.40185546875 0.7376373625 0.447265625 0.7390109890625001 0.4521484375
0 0.8442307687499999 0.36865234375 0.853571428125 0.3681640625 0.8576923078125 0.365234375 0.8516483515625 0.2998046875 0.850274725 0.28955078125 0.8483516484375 0.287109375 0.72554945 0.2861328125 0.7233516484375 0.2890625 0.7239010984375 0.32177734375 0.7299450546874999 0.36328125 0.734340659375 0.3671875 0.8442307687499999 0.36865234375
0 0.8428571421875001 0.2822265625 0.8543956046875 0.28076171875 0.85631868125 0.2783203125 0.850274725 0.21435546875 0.846428571875 0.20458984375 0.8060439562499999 0.19677734375 0.765659340625 0.19677734375 0.73131868125 0.2021484375 0.725274725 0.20458984375 0.7233516484375 0.21044921875 0.72554945 0.23681640625 0.7293956046875001 0.26513671875 0.7326923078124999 0.27978515625 0.8428571421875001 0.2822265625
0 0.59395604375 0.47412109375 0.5953296703125 0.4775390625 0.6043956046875001 0.47998046875 0.6832417578125 0.47998046875 0.727747253125 0.4765625 0.7206043953125 0.31494140625 0.7043956046875001 0.31103515625 0.5983516484375 0.29931640625 0.5923076921875 0.29931640625 0.5890109890625 0.3095703125 0.5881868124999999 0.330078125 0.5892857140625 0.3740234375 0.5920329671875 0.443359375 0.59395604375 0.47412109375
0 0.6079670328125 0.66552734375 0.7326923078124999 0.658203125 0.7335164828125 0.6455078125 0.7263736265625 0.4853515625 0.7195054937500001 0.48095703125 0.7085164828125 0.4794921875 0.64450549375 0.47900390625 0.597527471875 0.48095703125 0.590659340625 0.486328125 0.591208790625 0.5458984375 0.5942307687499999 0.658203125 0.5953296703125 0.66259765625 0.6079670328125 0.66552734375
0 0.74313186875 0.85546875 0.734615384375 0.66357421875 0.7335164828125 0.66064453125 0.7293956046875001 0.65771484375 0.7173076921875 0.65771484375 0.6293956046875 0.662109375 0.5986263734375 0.6669921875 0.5958791203125 0.669921875 0.5950549453125 0.673828125 0.6 0.853515625 0.6010989015625 0.8564453125 0.6483516484375 0.85791015625 0.74313186875 0.85546875
0 0.4708791203125 0.85595703125 0.6 0.8544921875 0.5945054937500001 0.66357421875 0.459890109375 0.662109375 0.45576923125 0.66357421875 0.4546703296875 0.666015625 0.45164835156249994 0.84716796875 0.45247252812500005 0.85205078125 0.4574175828125 0.85546875 0.4708791203125 0.85595703125
0 0.59313186875 0.65673828125 0.5923076921875 0.578125 0.5881868124999999 0.486328125 0.58076923125 0.4833984375 0.46236263749999995 0.47900390625 0.459065934375 0.47998046875 0.4574175828125 0.484375 0.4576923078125 0.6572265625 0.578021978125 0.66064453125 0.5909340656250001 0.6591796875 0.59313186875 0.65673828125
0 0.175434178125 0.1513671875 0.16833791250000002 0.25 0.284206459375 0.255859375 0.28805194375 0.1552734375 0.175434178125 0.1513671875
0 0.1748848234375 0.255859375 0.1666895609375 0.365234375 0.286953234375 0.3701171875 0.29354549375 0.2607421875 0.1748848234375 0.255859375
0 0.1666444984375 0.3662109375 0.1584478015625 0.48046875 0.28310775 0.4853515625 0.28805194375 0.3701171875 0.1666444984375 0.3662109375
0 0.14855769218749998 0.599609375 0.2754167796875 0.6044921875 0.28255839374999997 0.4853515625 0.15730546406249998 0.48046875 0.14855769218749998 0.599609375
0 0.14961449531249998 0.6015625 0.140315934375 0.7265625 0.2704725859375 0.7275390625 0.275966134375 0.60546875 0.14961449531249998 0.6015625
0 0.1380780421875 0.73095703125 0.1298763734375 0.857421875 0.260584196875 0.8583984375 0.26882452031250004 0.7333984375 0.1380780421875 0.73095703125