0 0.29453125 0.16640625 0.0859375 0.0953125
0 0.3046875 0.2546875 0.0890625 0.0921875
0 0.31328125 0.34375 0.0921875 0.09375
0 0.32265625 0.43046875 0.09375 0.0953125
0 0.33359375 0.52421875 0.09375 0.0984375
0 0.34375 0.628125 0.096875 0.1
0 0.353125 0.72734375 0.0984375 0.1109375
0 0.36640625 0.834375 0.096875 0.1078125
0 0.37890625 0.1734375 0.0875 0.090625
0 0.38984375 0.2546875 0.084375 0.0859375
0 0.40078125 0.3453125 0.0875 0.0890625
0 0.41328125 0.434375 0.090625 0.0859375
0 0.4234375 0.5234375 0.090625 0.09375
0 0.43515625 0.621875 0.0875 0.096875
0 0.44765625 0.71796875 0.09375 0.109375
0 0.459375 0.821875 0.0984375 0.1046875
0 0.45859375 0.1609375 0.0796875 0.0796875
0 0.46953125 0.240625 0.08125 0.0796875
0 0.4796875 0.3296875 0.08125 0.0875
0 0.49453125 0.415625 0.0875 0.0921875
0 0.5109375 0.5125 0.0875 0.09375
0 0.52109375 0.60703125 0.0953125 0.1015625
0 0.540625 0.7140625 0.0984375 0.11875
0 0.55546875 0.81328125 0.096875 0.0921875
0 0.58828125 0.12734375 0.0828125 0.0796875
0 0.5703125 0.21640625 0.084375 0.09375
0 0.58671875 0.31328125 0.084375 0.0984375
0 0.59765625 0.4015625 0.08125 0.0875
0 0.615625 0.4921875 0.0859375 0.096875
0 0.6296875 0.59296875 0.0890625 0.1046875
0 0.65 0.6953125 0.0859375 0.09375
0 0.66796875 0.79453125 0.0890625 0.09375
0 0.6484375 0.20625 0.078125 0.1015625
0 0.6703125 0.29921875 0.0828125 0.0890625
0 0.6859375 0.38515625 0.0828125 0.0859375
0 0.7046875 0.47421875 0.0859375 0.0921875
0 0.7265625 0.5765625 0.0953125 0.096875
0 0.7484375 0.67578125 0.090625 0.10625
0 0.7625 0.7828125 0.09375 0.1046875
0 0.73359375 0.19296875 0.090625 0.0984375
0 0.759375 0.284375 0.08125 0.09375
0 0.78046875 0.37890625 0.0796875 0.0875
0 0.79765625 0.4671875 0.084375 0.0875
0 0.8171875 0.5640625 0.0875 0.0890625
0 0.83515625 0.6625 0.0890625 0.0984375
0 0.859375 0.7703125 0.090625 0.1015625