0 0.3359375 0.45625 0.1921875 0.2078125
0 0.41875 0.62734375 0.1953125 0.2171875
0 0.50078125 0.79765625 0.1953125 0.2125
0 0.28828125 0.6875 0.1953125 0.2171875
0 0.3640625 0.86171875 0.196875 0.2203125
0 0.4109375 0.240625 0.1453125 0.1234375
0 0.44765625 0.32265625 0.153125 0.1296875
0 0.48828125 0.39609375 0.153125 0.1265625
0 0.53203125 0.4734375 0.159375 0.134375
0 0.57734375 0.55703125 0.165625 0.1453125
0 0.628125 0.65234375 0.1734375 0.1484375
0 0.67734375 0.74453125 0.1828125 0.1578125
0 0.5390625 0.19296875 0.1484375 0.1265625
0 0.5796875 0.27109375 0.1484375 0.1234375
0 0.62109375 0.34453125 0.1578125 0.1328125
0 0.66640625 0.421875 0.159375 0.1359375
0 0.7125 0.50546875 0.159375 0.1359375
0 0.7671875 0.5859375 0.1625 0.1390625
0 0.81015625 0.675 0.153125 0.1296875
0 0.90859375 0.52265625 0.0875 0.084375
0 0.93203125 0.56875 0.0796875 0.0625
0 0.96015625 0.6140625 0.0796875 0.06875
0 0.97734375 0.6578125 0.0453125 0.0625
0 0.9890625 0.7046875 0.021875 0.071875
0 0.9796875 0.52265625 0.040625 0.0765625