0 0.5078125 0.2640625 0.178125 0.225
0 0.4671875 0.44453125 0.16875 0.203125
0 0.434375 0.61796875 0.1703125 0.196875
0 0.40390625 0.803125 0.1671875 0.196875
0 0.21796875 0.8078125 0.128125 0.125
0 0.10234375 0.79921875 0.128125 0.13125
0 0.13046875 0.6734375 0.134375 0.153125
0 0.03125 0.78046875 0.0625 0.1359375
0 0.22734375 0.1875 0.13125 0.15625
0 0.20546875 0.31484375 0.1359375 0.146875
0 0.17890625 0.43515625 0.13125 0.14375
0 0.15390625 0.55234375 0.13125 0.1375
0 0.05390625 0.5375 0.1078125 0.153125
0 0.0359375 0.65546875 0.071875 0.1234375
0 0.0671875 0.40859375 0.1234375 0.1421875
0 0.0859375 0.2875 0.1296875 0.1515625
0 0.11015625 0.16015625 0.1265625 0.1609375
0 0.1328125 0.05546875 0.11875 0.1109375
0 0.995451040625 0.1905451828125 0.8931136234375 0.1637389609375 0.7710941671875 0.934714128125 0.8746258125 0.9477642203125001 0.995451040625 0.1905451828125
0 0.6620105078125 0.922942975 0.7621985718750001 0.9259105796875 0.8791551796875 0.14687687031250002 0.7862405156250001 0.128816090625 0.7816172390625 0.13027555625 0.6620105078125 0.922942975