0 0.90859375 0.45390625 0.18203125 0.1796875
0 0.9109375 0.64296875 0.178125 0.16875
0 0.909375 0.83125 0.18046875 0.16328125
0 0.7859375 0.75078125 0.0359375 0.33515625
0 0.675 0.7109375 0.16953125 0.41796875
0 0.53828125 0.87421875 0.096875 0.11015625
0 0.53671875 0.75625 0.09765625 0.11171875
0 0.5359375 0.634375 0.09609375 0.1140625
0 0.5359375 0.51015625 0.10078125 0.109375
0 0.5359375 0.3890625 0.09921875 0.11171875
0 0.534375 0.2640625 0.10234375 0.11875
0 0.428125 0.38984375 0.10546875 0.11484375
0 0.43046875 0.5140625 0.10390625 0.12109375
0 0.43125 0.640625 0.10234375 0.1140625
0 0.4328125 0.7625 0.10234375 0.11171875
0 0.43671875 0.88828125 0.1015625 0.1203125
0 0.25390625 0.896875 0.10546875 0.121875
0 0.25625 0.76796875 0.109375 0.1203125
0 0.259375 0.63828125 0.10546875 0.121875
0 0.25703125 0.50859375 0.1140625 0.11875
0 0.14296875 0.3796875 0.12109375 0.11328125
0 0.140625 0.51171875 0.11171875 0.13203125
0 0.14296875 0.64375 0.10859375 0.115625
0 0.1453125 0.77109375 0.11015625 0.11640625
0 0.1453125 0.90078125 0.10859375 0.1265625