0 0.77797578125 0.1549008 0.7682987953125 0.07521992968749999 0.6881789828125 0.0999547875 0.6920491875 0.1711388546875 0.77797578125 0.1549008
0 0.87734375 0.2 0.0875 0.0796875
0 0.89140625 0.28984375 0.075 0.0859375
0 0.90859375 0.3828125 0.078125 0.0890625
0 0.9234375 0.47734375 0.0796875 0.0890625
0 0.94140625 0.57578125 0.0796875 0.0953125
0 0.95546875 0.67265625 0.0828125 0.1015625
0 0.965625 0.7796875 0.06875 0.10625
0 0.88125 0.78828125 0.0953125 0.09375
0 0.8671875 0.6828125 0.1 0.096875
0 0.85078125 0.578125 0.0921875 0.0953125
0 0.83984375 0.4828125 0.0875 0.0890625
0 0.8234375 0.3859375 0.078125 0.0890625
0 0.80703125 0.296875 0.090625 0.0828125
0 0.79375 0.2078125 0.08125 0.084375
0 0.715625 0.2171875 0.08125 0.0796875
0 0.72578125 0.30703125 0.075 0.09375
0 0.73828125 0.396875 0.078125 0.096875
0 0.7515625 0.48984375 0.0796875 0.1015625
0 0.76328125 0.58828125 0.084375 0.1015625
0 0.77578125 0.68984375 0.0828125 0.10625
0 0.79140625 0.79140625 0.0859375 0.1015625
0 0.6703125 0.80625 0.096875 0.103125
0 0.66015625 0.7015625 0.09375 0.1
0 0.646875 0.59609375 0.0828125 0.0984375
0 0.63671875 0.49921875 0.08125 0.0921875
0 0.62578125 0.40859375 0.078125 0.0890625
0 0.6171875 0.3203125 0.075 0.08125
0 0.6109375 0.2328125 0.0734375 0.0875
0 0.60078125 0.15078125 0.0734375 0.078125
0 0.521875 0.15859375 0.084375 0.0671875
0 0.53046875 0.23984375 0.078125 0.0828125
0 0.53671875 0.32578125 0.0796875 0.0796875
0 0.54453125 0.41953125 0.0828125 0.09375
0 0.5515625 0.50859375 0.0828125 0.09375
0 0.56015625 0.60859375 0.0859375 0.1015625
0 0.5703125 0.70703125 0.0890625 0.096875
0 0.57890625 0.81015625 0.09375 0.1015625
0 0.48515625 0.8109375 0.0953125 0.1046875
0 0.47890625 0.7046875 0.09375 0.1078125
0 0.47265625 0.6015625 0.0890625 0.0953125
0 0.465625 0.503125 0.0890625 0.090625
0 0.45703125 0.41015625 0.0859375 0.090625
0 0.453125 0.3203125 0.0828125 0.0859375
0 0.44765625 0.2359375 0.0828125 0.0828125
0 0.4390625 0.14765625 0.08125 0.0765625
0 0.2875 0.2 0.0890625 0.0859375
0 0.29140625 0.29375 0.090625 0.090625
0 0.29453125 0.390625 0.090625 0.09375
0 0.2984375 0.4953125 0.09375 0.1046875
0 0.3015625 0.6 0.0984375 0.10625
0 0.30390625 0.71015625 0.1 0.1140625
0 0.30625 0.8234375 0.103125 0.1140625
0 0.2046875 0.8265625 0.109375 0.1109375
0 0.2078125 0.71484375 0.103125 0.1125
0 0.20390625 0.6046875 0.0953125 0.1015625
0 0.20390625 0.496875 0.1015625 0.0984375
0 0.20390625 0.3953125 0.0921875 0.0984375
0 0.2015625 0.29609375 0.09375 0.0875
0 0.19765625 0.20703125 0.0875 0.084375
0 0.19453125 0.1046875 0.0921875 0.084375
0 0.1109375 0.20859375 0.0890625 0.0921875
0 0.11171875 0.3015625 0.0921875 0.1
0 0.109375 0.4015625 0.096875 0.096875
0 0.11015625 0.50078125 0.096875 0.1046875
0 0.1078125 0.60859375 0.096875 0.103125
0 0.10625 0.71953125 0.096875 0.1109375
0 0.1046875 0.83203125 0.1015625 0.1140625