0 0.625 0.6546875 0.13125 0.1953125
0 0.5546875 0.62421875 0.134375 0.2015625
0 0.62421875 0.44609375 0.140625 0.203125
0 0.7015625 0.47578125 0.1296875 0.1953125
0 0.7546875 0.29296875 0.121875 0.1734375
0 0.82421875 0.31796875 0.125 0.16875
0 0.48203125 0.59765625 0.14375 0.203125
0 0.18359375 0.48671875 0.1734375 0.215625
0 0.33671875 0.49375 0.153125 0.1859375
0 0.3890625 0.33046875 0.1546875 0.196875
0 0.30390625 0.30390625 0.125 0.184375
0 0.08203125 0.43671875 0.1640625 0.2078125
0 0.2359375 0.2671875 0.11875 0.175
0 0.16875 0.25078125 0.121875 0.1828125
0 0.772291315625 0.6147669078125 0.6979410734375 0.591514003125 0.6297194375 0.755678325 0.69953350625 0.7771898562499999 0.772291315625 0.6147669078125
0 0.6982695999999999 0.5770993437499999 0.768845378125 0.612122165625 0.8510964624999999 0.4269054984375 0.774130903125 0.402901603125 0.6982695999999999 0.5770993437499999