0 0.9484375 0.24140625 0.0890625 0.121875
0 0.9515625 0.36640625 0.090625 0.115625
0 0.95625 0.48671875 0.0875 0.1140625
0 0.95859375 0.6046875 0.0828125 0.115625
0 0.95859375 0.72109375 0.0828125 0.1109375
0 0.9625 0.83359375 0.075 0.1140625
0 0.8765625 0.8484375 0.1046875 0.1171875
0 0.86953125 0.7265625 0.1046875 0.11875
0 0.86640625 0.609375 0.1078125 0.1171875
0 0.8609375 0.490625 0.10625 0.1140625
0 0.85703125 0.37109375 0.103125 0.1234375
0 0.70546875 0.48515625 0.1046875 0.11875
0 0.7078125 0.61484375 0.109375 0.125
0 0.7109375 0.73671875 0.10625 0.125
0 0.7125 0.85546875 0.0984375 0.11875
0 0.59921875 0.37109375 0.1046875 0.121875
0 0.6015625 0.49453125 0.103125 0.125
0 0.60234375 0.6171875 0.1078125 0.121875
0 0.6046875 0.7359375 0.109375 0.11875
0 0.60859375 0.85625 0.109375 0.1203125
0 0.425 0.4359375 0.1265625 0.2015625
0 0.4328125 0.6359375 0.125 0.1953125
0 0.4453125 0.828125 0.1421875 0.1828125
0 0.296875 0.7921875 0.1640625 0.271875
0 0.29375 0.56015625 0.1265625 0.190625
0 0.2890625 0.36015625 0.1265625 0.2015625
0 0.11875 0.7546875 0.20625 0.375