0 0.6328125 0.18828125 0.12734375 0.140625
0 0.63125 0.33671875 0.1265625 0.13203125
0 0.6296875 0.47890625 0.1234375 0.1328125
0 0.62734375 0.60703125 0.12109375 0.115625
0 0.6234375 0.740625 0.11953125 0.125
0 0.700106553125 0.264814828125 0.6993380859375 0.269135778125 0.6973299734375 0.40432102031249995 0.816724678125 0.40925927343749996 0.82366631875 0.264814828125 0.700106553125 0.264814828125
0 0.678587775 0.8055556265625 0.564746228125 0.8055556265625 0.5649630859375 0.8080246671875001 0.5633579390625 0.9166667374999999 0.6778935984375 0.91543213125 0.678587775 0.8055556265625
0 0.6962130859375 0.41172837187500005 0.6945533937499999 0.537654353125 0.8063123453125 0.5413580578125 0.8139480984375 0.411728428125 0.6962130859375 0.41172837187500005
0 0.6903884609375 0.547530859375 0.6890001078125 0.547530859375 0.6899630859375 0.5506172609375 0.687611753125 0.6672839828125 0.8042298796875 0.666049378125 0.809783165625 0.5487654640625 0.6903884609375 0.547530859375
0 0.6883059296875 0.6734567859375 0.687879753125 0.6765431859375 0.6848351734375 0.7870371078125 0.7917350796875 0.78950620625 0.7972883671875 0.6759259390625 0.6883059296875 0.6734567859375
0 0.6837130859375 0.8006172609375 0.680670240625 0.9092593296875 0.7834052140625001 0.9117284281250001 0.7889585 0.8018519218750001 0.6837130859375 0.8006172609375
0 0.3889214203125 0.17098763125 0.390513215625 0.2771604890625 0.5564163625 0.2771604890625 0.5564163625 0.166049378125 0.3889214203125 0.17098763125
0 0.5605812953125 0.27839509375 0.390513215625 0.283333346875 0.391004753125 0.287654296875 0.39467815 0.3870370515625 0.50851963125 0.3858025015625 0.5605812953125 0.3870370515625 0.5605812953125 0.27839509375
0 0.4796875 0.45234375 0.16328125 0.096875
0 0.48203125 0.56015625 0.15703125 0.096875
0 0.47890625 0.66328125 0.16015625 0.1
0 0.40135812812499994 0.7217078140625001 0.4029763671875 0.80915640625 0.5603183171875 0.8132716640625001 0.5603183171875 0.7217078140625001 0.40135812812499994 0.7217078140625001
0 0.4030942390625 0.8158436171875 0.404133328125 0.9017489984375 0.5585829296875 0.9007201609375001 0.55916135625 0.8153292453125 0.4030942390625 0.8158436171875
0 0.21819840468749999 0.2865226296875 0.22365289531250002 0.39351853124999997 0.3942994234375 0.38837448124999996 0.3908286453125 0.28137862812500003 0.21819840468749999 0.2865226296875
0 0.22080257187500002 0.40843621093750004 0.2259667109375 0.5056584328125 0.3942994234375 0.50051443125 0.3902502171875 0.40174899843749995 0.22080257187500002 0.40843621093750004
0 0.22861507187500002 0.5180041109375 0.23290826718750002 0.6095679125 0.39892716093749997 0.6064814937499999 0.39661329218749997 0.5087448515624999 0.22861507187500002 0.5180041109375
0 0.23579642031249998 0.6179012296875 0.23710486875 0.7092593296875 0.3974547921875 0.7055556265625 0.39467815 0.6191358359375 0.23579642031249998 0.6179012296875
0 0.23502240312499997 0.72407414375 0.237879753125 0.7216049328125 0.244740559375 0.8030864140625 0.40161972500000004 0.8030864140625 0.3974547921875 0.7166667375 0.237793025 0.7178906328125 0.2377989828125 0.7179012296875 0.23502240312499997 0.72407414375
0 0.24412975312500002 0.8179012296874999 0.25029378125 0.9030864140625001 0.4023138390625 0.8944445140624999 0.4009255484375 0.810493821875 0.24412975312500002 0.8179012296874999
0 0.051071171875 0.5314814953125 0.0493380859375 0.53271604375 0.055236104687499996 0.6216049328125 0.2162802046875 0.6216049328125 0.21003280468750002 0.5228395390625 0.051071171875 0.5314814953125
0 0.0600951828125 0.638888903125 0.0607964203125 0.64382715625 0.064260115625 0.7253086375 0.22599835937499999 0.7277778484375 0.21836267031249998 0.6364197484375 0.0600951828125 0.638888903125
0 0.07050751562499999 0.729012340625 0.0712130859375 0.734567896875 0.07467244843750001 0.8216049328125001 0.23502240312499997 0.8216049328125001 0.2280808265625 0.729012340625 0.07050751562499999 0.729012340625
0 0.07883738125 0.8290123406250001 0.0774630859375 0.8308641921875 0.083696459375 0.9179012296875 0.23710486875 0.9191358359375 0.23224575937499997 0.8302469468749999 0.07883738125 0.8290123406250001
0 0.040563478125 0.41872427187500005 0.0479583390625 0.5195473796875001 0.21455566093749998 0.517489703125 0.2099279234375 0.4125514328125 0.040563478125 0.41872427187500005
0 0.8288832890625001 0.54012348125 0.8235495890625 0.5390946421875 0.8022739234375 0.7355967625 0.8809449515625 0.7417696015625 0.8982988390625 0.5504115781250001 0.8288832890625001 0.54012348125