0 0.615625 0.10078125 0.0953125 0.078125
0 0.64140625 0.14609375 0.0984375 0.0828125
0 0.72109375 0.10234375 0.090625 0.0734375
0 0.7875 0.215625 0.1796875 0.228125
0 0.8796875 0.4078125 0.1671875 0.2140625
0 0.9390625 0.58125 0.121875 0.196875
0 0.7 0.26796875 0.175 0.2234375
0 0.7875 0.45234375 0.16875 0.2125
0 0.875 0.6234375 0.1625 0.196875
0 0.74453125 0.57734375 0.0921875 0.078125
0 0.7921875 0.68125 0.1578125 0.18125
0 0.69296875 0.740625 0.1609375 0.1875
0 0.61328125 0.5828125 0.16875 0.1984375
0 0.5296875 0.41875 0.175 0.2140625
0 0.440625 0.23671875 0.1859375 0.2234375
0 0.5640625 0.64375 0.090625 0.1359375
0 0.62734375 0.77109375 0.0890625 0.134375
0 0.6015625 0.78671875 0.084375 0.1296875
0 0.5328125 0.66015625 0.090625 0.1359375
0 0.2078125 0.24140625 0.10625 0.0953125
0 0.2640625 0.3546875 0.178125 0.20625
0 0.35078125 0.51875 0.1796875 0.2140625
0 0.43671875 0.67734375 0.1625 0.1875
0 0.5171875 0.8234375 0.1625 0.1875
0 0.13671875 0.69375 0.259375 0.3484375
0 0.02578125 0.50859375 0.0515625 0.0734375
0 0.03125 0.5265625 0.0625 0.065625
0 0.03828125 0.5484375 0.0765625 0.071875