0 0.559375 0.32890625 0.25 0.253125
0 0.546875 0.5671875 0.24375 0.234375
0 0.52734375 0.78828125 0.234375 0.221875
0 0.74296875 0.59453125 0.15 0.2359375
0 0.71875 0.8203125 0.15625 0.2125
0 0.73984375 0.3265625 0.1140625 0.2125
0 0.29765625 0.3046875 0.1421875 0.140625
0 0.29453125 0.44765625 0.1296875 0.1375
0 0.2921875 0.5609375 0.1375 0.0765625
0 0.22578125 0.7796875 0.2328125 0.2265625
0 0.18984375 0.5296875 0.0703125 0.0828125
0 0.89140625 0.7390625 0.1265625 0.1265625
0 0.87421875 0.86640625 0.134375 0.121875
0 0.9359294046875 0.92988540625 0.9780857640624999 0.9312414999999999 0.984380559375 0.8111296390625 0.9516714640625 0.8120292453125 0.9359294046875 0.92988540625
0 0.95344046875 0.8047043828125 0.9844580984375 0.809650121875 0.9911316937500001 0.6823103374999999 0.9710840015625 0.6804574984375 0.95344046875 0.8047043828125
0 0.9693429859375 0.6803662562499999 0.9913812 0.6775494546874999 0.99828191875 0.5458759046874999 0.9841700078125 0.5466997984375 0.9693429859375 0.6803662562499999
0 0.8040845515624999 0.25168535937500003 0.7945453453125 0.35410425624999997 0.8855504312500001 0.35887363125 0.892132834375 0.256299775 0.8040845515624999 0.25168535937500003
0 1 0.25745784375 0.9006001250000001 0.2539619375 0.8931215921875 0.3537072375 1 0.3583838640625 1 0.25745784375
0 0.984093371875 0.45861210156250004 0.9963166203125 0.364678640625 0.8924077265625 0.35737861406250004 0.8783820953125 0.4558535984375 0.984093371875 0.45861210156250004
0 0.788950121875 0.44096750625 0.797063728125 0.45530066874999997 0.8713664 0.47032106875 0.8826595296875 0.364285303125 0.7932629921875 0.35867303437500003 0.788950121875 0.44096750625