0 0.6875 0.39765625 0.090625 0.0953125
0 0.59609375 0.38828125 0.0921875 0.1
0 0.5921875 0.48984375 0.09375 0.103125
0 0.5796875 0.7015625 0.1 0.1109375
0 0.6015625 0.29140625 0.0859375 0.09375
0 0.58515625 0.5953125 0.0953125 0.103125
0 0.57421875 0.8125 0.103125 0.1125
0 0.68671875 0.30078125 0.090625 0.090625
0 0.77265625 0.40703125 0.0890625 0.0953125
0 0.67421875 0.7109375 0.1 0.1078125
0 0.678125 0.60390625 0.096875 0.1015625
0 0.89609375 0.18359375 0.078125 0.0859375
0 0.69140625 0.209375 0.0890625 0.0953125
0 0.6953125 0.109375 0.0875 0.09375
0 0.77265625 0.6140625 0.090625 0.1015625
0 0.68046875 0.4984375 0.0890625 0.0984375
0 0.77421875 0.3109375 0.084375 0.0921875
0 0.60703125 0.2 0.0875 0.0921875
0 0.76640625 0.7203125 0.0921875 0.10625
0 0.771875 0.50625 0.08125 0.0984375
0 0.896875 0.3578125 0.078125 0.0828125
0 0.896875 0.27109375 0.078125 0.0828125
0 0.6734375 0.82109375 0.103125 0.1109375
0 0.90703125 0.44453125 0.078125 0.0890625
0 0.91171875 0.84296875 0.0875 0.1078125
0 0.7640625 0.83046875 0.09375 0.1109375
0 0.7734375 0.21875 0.0796875 0.0890625
0 0.96953125 0.2875 0.0609375 0.0875
0 0.96953125 0.37734375 0.0609375 0.0859375
0 0.90859375 0.5375 0.0796875 0.090625
0 0.97109375 0.4640625 0.0578125 0.0875
0 0.91015625 0.7359375 0.0796875 0.1
0 0.91484375 0.63359375 0.0734375 0.0953125
0 0.96953125 0.2078125 0.0609375 0.075
0 0.9734375 0.5546875 0.053125 0.09375
0 0.9734375 0.64921875 0.0375 0.084375
0 0.96875 0.74765625 0.0296875 0.0890625
0 0.9640625 0.846875 0.0234375 0.1