0 0.7466624671875 0.52391979375 0.747870525 0.5270061671875 0.7423239421875001 0.6242283890625 0.8959058484375 0.6211420171875 0.90284745625 0.52546298125 0.7466624671875 0.52391979375
0 0.7374538578125 0.6311728328124999 0.7327793296875 0.7353395 0.8880965984375001 0.7307098703125 0.8959058484375 0.63503090625 0.7374538578125 0.6311728328124999
0 0.7335476078125 0.7399691296875 0.7310439671875 0.8263889765625001 0.876816625 0.8279320921875 0.8837582328125 0.7384260140625 0.7335476078125 0.7399691296875
0 0.727037190625 0.8395061671875 0.7275731640624999 0.9205246859375 0.8698750171875 0.9143519390625 0.8759489828125 0.8356482359375 0.727037190625 0.8395061671875
0 0.32109375 0.4921875 0.084375 0.2203125
0 0.33125 0.6875 0.08671875 0.15078125
0 0.334375 0.8328125 0.084375 0.1328125
0 0.200995525 0.601080240625 0.2078242515625 0.74305564375 0.285049025 0.7399691296875 0.27897513749999997 0.5949074249999999 0.200995525 0.601080240625
0 0.2078242515625 0.750771646875 0.208808025 0.75385801875 0.21563349999999998 0.8804012765625 0.2893874703125 0.8834876484375 0.285916746875 0.7476852734375 0.2078242515625 0.750771646875
0 0.1436148140625 0.6628086828125 0.1358055640625 0.5347222390625 0.016099690625 0.54089505625 0.0151960578125 0.5378086828125 0.017799140625 0.6674383125000001 0.1436148140625 0.6628086828125
0 0.023912190625 0.6728395 0.0273437921875 0.79398156875 0.1514240625 0.7862654265625 0.146217896875 0.6628086828125 0.023912190625 0.6728395
0 0.031724690625 0.7978395 0.036020721875 0.908179053125 0.14882097968750002 0.90509268125 0.1453502546875 0.7893519390625 0.031724690625 0.7978395
0 0.005651406249999999 0.4035494234375 0.0082544890625 0.406635796875 0.0143283765625 0.5316357968750001 0.13320248125 0.5316357968750001 0.1262609515625 0.39891979375000003 0.005651406249999999 0.4035494234375