0 0.7328125 0.66484375 0.078125 0.0609375
0 0.71640625 0.71875 0.078125 0.065625
0 0.703125 0.77109375 0.075 0.0625
0 0.8046875 0.67734375 0.078125 0.0625
0 0.7890625 0.73515625 0.0765625 0.059375
0 0.7734375 0.7859375 0.0765625 0.0609375
0 0.748389940625 0.3804364 0.7676438421875 0.2937279359375 0.689856975 0.275702709375 0.6725557515625 0.360796709375 0.748389940625 0.3804364
0 0.73006641875 0.474360471875 0.7486503765625 0.39145145000000003 0.67317549375 0.370308084375 0.6545508124999999 0.4579110125 0.73006641875 0.474360471875
0 0.7096647390624999 0.5600830390625 0.7280313359374999 0.48340372968749995 0.6543313734375 0.462181603125 0.6369553390625 0.5402108359375 0.7096647390624999 0.5600830390625
0 0.6884591296875 0.6503649015625 0.706481871875 0.5681404156250001 0.635047084375 0.5528022453125 0.613370753125 0.6339907734375 0.6884591296875 0.6503649015625
0 0.6677641999999999 0.7352522984375 0.6854936296874999 0.6521925265624999 0.6121168703125 0.6416047484375 0.5931283625 0.72130845625 0.6677641999999999 0.7352522984375
0 0.6475293171875001 0.8100351140625 0.663248959375 0.7383736578125 0.592153225 0.7285798171875 0.5773253421875 0.798439790625 0.6475293171875001 0.8100351140625
0 0.6678914812500001 0.389747596875 0.6846905296875 0.299472234375 0.6035308406250001 0.2816358046875 0.5870642046875 0.3684439921875 0.6678914812500001 0.389747596875
0 0.6487134609375 0.483520996875 0.66620775 0.3918012328125 0.58428475625 0.3757889703125 0.5658004890624999 0.46655067656250004 0.6487134609375 0.483520996875
0 0.9066160625 0.884708925 0.9490122078125 0.7292147812499999 0.8805863625000001 0.712448409375 0.8375092234375 0.8693894671875 0.9066160625 0.884708925
0 0.44234597343750004 0.22422478125 0.2919517796875 0.197706228125 0.2930079203125 0.19945944531249998 0.24529395312500002 0.512284590625 0.39056099375 0.5378990906250001 0.44234597343750004 0.22422478125
0 0.3607801765625 0.6768133859375001 0.38499920312499997 0.549454478125 0.24666590937500002 0.5297636359375 0.2285987890625 0.6519392500000001 0.3607801765625 0.6768133859375001
0 0.3563914140625 0.6917097421875 0.22618700937499997 0.6656171359374999 0.22599304843749998 0.6695004515625 0.207095084375 0.7938801609375 0.33719831718750004 0.8105527578125 0.3563914140625 0.6917097421875
0 0.09048868437499999 0.6439750140625 0.074584671875 0.7681644765625 0.20644755468749998 0.7898483953125 0.22441691874999997 0.6629544968750001 0.09048868437499999 0.6439750140625