0 0.06328125 0.43046875 0.1265625 0.1484375
0 0.1078125 0.54609375 0.1375 0.140625
0 0.15234375 0.6515625 0.128125 0.1359375
0 0.19609375 0.76015625 0.1296875 0.140625
0 0.24453125 0.86328125 0.1265625 0.13125
0 0.2859375 0.94765625 0.11875 0.1046875
0 0.15703125 0.3890625 0.140625 0.15
0 0.20546875 0.50390625 0.1359375 0.14375
0 0.25546875 0.61171875 0.134375 0.1390625
0 0.29453125 0.72265625 0.1390625 0.1359375
0 0.33984375 0.825 0.134375 0.134375
0 0.38046875 0.92265625 0.1328125 0.125
0 0.4828125 0.8859375 0.1328125 0.13125
0 0.440625 0.7859375 0.13125 0.1328125
0 0.39921875 0.68203125 0.1375 0.1375
0 0.35625 0.57421875 0.1375 0.1421875
0 0.309375 0.46796875 0.1359375 0.1421875
0 0.26328125 0.3484375 0.1453125 0.1546875
0 0.57265625 0.3421875 0.134375 0.14375
0 0.61484375 0.4515625 0.1296875 0.1328125
0 0.65234375 0.55546875 0.128125 0.13125
0 0.68984375 0.6546875 0.125 0.121875
0 0.72265625 0.75078125 0.11875 0.1203125
0 0.67109375 0.30390625 0.13125 0.1375
0 0.71171875 0.41640625 0.13125 0.134375
0 0.7484375 0.5203125 0.121875 0.125
0 0.78515625 0.62109375 0.1234375 0.1234375
0 0.81796875 0.71875 0.1203125 0.1171875
0 0.76484375 0.275 0.11875 0.125
0 0.80625 0.37890625 0.128125 0.13125
0 0.840625 0.484375 0.13125 0.1328125
0 0.87578125 0.58828125 0.1203125 0.1234375
0 0.9078125 0.68515625 0.11875 0.1171875
0 0.62578125 0.203125 0.0890625 0.05625
0 0.6375 0.2359375 0.0859375 0.0515625
0 0.52265625 0.171875 0.0953125 0.059375
0 0.534375 0.20546875 0.090625 0.0546875
0 0.54453125 0.234375 0.0921875 0.0578125
0 0.5546875 0.26640625 0.09375 0.0578125
0 0.8390625 0.1109375 0.128125 0.1359375
0 0.875 0.2265625 0.128125 0.1265625
0 0.9109375 0.3296875 0.128125 0.1328125
0 0.94375 0.4375 0.1125 0.121875
0 0.959375 0.540625 0.08125 0.128125
0 0.97890625 0.6421875 0.0421875 0.115625
0 0.2438460859375 1 0.18850721718750002 0.8725210953125 0.12973491875 0.8968685125 0.17593967500000002 1 0.2438460859375 1
0 0.05165530625 0.7300852796874999 0.0576149609375 0.7464592953125 0.1240927546875 0.8920246421875 0.184678203125 0.8650465953124999 0.1109562421875 0.7036773843749999 0.05165530625 0.7300852796874999
0 0 0.5881634921875001 0.0497645015625 0.7248903328125 0.101245996875 0.7012995265625 0.0290815703125 0.5304952703125 0 0.5421192593749999 0 0.5881634921875001