0 0.7109375 0.7484375 0.125 0.18671875
0 0.8515625 0.76875 0.12421875 0.1953125
0 0.86875 0.56328125 0.13203125 0.20546875
0 0.88046875 0.3375 0.15078125 0.2328125
0 0.58046875 0.74609375 0.125 0.1859375
0 0.58828125 0.53828125 0.13359375 0.19453125
0 0.396875 0.7671875 0.06484375 0.10625
0 0.39609375 0.64375 0.0625 0.109375
0 0.39453125 0.5109375 0.06796875 0.125
0 0.390625 0.37265625 0.0703125 0.14765625
0 0.31015625 0.7296875 0.0859375 0.20859375
0 0.21875 0.73046875 0.0890625 0.196875
0 0.30546875 0.50625 0.0984375 0.21484375
0 0.2046875 0.509375 0.0984375 0.23359375
0 0.2953125 0.265625 0.1015625 0.2453125
0 0.1921875 0.259375 0.08828125 0.2359375
0 0.036626221875 0.8316612515624999 0.12339525 0.8427679906250001 0.111594684375 0.624334015625 0.022743178125 0.6169294921875 0.036626221875 0.8316612515624999
0 0 0.43807841875 0.019272417187499998 0.62309994375 0.1199244890625 0.6169294921875 0.1018765953125 0.38862275468749996 0 0.3897988421875 0 0.43807841875