0 0.5814940953125001 0.3473852171875 0.5003719890625 0.3636081046875 0.500241803125 0.36915053750000004 0.527749653125 0.48707886250000004 0.5352390781249999 0.5134127953125 0.6031486546875 0.502244759375 0.6197450671875 0.49841317500000004 0.620376446875 0.49626290937500006 0.59148216875 0.3796569171875 0.58333370625 0.350468384375 0.5814940953125001 0.3473852171875
0 0.53398363125 0.5287363890625 0.5634482421875 0.6612467125 0.567985834375 0.677237378125 0.6296288359375 0.6670149703125 0.6539880874999999 0.66139119375 0.655154834375 0.6591173296874999 0.6174595796875 0.5019475718749999 0.534745196875 0.5210436921875 0.5332009265625001 0.522903590625 0.53398363125 0.5287363890625
0 0.6137604078125001 0.8510835046875 0.6719096875 0.8391620609375 0.696536625 0.833476484375 0.699577159375 0.830770021875 0.6587722234375 0.663794565625 0.5773344296875 0.6810925859375 0.5722142546875 0.685782546875 0.6106442109375 0.8497984359374999 0.6137604078125001 0.8510835046875
0 0.881822015625 0.78969773125 0.8592024125 0.70271286875 0.8382718859375 0.630371803125 0.8348123421875 0.6251570015625 0.695431115625 0.6528255671875 0.6630413421875 0.6603033359375 0.659733121875 0.6630715984375 0.67171944375 0.7174325953125 0.7003322062499999 0.8315979562500001 0.726579075 0.8280440140625001 0.79789288125 0.81208105 0.876592003125 0.793911925 0.881822015625 0.78969773125
0 0.6587925718750001 0.6577763671875 0.6624441390625 0.6589378359375 0.8245785109374999 0.6260162921875 0.83062540625 0.62411913125 0.8316823140625 0.6213695 0.8286409875 0.60453226875 0.8107924828125 0.5369920375 0.7927381296875 0.47100270625 0.7900816359375 0.46560250625000005 0.781879440625 0.46549163125000004 0.6313653218749999 0.496231553125 0.6214610109375001 0.49851814375 0.6195530453125 0.5024665078125 0.6511729609375 0.636984865625 0.655490871875 0.6520239984375 0.6587925718750001 0.6577763671875
0 0.7333424859375001 0.38348801093749996 0.7288528999999999 0.3664840109375 0.7262102375 0.36358624375000004 0.7175686828125001 0.3615723015625 0.6947056968750001 0.3663495140625 0.6326029890625 0.380687053125 0.5964794671875 0.3915324515625 0.6208361515624999 0.492147778125 0.6231631265625001 0.49612067968750007 0.7450350484375 0.4719933296875 0.75016905 0.46980580156249996 0.752173025 0.463830771875 0.7333424859375001 0.38348801093749996
0 0.531348678125 0.886145753125 0.5692841546875 0.8733786578125 0.5423043625 0.7443036703125 0.5352884703125 0.7163570375 0.5313757390625 0.7067367375 0.4442824015625 0.72884831875 0.452829525 0.7719763140625 0.47992567656249996 0.8930064390625001 0.531348678125 0.886145753125
0 0.3558368140625 0.7487664671875 0.35561061718750003 0.7563355640625 0.36978720625 0.8287325234375 0.377942978125 0.8689441203125 0.39010749218749996 0.9167493515625 0.47800388125 0.8944523703125 0.47863526093750003 0.8923021046875 0.4672323125 0.8368041765625 0.44343134375000004 0.7300470515625 0.4418114109375 0.7279154171875 0.3558368140625 0.7487664671875
0 0.354230709375 0.749137265625 0.2701779078125 0.7685423828125 0.26952617968750003 0.776710846875 0.2802497453125 0.8353723734375 0.3001518109375 0.9350116312500001 0.39091054375 0.9165639515624999 0.356681353125 0.7560883656249999 0.354230709375 0.749137265625
0 0.3122311765625 0.7443009953125 0.317035659375 0.7406861671875 0.3192454859375 0.7331602375 0.318167440625 0.7223843734375001 0.296391584375 0.6231777140625 0.28069423437499996 0.6247972328125 0.22833799375 0.6373857484375 0.2279677796875 0.6479948453125 0.234414128125 0.6795808421875 0.24205487812499998 0.713897840625 0.2513351203125 0.724784578125 0.2778642921875 0.7432149640625 0.288551309375 0.746761171875 0.3122311765625 0.7443009953125
0 0.079737375 0.80098316875 0.0926585171875 0.888703721875 0.1016726546875 0.9387396499999999 0.107665815625 0.9659201484375 0.10961526875000001 0.96947908125 0.11299915 0.9707023515625 0.2746803375 0.9333753078125 0.27632061874999997 0.92948874375 0.225831840625 0.7852951046875 0.20956415625 0.7710102937500001 0.079737375 0.80098316875