0 0.57265625 0.3078125 0.20078125 0.228125
0 0.5703125 0.56875 0.20390625 0.23671875
0 0.57421875 0.83203125 0.20078125 0.2296875
0 0.78046875 0.30546875 0.18984375 0.2515625
0 0.778125 0.5625 0.19375 0.24296875
0 0.78125 0.83203125 0.1921875 0.2296875
0 0.209375 0.2625 0.16796875 0.078125
0 0.2078125 0.34921875 0.16875 0.084375
0 0.20625 0.43671875 0.1625 0.06953125
0 0.21640625 0.51875 0.16875 0.07578125
0 0.21796875 0.60078125 0.1671875 0.078125
0 0.2140625 0.68515625 0.16640625 0.0703125
0 0.21328125 0.76875 0.165625 0.07265625
0 0.2109375 0.8515625 0.16796875 0.0609375
0 0.20625 0.93515625 0.16640625 0.06328125