0 0.5328125 0.46796875 0.1140625 0.11875
0 0.353125 0.5265625 0.11875 0.1203125
0 0.50078125 0.37265625 0.109375 0.1125
0 0.5703125 0.5671875 0.11875 0.1234375
0 0.38515625 0.6265625 0.121875 0.1265625
0 0.46875 0.28046875 0.10625 0.109375
0 0.4796875 0.59453125 0.11875 0.1265625
0 0.646875 0.7796875 0.1234375 0.13125
0 0.325 0.428125 0.1125 0.1140625
0 0.29453125 0.3359375 0.1078125 0.109375
0 0.60703125 0.67265625 0.121875 0.1296875
0 0.4109375 0.3984375 0.109375 0.1125
0 0.35 0.21953125 0.103125 0.1046875
0 0.45546875 0.84609375 0.1296875 0.134375
0 0.4421875 0.49375 0.1140625 0.11875
0 0.38359375 0.30625 0.1078125 0.1109375
0 0.43515625 0.19140625 0.103125 0.1046875
0 0.26640625 0.24609375 0.1046875 0.10625
0 0.55234375 0.81640625 0.1203125 0.128125
0 0.4203125 0.7359375 0.128125 0.128125
0 0.51328125 0.703125 0.121875 0.13125