0 0.94375 0.8484375 0.1125 0.175
0 0.94375 0.6609375 0.1125 0.18125
0 0.94453125 0.47265625 0.1109375 0.175
0 0.9453125 0.284375 0.109375 0.17890625
0 0.81796875 0.28359375 0.13359375 0.18359375
0 0.82109375 0.47421875 0.13671875 0.17890625
0 0.81875 0.665625 0.1328125 0.18203125
0 0.8203125 0.85078125 0.1359375 0.175
0 0.68203125 0.85078125 0.1375 0.1765625
0 0.68125 0.66796875 0.13203125 0.17890625
0 0.6828125 0.47890625 0.1375 0.1703125
0 0.6828125 0.29140625 0.1359375 0.1859375
0 0.5421875 0.2828125 0.13671875 0.19140625
0 0.54140625 0.47578125 0.14140625 0.18125
0 0.54453125 0.665625 0.13515625 0.18515625
0 0.54296875 0.8546875 0.13671875 0.18125
0 0.4015625 0.859375 0.14453125 0.175
0 0.403125 0.66953125 0.1453125 0.18671875
0 0.40234375 0.47734375 0.146875 0.18828125
0 0.39921875 0.28046875 0.14140625 0.19375
0 0.46875 0.14453125 0.19921875 0.0734375
0 0.25390625 0.66875 0.14921875 0.19140625
0 0.2546875 0.86953125 0.15234375 0.18515625