0 0.85625 0.28203125 0.12890625 0.1859375
0 0.86015625 0.47578125 0.134375 0.1765625
0 0.85859375 0.6640625 0.12734375 0.184375
0 0.85546875 0.8515625 0.12578125 0.16796875
0 0.71953125 0.859375 0.13515625 0.1859375
0 0.72109375 0.6640625 0.13671875 0.1859375
0 0.54375 0.4671875 0.203125 0.19375
0 0.546875 0.66796875 0.20703125 0.1859375
0 0.54609375 0.8640625 0.20390625 0.19140625
0 0.41796875 0.7796875 0.040625 0.35390625
0 0.296875 0.74140625 0.18203125 0.440625
0 0.140625 0.9140625 0.11015625 0.1140625
0 0.13984375 0.78828125 0.1109375 0.11875
0 0.134375 0.6625 0.10859375 0.125
0 0.13359375 0.5296875 0.11015625 0.11875
0 0.13203125 0.3984375 0.11015625 0.1265625
0 0.13046875 0.26484375 0.1109375 0.121875