0 0.76484375 0.38203125 0.19375 0.178125
0 0.79375 0.53046875 0.1984375 0.1734375
0 0.80625 0.66953125 0.175 0.159375
0 0.83125 0.8046875 0.1875 0.159375
0 0.68046875 0.83984375 0.1609375 0.153125
0 0.65234375 0.70390625 0.16875 0.1625
0 0.6203125 0.56484375 0.1703125 0.165625
0 0.53671875 0.25078125 0.1296875 0.1359375
0 0.5625 0.36640625 0.13125 0.128125
0 0.4265625 0.28515625 0.1296875 0.13125
0 0.453125 0.396875 0.128125 0.125
0 0.47734375 0.5 0.121875 0.115625
0 0.50859375 0.7359375 0.16875 0.1640625
0 0.54375 0.8671875 0.1578125 0.1453125
0 0.69140625 0.2265625 0.1609375 0.1515625
0 0.2578125 0.34609375 0.184375 0.2453125
0 0.290625 0.6328125 0.1953125 0.271875
0 0.35625 0.87109375 0.196875 0.2578125
0 0.0890625 0.40546875 0.178125 0.2890625
0 0.1203125 0.65234375 0.2390625 0.275
0 0.171875 0.8765625 0.234375 0.246875