0 0.53515625 0.25 0.1296875 0.0765625
0 0.5359375 0.33203125 0.13046875 0.075
0 0.53359375 0.421875 0.13515625 0.0875
0 0.53359375 0.5140625 0.13671875 0.08203125
0 0.53203125 0.60703125 0.1421875 0.0875
0 0.5265625 0.7046875 0.1453125 0.0921875
0 0.52734375 0.803125 0.14375 0.09375
0 0.3640625 0.6015625 0.13984375 0.0859375
0 0.3609375 0.69765625 0.1390625 0.07890625
0 0.36015625 0.8 0.13828125 0.08515625
0 0.6640625 0.1765625 0.12421875 0.0765625
0 0.66640625 0.259375 0.1234375 0.06640625
0 0.6703125 0.3390625 0.11953125 0.0703125
0 0.6734375 0.428125 0.12578125 0.08671875
0 0.67265625 0.52265625 0.13046875 0.075
0 0.6796875 0.60625 0.13359375 0.0765625
0 0.6765625 0.70703125 0.13828125 0.0828125
0 0.67734375 0.80703125 0.14453125 0.0921875
0 0.20234375 0.09296875 0.00546875 0.0171875
0 0.24140625 0.17109375 0.125 0.07734375
0 0.2375 0.25078125 0.13046875 0.07421875
0 0.2375 0.33984375 0.12265625 0.071875
0 0.228125 0.41796875 0.13046875 0.071875
0 0.22265625 0.5109375 0.128125 0.08515625
0 0.21796875 0.60234375 0.1328125 0.07421875
0 0.21484375 0.7 0.134375 0.078125
0 0.21171875 0.80078125 0.1375 0.075