0 0.19921875 0.484375 0.20859375 0.425
0 0.479788628125 0.19537037031249999 0.3048828125 0.190740740625 0.3214828421875 0.7546296296875 0.481090484375 0.7550925921875 0.479788628125 0.19537037031249999
0 1 0.54629146875 0.8986328125 0.5453703703125 0.886488690625 0.8583333328125 0.98542980625 0.865740740625 1 0.5575358890625 1 0.54629146875
0 0.5647786453125 0.30648148124999997 0.5646696906249999 0.8416666671874999 0.6932931421874999 0.8444444437499999 0.7073531953125001 0.3111111109375 0.5647786453125 0.30648148124999997
0 0.6171875 0.2546875 0.134375 0.08515625
0 0.72734375 0.2703125 0.0390625 0.10546875
0 0.77578125 0.2734375 0.04375 0.096875
0 0.759375 0.39140625 0.10390625 0.10625
0 0.7546875 0.5046875 0.096875 0.1015625
0 0.7515625 0.6140625 0.1 0.09609375
0 0.75390625 0.7203125 0.09609375 0.10390625
0 0.7515625 0.8234375 0.1 0.08828125
0 0.83671875 0.39140625 0.0375 0.04609375
0 0.884375 0.39296875 0.040625 0.0484375
0 0.88046875 0.44765625 0.04609375 0.046875
0 0.8765625 0.50078125 0.040625 0.04453125
0 0.871875 0.55078125 0.04296875 0.04296875
0 0.871875 0.6015625 0.0390625 0.04609375
0 0.871875 0.65625 0.03984375 0.040625
0 0.87109375 0.70546875 0.0359375 0.04296875
0 0.86875 0.753125 0.03671875 0.03515625
0 0.86640625 0.79765625 0.040625 0.03984375
0 0.86484375 0.84765625 0.0359375 0.0453125
0 0.8203125 0.8484375 0.03671875 0.04296875
0 0.8234375 0.79921875 0.0390625 0.0359375
0 0.825 0.75234375 0.0375 0.03984375
0 0.82734375 0.70078125 0.04140625 0.04609375
0 0.82734375 0.64921875 0.03984375 0.040625
0 0.82578125 0.60078125 0.0421875 0.04296875
0 0.8265625 0.54921875 0.03671875 0.0453125
0 0.8296875 0.4984375 0.0421875 0.04140625
0 0.83359375 0.44765625 0.03828125 0.046875