0 0.8 0.2890625 0.15625 0.2
0 0.7859375 0.48515625 0.15625 0.2
0 0.7734375 0.68046875 0.15625 0.2015625
0 0.7625 0.86875 0.1515625 0.19375
0 0.53359375 0.8640625 0.1484375 0.184375
0 0.54765625 0.67734375 0.159375 0.209375
0 0.56484375 0.47578125 0.153125 0.1921875
0 0.575 0.28359375 0.1578125 0.2109375
0 0.43125 0.2703125 0.1609375 0.2046875
0 0.41640625 0.4703125 0.1671875 0.2140625
0 0.40390625 0.659375 0.153125 0.1921875
0 0.39375 0.86796875 0.1671875 0.2125
0 0.24140625 0.8578125 0.16875 0.2
0 0.2546875 0.66328125 0.16875 0.2125
0 0.26875 0.46015625 0.1703125 0.2
0 0.08828125 0.85390625 0.1640625 0.209375
0 0.09921875 0.65703125 0.1703125 0.221875
0 0.1125 0.4515625 0.1734375 0.209375
0 0.28125 0.253125 0.171875 0.2140625
0 0.125 0.2453125 0.1765625 0.2078125
0 0.93125 0.30078125 0.1375 0.2078125
0 0.9265625 0.49609375 0.146875 0.2015625
0 0.91171875 0.6859375 0.1453125 0.1984375
0 0.9 0.87734375 0.146875 0.1921875