0 0.55625 0.25 0.13671875 0.08671875
0 0.38359375 0.80234375 0.14609375 0.1
0 0.55 0.8078125 0.15234375 0.1015625
0 0.55234375 0.7078125 0.146875 0.09609375
0 0.559375 0.42109375 0.134375 0.0859375
0 0.55859375 0.33515625 0.13046875 0.0828125
0 0.38671875 0.7015625 0.1453125 0.09765625
0 0.70078125 0.7078125 0.14140625 0.09453125
0 0.38984375 0.60234375 0.14140625 0.0953125
0 0.55546875 0.509375 0.14296875 0.090625
0 0.69375 0.428125 0.13046875 0.0890625
0 0.23359375 0.80390625 0.146875 0.09921875
0 0.68359375 0.18359375 0.125 0.0765625
0 0.55625 0.609375 0.14453125 0.09609375
0 0.7 0.8078125 0.1453125 0.1015625
0 0.7015625 0.6109375 0.1390625 0.09375
0 0.69609375 0.51875 0.1390625 0.0890625
0 0.69140625 0.34375 0.12890625 0.08046875
0 0.23984375 0.7015625 0.1421875 0.09765625
0 0.6859375 0.26171875 0.12578125 0.0765625
0 0.24375 0.60546875 0.1390625 0.09140625
0 0.26640625 0.16875 0.12734375 0.07734375
0 0.2578125 0.3328125 0.1328125 0.08359375
0 0.26171875 0.24921875 0.13203125 0.08046875
0 0.24609375 0.5078125 0.1375 0.0859375
0 0.8484375 0.70625 0.13046875 0.0890625
0 0.834375 0.53046875 0.125 0.0796875
0 0.9421875 0.4546875 0.11171875 0.0828125
0 0.25234375 0.421875 0.1359375 0.0828125
0 0.9421875 0.37109375 0.115625 0.078125
0 0.8203125 0.375 0.11796875 0.0734375
0 0.9484375 0.53515625 0.10234375 0.0734375
0 0.93984375 0.29375 0.11640625 0.0734375
0 0.8265625 0.45078125 0.11875 0.07578125
0 0.81640625 0.2953125 0.11796875 0.08046875
0 0.83984375 0.6171875 0.125 0.08046875
0 0.09375 0.5203125 0.1453125 0.08984375
0 0.12890625 0.0921875 0.12578125 0.07578125
0 0.13359375 0.02734375 0.121875 0.05234375
0 0.1171875 0.2578125 0.13671875 0.0796875
0 0.11796875 0.16953125 0.13515625 0.07734375
0 0.903125 0.80546875 0.1859375 0.0984375
0 0.95234375 0.6203125 0.0953125 0.0828125
0 0.07109375 0.81328125 0.1421875 0.09375
0 0.959375 0.70859375 0.08125 0.08203125
0 0.08515625 0.6125 0.14453125 0.08671875
0 0.09921875 0.42734375 0.140625 0.0890625
0 0.1078125 0.340625 0.140625 0.08515625
0 0.078125 0.7109375 0.1484375 0.1
0 0.0109375 0.51796875 0.021875 0.0953125