0 0.73359375 0.109375 0.2015625 0.21875
0 0.82421875 0.27578125 0.196875 0.215625
0 0.909375 0.44296875 0.18125 0.2265625
0 0.9578125 0.61171875 0.084375 0.2171875
0 0.8953125 0.684375 0.20625 0.221875
0 0.8046875 0.51640625 0.20625 0.2265625
0 0.70546875 0.34765625 0.20625 0.2203125
0 0.61015625 0.17265625 0.2109375 0.23125
0 0.48203125 0.240625 0.215625 0.2375
0 0.58203125 0.415625 0.2109375 0.2234375
0 0.6765625 0.584375 0.2109375 0.23125
0 0.77421875 0.75703125 0.209375 0.225
0 0.64765625 0.8328125 0.2171875 0.23125
0 0.5515625 0.659375 0.21875 0.2390625
0 0.453125 0.48515625 0.2171875 0.2328125
0 0.353125 0.31015625 0.215625 0.2375
0 0.14609375 0.4234375 0.2203125 0.2375
0 0.25234375 0.60703125 0.221875 0.234375
0 0.35234375 0.78515625 0.221875 0.2359375
0 0.44765625 0.9234375 0.2171875 0.153125
0 0.06171875 0.4984375 0.1234375 0.25
0 0.115625 0.68125 0.225 0.2390625
0 0.21640625 0.8625 0.228125 0.246875
0 0.31484375 0.96015625 0.2234375 0.0796875