0 0.81171875 0.23828125 0.15625 0.1953125
0 0.83359375 0.43203125 0.146875 0.2015625
0 0.85703125 0.62734375 0.15 0.1921875
0 0.875 0.81640625 0.1515625 0.1984375
0 0.6546875 0.84921875 0.15625 0.190625
0 0.63515625 0.65546875 0.1546875 0.1984375
0 0.61484375 0.4640625 0.15625 0.1875
0 0.59375 0.2734375 0.153125 0.203125
0 0.45 0.28203125 0.1578125 0.209375
0 0.47109375 0.48125 0.1625 0.1921875
0 0.490625 0.675 0.15625 0.20625
0 0.5125 0.87265625 0.15625 0.1890625
0 0.30078125 0.29453125 0.165625 0.2
0 0.32421875 0.49453125 0.159375 0.2046875
0 0.34609375 0.6953125 0.165625 0.196875
0 0.365625 0.8921875 0.165625 0.20625
0 0.21328125 0.91015625 0.1640625 0.1796875
0 0.19375 0.71484375 0.1671875 0.209375
0 0.1703125 0.5125 0.1703125 0.1953125
0 0.14921875 0.309375 0.1625 0.2140625