0 0.50859375 0.20859375 0.0921875 0.0296875
0 0.50234375 0.24296875 0.0890625 0.0296875
0 0.503125 0.275 0.0953125 0.0328125
0 0.50234375 0.3125 0.084375 0.0328125
0 0.5953125 0.28046875 0.084375 0.0359375
0 0.59296875 0.3140625 0.08125 0.0328125
0 0.4921875 0.3875 0.10625 0.1109375
0 0.48828125 0.5015625 0.103125 0.0984375
0 0.48359375 0.6171875 0.1015625 0.1078125
0 0.48515625 0.72578125 0.1015625 0.1015625
0 0.47578125 0.828125 0.0984375 0.0984375
0 0.59609375 0.39140625 0.1015625 0.10625
0 0.5921875 0.51171875 0.1 0.1078125
0 0.58828125 0.62421875 0.1015625 0.1015625
0 0.58203125 0.734375 0.096875 0.1015625
0 0.575 0.83984375 0.0953125 0.0890625
0 0.696875 0.39765625 0.09375 0.0953125
0 0.69375 0.51875 0.1015625 0.109375
0 0.6890625 0.62890625 0.0984375 0.0984375
0 0.68125 0.734375 0.0984375 0.0984375
0 0.671875 0.84296875 0.090625 0.0921875