0 0.36484375 0.29296875 0.1 0.109375
0 0.36953125 0.409375 0.09375 0.10625
0 0.371875 0.521875 0.1 0.1
0 0.375 0.63359375 0.09375 0.103125
0 0.37890625 0.7390625 0.0953125 0.09375
0 0.38359375 0.84140625 0.090625 0.09375
0 0.3 0.80625 0.05 0.15625
0 0.29140625 0.63671875 0.065625 0.1640625
0 0.27734375 0.459375 0.05625 0.175
0 0.47109375 0.2890625 0.103125 0.109375
0 0.4734375 0.40859375 0.1 0.103125
0 0.47578125 0.52265625 0.0984375 0.1
0 0.4765625 0.63125 0.096875 0.1015625
0 0.47890625 0.7390625 0.096875 0.1
0 0.48125 0.84375 0.096875 0.090625
0 0.58046875 0.84375 0.09375 0.09375
0 0.5796875 0.73984375 0.096875 0.0890625
0 0.58046875 0.63359375 0.096875 0.1046875
0 0.58046875 0.5203125 0.1 0.1
0 0.578125 0.40859375 0.096875 0.10625
0 0.57734375 0.29140625 0.103125 0.10625
0 0.8515625 0.38359375 0.09375 0.1
0 0.84921875 0.496875 0.0984375 0.1
0 0.84765625 0.60546875 0.090625 0.1015625
0 0.84375 0.7109375 0.0984375 0.084375
0 0.8390625 0.81171875 0.0859375 0.096875
0 0.9375 0.81640625 0.0875 0.096875
0 0.94453125 0.715625 0.0890625 0.096875
0 0.946875 0.60859375 0.0984375 0.1
0 0.95078125 0.4953125 0.09375 0.1
0 0.9515625 0.38203125 0.096875 0.109375
0 0.946875 0.30625 0.0859375 0.025
0 0.94921875 0.27421875 0.0828125 0.025
0 0.8640625 0.21015625 0.0890625 0.028125
0 0.86015625 0.24140625 0.0875 0.025
0 0.8609375 0.27421875 0.0875 0.021875
0 0.86015625 0.31015625 0.084375 0.025
0 0.1625 0.26953125 0.090625 0.115625
0 0.17734375 0.396875 0.1 0.1
0 0.18671875 0.5109375 0.090625 0.10625
0 0.19453125 0.6234375 0.096875 0.1
0 0.20078125 0.73125 0.0875 0.096875
0 0.20234375 0.83984375 0.09375 0.1
0 0.1078125 0.83359375 0.08125 0.090625
0 0.10234375 0.73203125 0.09375 0.09375
0 0.09609375 0.62109375 0.084375 0.109375
0 0.084375 0.51171875 0.090625 0.090625
0 0.0765625 0.396875 0.08125 0.115625
0 0.06484375 0.2765625 0.096875 0.1
0 0.00859375 0.39296875 0.0171875 0.1046875
0 0.01640625 0.51015625 0.03125 0.103125
0 0.01953125 0.61953125 0.0390625 0.10625
0 0.0234375 0.73046875 0.046875 0.1046875
0 0.0265625 0.834375 0.053125 0.09375