0 0.74296875 0.253125 0.090625 0.09375
0 0.73125 0.34296875 0.090625 0.103125
0 0.71640625 0.43671875 0.09375 0.1078125
0 0.70390625 0.5359375 0.0984375 0.1078125
0 0.68828125 0.63828125 0.1015625 0.10625
0 0.67421875 0.74375 0.103125 0.121875
0 0.65546875 0.85234375 0.109375 0.1125
0 0.74921875 0.871875 0.1046875 0.115625
0 0.7609375 0.76328125 0.1109375 0.1171875
0 0.7796875 0.65546875 0.1 0.1078125
0 0.7921875 0.55234375 0.0984375 0.1078125
0 0.8015625 0.45703125 0.0921875 0.103125
0 0.815625 0.3625 0.0953125 0.0984375
0 0.82265625 0.271875 0.09375 0.096875
0 0.90546875 0.2875 0.084375 0.0921875
0 0.896875 0.378125 0.084375 0.1015625
0 0.88046875 0.471875 0.09375 0.09375
0 0.87421875 0.56953125 0.0890625 0.10625
0 0.86484375 0.671875 0.096875 0.1140625
0 0.85078125 0.77890625 0.0984375 0.11875
0 0.8390625 0.8875 0.103125 0.11875
0 0.2984375 0.41484375 0.596875 0.6796875