0 0.640625 0.39765625 0.0875 0.096875
0 0.63984375 0.603125 0.0890625 0.103125
0 0.64140625 0.4984375 0.0875 0.1
0 0.725 0.4015625 0.0828125 0.0921875
0 0.8234375 0.61015625 0.084375 0.1
0 0.64140625 0.3046875 0.084375 0.0921875
0 0.72734375 0.30859375 0.0859375 0.0875
0 0.63984375 0.82109375 0.096875 0.109375
0 0.64375 0.2125 0.08125 0.090625
0 0.72734375 0.21484375 0.08125 0.0875
0 0.81796875 0.50703125 0.078125 0.0953125
0 0.73203125 0.60703125 0.0921875 0.1015625
0 0.72890625 0.50390625 0.084375 0.09375
0 0.80625 0.21953125 0.078125 0.0859375
0 0.6390625 0.7125 0.0953125 0.1046875
0 0.7328125 0.71640625 0.0921875 0.10625
0 0.7375 0.82890625 0.096875 0.1046875
0 0.81328125 0.4109375 0.08125 0.090625
0 0.82734375 0.71953125 0.090625 0.1046875
0 0.81328125 0.31484375 0.0796875 0.0875
0 0.8296875 0.83203125 0.090625 0.1046875
0 0.2515625 0.45859375 0.4921875 0.640625