0 0.7046875 0.6453125 0.1671875 0.13125
0 0.73359375 0.7453125 0.171875 0.134375
0 0.81171875 0.521875 0.1546875 0.1234375
0 0.55390625 0.75859375 0.184375 0.215625
0 0.36875 0.6109375 0.1734375 0.20625
0 0.4125 0.79609375 0.184375 0.21875
0 0.4578125 0.396875 0.1703125 0.19375
0 0.671875 0.5484375 0.159375 0.125
0 0.75234375 0.35078125 0.146875 0.1109375
0 0.63984375 0.4546875 0.1625 0.1234375
0 0.6953125 0.1890625 0.1453125 0.1109375
0 0.6109375 0.371875 0.1453125 0.1125
0 0.77890625 0.434375 0.1453125 0.1140625
0 0.50390625 0.5765625 0.178125 0.203125
0 0.725 0.2703125 0.146875 0.1109375
0 0.846875 0.6125 0.1546875 0.1234375
0 0.58828125 0.29140625 0.1390625 0.10625
0 0.87421875 0.70703125 0.1515625 0.1234375
0 0.56640625 0.209375 0.140625 0.1078125
0 0.1078125 0.77578125 0.128125 0.1453125
0 0.0828125 0.65234375 0.1375 0.1421875
0 0.1359375 0.90390625 0.115625 0.14375
0 0.04140625 0.31796875 0.0828125 0.1265625
0 0.065625 0.534375 0.13125 0.1375
0 0.0546875 0.42421875 0.109375 0.1359375