0 0.79375 0.28046875 0.134375 0.15
0 0.9109375 0.30078125 0.134375 0.1484375
0 0.88515625 0.42734375 0.1265625 0.146875
0 0.77109375 0.40859375 0.1328125 0.1515625
0 0.74921875 0.5265625 0.121875 0.13125
0 0.85546875 0.55078125 0.125 0.140625
0 0.71875 0.6390625 0.1203125 0.121875
0 0.83046875 0.6625 0.11875 0.121875
0 0.803125 0.77734375 0.1125 0.121875
0 0.6953125 0.75078125 0.11875 0.115625
0 0.41484375 0.2046875 0.1359375 0.134375
0 0.52890625 0.2296875 0.1328125 0.1375
0 0.62890625 0.37734375 0.13125 0.1515625
0 0.39609375 0.3390625 0.125 0.1375
0 0.509375 0.365625 0.13125 0.1328125
0 0.38828125 0.4609375 0.128125 0.128125
0 0.49609375 0.49140625 0.125 0.1375
0 0.60546875 0.5078125 0.128125 0.1375
0 0.5828125 0.62890625 0.128125 0.13125
0 0.47265625 0.6078125 0.1234375 0.1328125
0 0.36796875 0.584375 0.121875 0.1296875
0 0.35 0.69921875 0.1328125 0.140625
0 0.45703125 0.725 0.1234375 0.134375
0 0.5609375 0.74375 0.11875 0.1296875
0 0.5375 0.86015625 0.11875 0.1140625
0 0.43828125 0.83359375 0.115625 0.1140625
0 0.3328125 0.8109375 0.1171875 0.1234375
0 0.66953125 0.86171875 0.115625 0.125
0 0.7734375 0.878125 0.1109375 0.1171875
0 0.259375 0.31484375 0.121875 0.1296875
0 0.24375 0.44375 0.1171875 0.128125
0 0.2265625 0.56640625 0.128125 0.1265625
0 0.21640625 0.6828125 0.128125 0.1296875
0 0.20390625 0.79453125 0.1234375 0.1140625
0 0.10859375 0.66171875 0.1234375 0.11875
0 0.0953125 0.771875 0.125 0.125
0 0.12421875 0.54140625 0.11875 0.1296875
0 0.13515625 0.425 0.1234375 0.1203125
0 0.15234375 0.3 0.1375 0.134375
0 0.15078125 0.20703125 0.10625 0.053125
0 0.1578125 0.16875 0.0890625 0.04375
0 0.87578125 0.90546875 0.11875 0.121875