0 0.546875 0.61015625 0.2015625 0.2171875
0 0.4625 0.7734375 0.203125 0.215625
0 0.74921875 0.51796875 0.1859375 0.2
0 0.6671875 0.678125 0.19375 0.209375
0 0.58515625 0.8453125 0.1921875 0.2078125
0 0.459375 0.13671875 0.1390625 0.134375
0 0.40703125 0.23671875 0.1375 0.134375
0 0.346875 0.33203125 0.153125 0.1484375
0 0.2859375 0.43203125 0.1515625 0.15
0 0.22109375 0.53203125 0.15625 0.153125
0 0.15546875 0.64296875 0.159375 0.15625
0 0.246875 0.196875 0.2375 0.2359375
0 0.1453125 0.3546875 0.2421875 0.2453125
0 0.93203125 0.446875 0.13125 0.115625
0 0.89375 0.521875 0.134375 0.1171875
0 0.85625 0.59765625 0.1359375 0.115625
0 0.83125 0.6796875 0.1453125 0.125
0 0.79453125 0.76640625 0.1546875 0.13125
0 0.75390625 0.86328125 0.1640625 0.146875
0 0.71484375 0.9421875 0.1546875 0.115625