0 0.3 0.5765625 0.159375 0.13125
0 0.33671875 0.6609375 0.153125 0.1109375
0 0.36328125 0.74609375 0.1421875 0.109375
0 0.3921875 0.8328125 0.1359375 0.1015625
0 0.415625 0.9078125 0.140625 0.115625
0 0.53125 0.71640625 0.284375 0.40625
0 0.5828125 0.32109375 0.1625 0.2078125
0 0.63828125 0.5078125 0.1671875 0.2171875
0 0.734375 0.3578125 0.159375 0.2140625
0 0.790625 0.55 0.16875 0.2140625
0 0.7046875 0.721875 0.2109375 0.2875
0 0.84765625 0.7234375 0.16875 0.1984375
0 0.2921875 0.91953125 0.134375 0.1609375
0 0.20078125 0.94140625 0.1421875 0.1171875
0 0.14921875 0.815625 0.140625 0.175
0 0.09453125 0.65703125 0.153125 0.1921875
0 0.06015625 0.496875 0.1203125 0.178125
0 0.88671875 0.24375 0.1375 0.1546875
0 0.91875 0.36640625 0.1296875 0.1421875
0 0.94609375 0.4796875 0.1078125 0.140625
0 0.959375 0.59921875 0.08125 0.1296875
0 0.97265625 0.709375 0.0546875 0.15625