0 0.853125 0.14765625 0.19140625 0.06171875
0 0.925 0.28828125 0.13046875 0.1765625
0 0.9265625 0.47890625 0.1234375 0.18515625
0 0.9234375 0.66875 0.1234375 0.1734375
0 0.921875 0.85078125 0.12421875 0.1765625
0 0.7875 0.85703125 0.1296875 0.171875
0 0.7921875 0.6703125 0.13046875 0.18125
0 0.78984375 0.47734375 0.1375 0.1734375
0 0.78828125 0.28359375 0.13125 0.18671875
0 0.65 0.66953125 0.13515625 0.19296875
0 0.6515625 0.86640625 0.1375 0.1796875
0 0.4734375 0.865625 0.20859375 0.18515625
0 0.475 0.6671875 0.20546875 0.196875
0 0.471875 0.46640625 0.2046875 0.18125
0 0.34453125 0.78359375 0.0390625 0.359375
0 0.2203125 0.7390625 0.18203125 0.4453125
0 0.065625 0.9171875 0.1140625 0.11796875
0 0.0625 0.790625 0.1125 0.115625
0 0.05703125 0.66328125 0.1140625 0.12421875
0 0.05625 0.53125 0.11015625 0.12109375
0 0.0546875 0.39921875 0.109375 0.125
0 0.0546875 0.265625 0.109375 0.1296875