0 0.9159874328125 0.4655207984375 0.8862515140625 0.408313303125 0.8765704015625 0.39347764218750003 0.8731624359374999 0.390250453125 0.7620477875 0.44444468906249995 0.7582453484375 0.44792905000000005 0.7585419515625 0.4510439625 0.7904183546875 0.5126401015625001 0.7956541359375 0.52149495625 0.7986340046875 0.523844415625 0.9018639765625001 0.47729863281249996 0.9130411875 0.47076061874999997 0.9159874328125 0.4655207984375
0 0.8059924531249999 0.525144825 0.801761915625 0.5277514578125 0.80159755 0.5305479375 0.8421345078125 0.608020759375 0.8451143765625 0.6103702203125 0.9660730093750001 0.551918015625 0.9664514234375 0.5495604000000001 0.923264075 0.472293734375 0.9204982562499999 0.4703831390625 0.8314582343750001 0.5121810703125 0.8059924531249999 0.525144825
0 1 0.6031748359375 0.9846277234375 0.5749207734375 0.9728718703125001 0.554577878125 0.9698920031249999 0.5522284187500001 0.8750412953125 0.5990334609375 0.8517817453125 0.6152672671875 0.8515187609374999 0.619741634375 0.853445196875 0.6236914125 0.8889932953124999 0.692188946875 0.892220084375 0.6944179765625 1 0.6454425671874999 1 0.6031748359375
0 0.844653725 0.618200571875 0.72539066875 0.6763690515625 0.7229382640625001 0.6813680078125001 0.7579267749999999 0.751224996875 0.7620594406250001 0.7584448265625 0.7643642890625 0.7600369890625001 0.805287503125 0.7411639296875 0.8856684640625 0.699786465625 0.88826916875 0.696344965625 0.850416221875 0.6262552671875 0.844653725 0.618200571875
0 0.797827725 0.5334731296874999 0.680276309375 0.587003946875 0.67570023125 0.5914089 0.71748860625 0.6720742046875 0.7213904140625 0.6750605296875001 0.836669853125 0.6193782531250001 0.8404394203125 0.6164531859375 0.8420027593749999 0.61025806875 0.817074525 0.5610277 0.8026843453125 0.536537025 0.797827725 0.5334731296874999
0 0.7932016453124999 0.5264939546875 0.7732622703125 0.48623887187500003 0.7567316078124999 0.45735955468749995 0.7524345765625 0.452936203125 0.6492542859375 0.5027173312500001 0.6413199281249999 0.5071304390625 0.6351637015625 0.5139358703125 0.6712224546875001 0.5859871812499999 0.67463041875 0.5892143703125 0.7127388765625 0.573343946875 0.7767901484374999 0.540474265625 0.7921650234375 0.5318889125 0.7932016453124999 0.5264939546875
0 0.5998770062500001 0.4246668578125 0.5941649390625 0.42799608281249996 0.594000575 0.4307925609375 0.62999358125 0.5039624640625 0.6327594000000001 0.5058730609375 0.7450100359375 0.45275455468750003 0.750392625 0.446869715625 0.7474616921874999 0.4396070234375 0.714317809375 0.379172340625 0.7095926828125 0.3738712609375 0.5998770062500001 0.4246668578125
0 0.6724308140625 0.300184925 0.6696978687499999 0.2977150328125 0.5873904734375001 0.33514271875 0.5556530359375 0.35279515156249996 0.591860090625 0.42640391875 0.5937039703125 0.42767765 0.710893034375 0.37215051093749996 0.6724308140625 0.300184925
0 0.5160551718749999 0.2797536671875 0.5523111609375 0.348449203125 0.6069962296875 0.3239505640625 0.66635599375 0.293369084375 0.634660765625 0.23277110625000003 0.6290794453124999 0.2257145703125 0.5160551718749999 0.2797536671875
0 0.5937136125 0.1663636046875 0.5877041937499999 0.1584293390625 0.5174959484375 0.189955875 0.477330309375 0.2122622796875 0.5078566765625 0.272343825 0.5135366171875 0.277722471875 0.6252605375 0.225404125 0.5937136125 0.1663636046875
0 0.5877697687500001 0.15731083125 0.5565026375000001 0.0975905828125 0.5516292078125 0.0907320484375 0.4412056390625 0.14132964374999998 0.441074146875 0.143566828125 0.4451410671875 0.15190525 0.47530508281249995 0.2099904734375 0.5877697687500001 0.15731083125
0 0.2914980265625 0.1339440515625 0.32117828125000003 0.1227276 0.397905103125 0.086391953125 0.3871858734375 0.0606541 0.3664728609375 0.0213196078125 0.259176715625 0.0676755453125 0.27961068125 0.11583834062500001 0.287925696875 0.1335133421875 0.2914980265625 0.1339440515625
0 0.28912751718749996 0.1334704390625 0.2886833578125 0.1369466453125 0.29475926874999997 0.15191089375 0.3167733828125 0.1976732109375 0.3184032125 0.1985080765625 0.40209351875 0.16203568906250002 0.42879390781250004 0.1484697765625 0.42895827343750004 0.145673296875 0.40159294843750004 0.0889393734375 0.39747709375 0.08551418281249999 0.28912751718749996 0.1334704390625
0 0.3206091 0.20177829531249997 0.3201978125 0.20469520624999998 0.327162790625 0.22085561562499997 0.350000225 0.26893268593749997 0.35439587499999997 0.27167814687499997 0.45596314375 0.22485679374999998 0.462761515625 0.21936795625 0.463370040625 0.21309526875 0.4336501828125 0.1515338390625 0.430209346875 0.1488659453125 0.3206091 0.20177829531249997
0 0.46977468125 0.22246655781250002 0.46630097187499997 0.2203579609375 0.355103765625 0.27187614843749996 0.3536719203125 0.2758340828125 0.36149309375 0.2937499484375 0.3828321875 0.33875496875 0.3866353765625 0.34341918125 0.4928612796875 0.29486892343750004 0.5007956390625 0.2904558140625 0.5003836046875 0.28522415 0.4741213953125 0.2301252515625 0.46977468125 0.22246655781250002
0 0.5083850328125 0.295989684375 0.504186621875 0.289888446875 0.3896479453125 0.3452094296875 0.38948357968749997 0.348005909375 0.3961687640625 0.3648460453125 0.4196154703125 0.4147990046875 0.42465326562500005 0.418861059375 0.4751903515625 0.3996451015625 0.5354063109375 0.370819078125 0.53896183125 0.3674551484375 0.539504609375 0.362301053125 0.5083850328125 0.295989684375
0 0.46222699531250006 0.49777914375 0.5795972375 0.443250165625 0.5829058328125 0.4400066671875 0.5450689484375 0.3655630328125 0.42680964218749995 0.41889585 0.42932928593749997 0.429075453125 0.4426499703125 0.4595203828125 0.45985639999999994 0.497305571875 0.46222699531250006 0.49777914375
0 0.586610403125 0.4463487671875 0.5824616734375 0.44348287343750004 0.4649270671875 0.5008083328125 0.467331284375 0.5088711828125 0.4783631828125 0.5333700125 0.496096328125 0.57035504375 0.4995868484375 0.57625828125 0.5019245703124999 0.5772911484375001 0.6156238640625 0.5240093484375 0.6202328140625 0.5190451 0.6185036171875 0.5117395453125 0.586610403125 0.4463487671875
0 0.6633708828125 0.6012251640625 0.6628931031249999 0.5971120921875 0.6346387124999999 0.53918200625 0.6254843140624999 0.5235461859375 0.559638096875 0.55022890625 0.5065171140625 0.576681003125 0.5034883125 0.5792447734375 0.5035379953125 0.5824801171875 0.5109310703125 0.59951825625 0.538329265625 0.6556928828124999 0.5403214484375 0.6585240703124999 0.5441078265625 0.65939364375 0.660556128125 0.6042278 0.6633708828125 0.6012251640625
0 0.666465921875 0.6056915015625 0.6615932390625 0.60698154375 0.5427414703125 0.6622331109374999 0.5420832609375 0.6652704546875 0.5607880296875 0.70612769375 0.5804476109375 0.747062503125 0.584662084375 0.7488098062499999 0.70157135625 0.6939623953125 0.70504431875 0.687922415625 0.7036277890625 0.6793778390625 0.668737896875 0.6078429609375 0.666465921875 0.6056915015625
0 0.5850579703125 0.758395446875 0.6181865390625 0.8313326421875 0.6217428046875 0.8361172874999999 0.7268824031250001 0.7897266421875 0.748528934375 0.7764526109375 0.74992790625 0.7730539734375 0.713720853125 0.69944520625 0.7094895671875 0.6939032640625 0.586489815625 0.7544375140625 0.5850579703125 0.758395446875
0 0.46896077187499996 0.509706215625 0.46443288125000004 0.5010493625 0.4616670625 0.49913876718749994 0.3897303671875 0.5315083234375 0.341975909375 0.5564295171875 0.3422067671875 0.5606630218750001 0.3524979015625 0.585523146875 0.375813115625 0.6377132890625 0.3798135421875 0.6390217265625 0.49817146875 0.584011021875 0.500064284375 0.5803715203124999 0.49879605781249997 0.5733844 0.46896077187499996 0.509706215625
0 0.5358608859375 0.6650457328125 0.53729273125 0.6610877984375 0.5326822859375 0.649754896875 0.5021391078125 0.5858787140625 0.498796890625 0.5815329328125001 0.49642629375 0.5810593625 0.3775584625 0.640664865625 0.378332846875 0.6478928500000001 0.395226609375 0.6869170640625 0.40989732968750003 0.7188765874999999 0.4119223859375 0.7211484765625 0.4152806671875 0.721140321875 0.4726161234375 0.696435528125 0.5358608859375 0.6650457328125
0 0.57639724375 0.7425188484375 0.5443557265625001 0.6755706140625 0.5385274843750001 0.668634509375 0.5300496 0.6700531375 0.416399990625 0.72657028125 0.4159229578125 0.730605784375 0.43624149375 0.7766518265625 0.44972654375000004 0.8043002765624999 0.4526077921875 0.8083276234375001 0.45636129687500004 0.8097564937499999 0.5773528031249999 0.7507449921875 0.5782579328125 0.74758721875 0.57639724375 0.7425188484375
0 0.5800701171875 0.7575686109374999 0.5751148765625 0.756182603125 0.4515387265625 0.81428166875 0.4509133921875 0.816759715625 0.47026030468749996 0.8589335484375 0.490990128125 0.9020626796875 0.49810191562500006 0.90348339375 0.5986486234374999 0.8577030625000001 0.6195047078125 0.8415549828125 0.6183679718749999 0.8323306765625 0.58384043125 0.7627921203125 0.5800701171875 0.7575686109374999
0 0.085096915625 0.5198254999999999 0.130496840625 0.49007680000000003 0.1313690984375 0.48747832031250005 0.11543089531249999 0.4566802515625 0.112879125 0.45520852031250003 0.055561225000000006 0.49185652968750004 0.051693037500000004 0.496459484375 0.06707165000000001 0.528617009375 0.085096915625 0.5198254999999999
0 0.1304662359375 0.50693286875 0.06964175156249999 0.542031578125 0.06824278125 0.5454302156249999 0.0700048515625 0.5521764734375 0.0837696953125 0.579145196875 0.149598353125 0.5405192624999999 0.134219740625 0.5083617375 0.1304662359375 0.50693286875
0 0.0851039015625 0.593162553125 0.0962841015625 0.6192188390625 0.099593446875 0.624123915625 0.15822776249999998 0.5814012203125001 0.16005483125 0.5788803109375 0.1591160828125 0.5744488046875 0.144659409375 0.542928146875 0.1410213328125 0.5436160296875 0.0834075765625 0.585297703125 0.0851039015625 0.593162553125
0 0.25930515781249996 0.5837124328125001 0.2545800296875 0.5784113546875 0.2077153859375 0.612677284375 0.18700760624999999 0.6303828218749999 0.1855757609375 0.6343407546875001 0.198287171875 0.6629097953125 0.20503735625 0.6704827640625 0.2081158421875 0.6711543375 0.2272442234375 0.6639978531249999 0.25414185 0.6470761656249999 0.279129103125 0.6218507640625 0.25930515781249996 0.5837124328125001
0 0.20747510624999999 0.6861349375 0.2262456203125 0.7258735859375001 0.2280895 0.727147315625 0.2967489765625 0.6811648109374999 0.29864179062499996 0.677525309375 0.2776153640625 0.631281265625 0.274388575 0.6290522375 0.2694172734375 0.632020165625 0.2170056765625 0.6749674156250001 0.20747510624999999 0.6861349375
0 0.30442009375 0.6812261953125 0.3018354484375 0.6803137609375 0.24390827656249997 0.71508588125 0.23493729531250002 0.7248939484375 0.23490517031249997 0.73360181875 0.24847277656250003 0.7639263171875 0.25071187968749997 0.766637071875 0.2561938359375 0.7672229203125001 0.266778584375 0.76260365625 0.327898925 0.7224712828125 0.3075482625 0.6851331125 0.30442009375 0.6812261953125
0 0.284095553125 0.745465403125 0.2602274765625 0.76797189375 0.257346978125 0.772093121875 0.2570839921875 0.7765674890625001 0.2626331890625 0.7923318953125 0.2700591375 0.8088107375 0.2755410921875 0.8093965859375001 0.32181476875000004 0.7933465578125001 0.35353539375 0.771899484375 0.3285414125 0.7237877078125 0.324969084375 0.7233569984375 0.284095553125 0.745465403125
0 0.3816730921875 0.81956449375 0.36166722500000004 0.772279428125 0.35929662812499996 0.7718058578125 0.2969577421875 0.8081864515625 0.285122325 0.8177618093750001 0.284760721875 0.8239140656249999 0.297917040625 0.8571554734375001 0.30213226249999997 0.8670513515625 0.305424796875 0.8681617890625001 0.3655582 0.8366597171875 0.38106456875 0.82583718125 0.3824306671875 0.8229978390625 0.3816730921875 0.81956449375
0 0.37614251875 0.8320406625000001 0.3495736234375 0.8433693906249999 0.297671184375 0.873573265625 0.31821983125000003 0.9157042375 0.3200637109375 0.9169779671875 0.37675777187500004 0.8991051546875 0.4000341328125 0.8866659890624999 0.400955325 0.8791542796874999 0.3818553328125 0.8368600140625 0.379188134375 0.83327153125 0.37614251875 0.8320406625000001
0 0.39845415625 0.889066384375 0.346485225 0.9122402749999999 0.33576898437499997 0.919096721875 0.3208886984375 0.9355897875 0.32948425625 0.9607336375 0.3345556703125 0.9723849734375 0.339807515625 0.9768858921874999 0.4258194796875 0.9458003078124999 0.4266917375 0.9432018281250001 0.4246169984375 0.9376945937500001 0.401680946875 0.8912954109375001 0.39845415625 0.889066384375
0 0.231578428125 0.524981728125 0.1960699296875 0.5292620765625 0.16298170781250002 0.537251340625 0.16146730625 0.538533225 0.16258723125000002 0.543962890625 0.165979134375 0.551544015625 0.17049021250000002 0.5564062296875 0.19208855625000001 0.5561940046875 0.23793338749999998 0.5311176734374999 0.23766965468749998 0.5274434640625 0.23635249218749999 0.525369575 0.231578428125 0.524981728125
0 0.11362798593750001 0.6710618171875 0.11318382656249999 0.674538025 0.117762146875 0.694578796875 0.1228993078125 0.705111540625 0.13634849531249998 0.7007249843750001 0.1828675984375 0.6682573734374999 0.18933649218749998 0.6602129203125 0.18838093125 0.651986775 0.1718846359375 0.6388453125 0.1627646046875 0.638947346875 0.11362798593750001 0.6710618171875
0 0.203413659375 0.6859427859375 0.19358424375 0.66954966875 0.13038991093750002 0.7123233828125 0.14937447343750002 0.7525008953125 0.215268878125 0.7127563703125 0.203413659375 0.6859427859375
0 0.24261739218749998 0.765695653125 0.24294612187500003 0.7601026937500001 0.222397475 0.7179717234375 0.21981282968750002 0.7170592874999999 0.186198640625 0.7339972859375 0.15391842656250002 0.7568038140625 0.14575395625 0.7651319937500001 0.1647217078125 0.801514865625 0.1683108484375 0.805740215625 0.17277224375 0.8073670859375 0.1833241203125 0.8033071171874999 0.22584354375000001 0.77767964375 0.24261739218749998 0.765695653125
0 0.247194303125 0.769439234375 0.2448237078125 0.7689656625 0.174962496875 0.8149910312499999 0.1731354296875 0.8175119390625 0.174156734375 0.8246194921875001 0.1901285578125 0.863006840625 0.1933224734375 0.865795165625 0.250261959375 0.8315047703125 0.2675625234375 0.8187206203124999 0.2697351328125 0.8144013921875001 0.2509317453125 0.7752220390625 0.247194303125 0.769439234375
0 0.2302673015625 0.9064483359375 0.2898082421875 0.8768650171875001 0.2945486859375 0.869663584375 0.293395140625 0.8566446390625 0.27780247812500003 0.82404825 0.2727318109375 0.8205454921875001 0.239314859375 0.8341277140625 0.201338640625 0.8559095296875 0.1943759046875 0.864194846875 0.1938331265625 0.8693489421875 0.1961715953125 0.8785303843750001 0.2105128390625 0.907934290625 0.213739628125 0.9101633203124999 0.21953425000000001 0.9095101453125001 0.2302673015625 0.9064483359375
0 0.2151234578125 0.919267109375 0.2134118171875 0.9239047703125 0.2170345765625 0.9357194 0.231244328125 0.9673604906250001 0.234010146875 0.9692710859375 0.31299213593749997 0.931292259375 0.31600412968749997 0.924933846875 0.295027384375 0.8819251484375 0.28360250468750003 0.8804350187500001 0.26567585781249997 0.8875486406249999 0.2151234578125 0.919267109375
0 0.3054071296875 1 0.33559894375 0.9832846515625 0.3372777109375 0.9792062859374999 0.3180622890625 0.93479526875 0.3128930015625 0.9329703984375 0.253154075 0.9577609171875 0.232840771875 0.968754903125 0.230421240625 0.9731945640624999 0.2445385625 1 0.3054071296875 1
0 0.172129315625 0.614279153125 0.1664800046875 0.5838954843749999 0.10073390156249999 0.625197465625 0.0973595578125 0.62955955625 0.109132221875 0.6536970921874999 0.11245762968749999 0.6542482328125 0.15632708906249998 0.6301353546875 0.172129315625 0.614279153125
0 0.246811109375 0.539282759375 0.244045290625 0.5373721640625 0.2325386015625 0.5413545625 0.18804380625 0.5679454890625 0.168669253125 0.5833709796875 0.181660459375 0.6112602921875 0.18684655781249998 0.616879803125 0.216526065625 0.5975147749999999 0.25400769375 0.5678252484375 0.25537379375 0.56498590625 0.25030163125 0.5451859953125 0.246811109375 0.539282759375