0 0.8140625 0.4109375 0.1046875 0.1109375
0 0.80703125 0.521875 0.103125 0.10625
0 0.79765625 0.63203125 0.0984375 0.10625
0 0.7890625 0.73671875 0.1015625 0.090625
0 0.7765625 0.83828125 0.09375 0.1046875
0 0.87734375 0.8484375 0.0953125 0.1046875
0 0.88828125 0.7453125 0.103125 0.1
0 0.89765625 0.640625 0.1 0.1078125
0 0.9078125 0.53046875 0.1015625 0.10625
0 0.91328125 0.421875 0.0953125 0.1078125
0 0.98671875 0.4265625 0.0265625 0.096875
0 0.9796875 0.534375 0.040625 0.10625
0 0.97109375 0.64765625 0.046875 0.109375
0 0.96171875 0.753125 0.05 0.096875
0 0.95234375 0.85546875 0.0546875 0.09375
0 0.84296875 0.2375 0.09375 0.0359375
0 0.83515625 0.27265625 0.0875 0.0296875
0 0.83359375 0.303125 0.0875 0.03125
0 0.8296875 0.334375 0.0890625 0.0359375
0 0.91875 0.3359375 0.08125 0.0265625
0 0.921875 0.3046875 0.0875 0.0375
0 0.55 0.29765625 0.1109375 0.128125
0 0.54296875 0.4171875 0.1046875 0.10625
0 0.5375 0.53046875 0.1078125 0.1125
0 0.53125 0.640625 0.10625 0.10625
0 0.5234375 0.74921875 0.10625 0.103125
0 0.5171875 0.85390625 0.1046875 0.0984375
0 0.4421875 0.2875 0.1125 0.115625
0 0.43671875 0.40859375 0.10625 0.1125
0 0.43359375 0.521875 0.109375 0.1078125
0 0.42734375 0.63203125 0.1015625 0.1046875
0 0.421875 0.73671875 0.103125 0.1
0 0.415625 0.84375 0.1015625 0.1015625
0 0.3375 0.2796875 0.109375 0.115625
0 0.33359375 0.4015625 0.103125 0.1171875
0 0.328125 0.5171875 0.109375 0.1078125
0 0.32421875 0.6265625 0.103125 0.1078125
0 0.32109375 0.73203125 0.10625 0.096875
0 0.31953125 0.83359375 0.096875 0.096875
0 0.2359375 0.4484375 0.0765625 0.171875
0 0.240625 0.6265625 0.0640625 0.1703125
0 0.23671875 0.796875 0.0734375 0.1578125
0 0.13515625 0.24765625 0.0984375 0.1203125
0 0.140625 0.37265625 0.103125 0.1078125
0 0.14296875 0.49375 0.09375 0.1125
0 0.1453125 0.6078125 0.1015625 0.1
0 0.14375 0.71484375 0.09375 0.1078125
0 0.13828125 0.8234375 0.1015625 0.1015625
0 0.046875 0.24453125 0.06875 0.1234375
0 0.04296875 0.3671875 0.078125 0.125
0 0.04453125 0.48515625 0.0890625 0.1171875
0 0.0453125 0.5984375 0.090625 0.115625
0 0.04609375 0.70625 0.0921875 0.115625
0 0.04609375 0.8125 0.0921875 0.1