0 0.58828125 0.4515625 0.246875 0.23125
0 0.3703125 0.5109375 0.1390625 0.1984375
0 0.45859375 0.7453125 0.125 0.1765625
0 0.27109375 0.7140625 0.0921875 0.0859375
0 0.346875 0.68203125 0.0859375 0.0734375
0 0.53125 0.67890625 0.1078125 0.0921875
0 0.54765625 0.74296875 0.1078125 0.0875
0 0.57265625 0.79921875 0.10625 0.0921875
0 0.5921875 0.85546875 0.0984375 0.08125
0 0.59609375 0.5890625 0.1109375 0.0890625
0 0.62265625 0.646875 0.103125 0.0796875
0 0.696875 0.55234375 0.103125 0.0875
0 0.71328125 0.61484375 0.1 0.0828125
0 0.6453125 0.70859375 0.10625 0.0859375
0 0.7328125 0.675 0.0953125 0.0828125
0 0.66171875 0.76640625 0.1 0.0765625
0 0.74453125 0.728125 0.0890625 0.0640625
0 0.75859375 0.778125 0.0828125 0.065625
0 0.67734375 0.8234375 0.1046875 0.075
0 0.6572865593749999 0.2357963375 0.7913706515625 0.19682513125 0.7511310046874999 0.053536223437499995 0.6097519203124999 0.1028070078125 0.6572865593749999 0.2357963375
0 0.8356760328125 0.336053521875 0.7901742015625 0.20103405156249998 0.6561975734375001 0.24832033281250002 0.706551834375 0.3806201921875 0.8356760328125 0.336053521875
0 0.861151746875 0.4775105296875 0.82409176875 0.34799969375 0.6957420390625 0.3925626828125 0.7456240421875 0.5318564859375 0.861151746875 0.4775105296875
0 0.9045916875 0.610821753125 0.8605678781250001 0.481484253125 0.7465732359375 0.53872430625 0.7849403484375 0.6617510625 0.9045916875 0.610821753125
0 0.9399789843749999 0.7359751078125 0.9046786546875 0.6220372609375 0.7854861171875 0.6675794859375 0.8186549062499999 0.7825470578125 0.9399789843749999 0.7359751078125
0 0.9887396515625 0.41978486562499995 0.95263213125 0.30740683281250003 0.8340612500000001 0.3391732078125 0.8709846578124999 0.4774856265625 0.9887396515625 0.41978486562499995
0 1 0.4648358109375 0.9887977031249999 0.427261875 0.8639451625 0.4780398328125 0.9111662375 0.6132974828125 1 0.57158945625 1 0.4648358109375
0 1 0.580582528125 0.916308871875 0.62361318125 0.9473028937500001 0.729414028125 1 0.710900384375 1 0.580582528125
0 0.28984375 0.76875 0.090625 0.0796875
0 0.36484375 0.740625 0.0875 0.075
0 0.38671875 0.79296875 0.09375 0.0828125
0 0.31015625 0.8203125 0.0921875 0.0890625
0 0.25390625 0.49921875 0.1109375 0.0546875
0 0.259375 0.515625 0.1125 0.0578125
0 0.265625 0.5328125 0.109375 0.0546875
0 0.27265625 0.54765625 0.109375 0.0546875
0 0.28046875 0.5640625 0.109375 0.05625
0 0.2875 0.5796875 0.109375 0.05625
0 0.2953125 0.59765625 0.109375 0.053125
0 0.30078125 0.6140625 0.10625 0.053125
0 0.30625 0.628125 0.10625 0.05
0 0.3125 0.6421875 0.1046875 0.053125
0 0.046875 0.42578125 0.09375 0.1265625
0 0.075 0.528125 0.121875 0.121875
0 0.11015625 0.6171875 0.1203125 0.115625
0 0.14375 0.70703125 0.1234375 0.1171875
0 0.1765625 0.7859375 0.121875 0.121875
0 0.215625 0.87265625 0.121875 0.1203125