0 0.7946125703125 0.2200159453125 0.8063234515625 0.13673602499999998 0.7210690703125 0.147024946875 0.710575328125 0.21760852812499998 0.7946125703125 0.2200159453125
0 0.8796875 0.2875 0.090625 0.09375
0 0.87265625 0.3796875 0.0890625 0.09375
0 0.8640625 0.475 0.0921875 0.0984375
0 0.85546875 0.56796875 0.0921875 0.1
0 0.84765625 0.66796875 0.09375 0.103125
0 0.8359375 0.765625 0.0984375 0.10625
0 0.828125 0.8734375 0.103125 0.1203125
0 0.8 0.2734375 0.0921875 0.090625
0 0.79375 0.36796875 0.0890625 0.0953125
0 0.78125 0.459375 0.0953125 0.1015625
0 0.7703125 0.55 0.0953125 0.1
0 0.75859375 0.64921875 0.0984375 0.103125
0 0.74921875 0.7546875 0.1046875 0.115625
0 0.73828125 0.85859375 0.1046875 0.1109375
0 0.64453125 0.84140625 0.103125 0.1109375
0 0.659375 0.74140625 0.1015625 0.10625
0 0.66953125 0.63984375 0.1015625 0.1078125
0 0.6828125 0.5421875 0.096875 0.0984375
0 0.69609375 0.44453125 0.09375 0.0921875
0 0.7078125 0.35546875 0.096875 0.0953125
0 0.71796875 0.26875 0.09375 0.090625
0 0.4703125 0.1328125 0.090625 0.090625
0 0.45546875 0.2171875 0.0921875 0.0921875
0 0.4375 0.30390625 0.0953125 0.096875
0 0.42109375 0.38984375 0.096875 0.0953125
0 0.40390625 0.4828125 0.1 0.103125
0 0.384375 0.5796875 0.1 0.10625
0 0.36484375 0.67890625 0.1078125 0.11875
0 0.34296875 0.78828125 0.10625 0.11875
0 0.43515625 0.81328125 0.10625 0.103125
0 0.453125 0.71171875 0.1046875 0.1078125
0 0.471875 0.60703125 0.1046875 0.1109375
0 0.48671875 0.5109375 0.0984375 0.096875
0 0.5015625 0.42265625 0.0953125 0.0953125
0 0.51875 0.33125 0.0921875 0.0890625
0 0.53359375 0.24453125 0.0921875 0.0859375
0 0.5453125 0.165625 0.0875 0.0796875
0 0.62421875 0.17578125 0.0875 0.08125
0 0.61484375 0.253125 0.0875 0.090625
0 0.6 0.34375 0.0875 0.0921875
0 0.58515625 0.43046875 0.0890625 0.1015625
0 0.5734375 0.52109375 0.09375 0.103125
0 0.5578125 0.61796875 0.09375 0.1125
0 0.54296875 0.71875 0.1 0.1140625
0 0.5265625 0.82421875 0.10625 0.115625
0 0.16171875 0.75546875 0.115625 0.125
0 0.18671875 0.6453125 0.10625 0.121875
0 0.2140625 0.53671875 0.109375 0.1171875
0 0.23984375 0.434375 0.1046875 0.1125
0 0.2625 0.3328125 0.1015625 0.10625
0 0.284375 0.2390625 0.1046875 0.1078125
0 0.3046875 0.14375 0.103125 0.1
0 0.234375 0.03984375 0.09375 0.0796875
0 0.215625 0.1296875 0.1015625 0.1015625
0 0.1953125 0.21796875 0.1046875 0.1046875
0 0.17265625 0.31640625 0.10625 0.1078125
0 0.146875 0.4125 0.1140625 0.115625
0 0.1203125 0.5171875 0.1125 0.1125
0 0.09375 0.625 0.1125 0.11875
0 0.0640625 0.7328125 0.11875 0.1203125
0 0.13125 0.109375 0.0984375 0.0984375
0 0.10625 0.2 0.1015625 0.10625
0 0.08046875 0.29609375 0.103125 0.1078125
0 0.0546875 0.39453125 0.103125 0.115625