0 0.76171875 0.740625 0.1203125 0.20546875
0 0.62734375 0.746875 0.13359375 0.20078125
0 0.634375 0.53359375 0.128125 0.21875
0 0.48671875 0.74453125 0.13203125 0.2015625
0 0.4875 0.53046875 0.13515625 0.21875
0 0.48828125 0.30078125 0.14140625 0.23125
0 0.3421875 0.3078125 0.1375 0.2234375
0 0.35 0.53125 0.1328125 0.209375
0 0.3484375 0.7421875 0.13515625 0.196875
0 0.21015625 0.7359375 0.12421875 0.2
0 0.07421875 0.73125 0.12421875 0.20625
0 0.71171875 0.29609375 0.0953125 0.16796875
0 0.846875 0.29140625 0.09453125 0.16640625
0 0.8421875 0.4671875 0.1046875 0.16015625
0 0.06953125 0.509375 0.13359375 0.20703125