0 0.4046875 0.54296875 0.16640625 0.1
0 0.40703125 0.6515625 0.1671875 0.09609375
0 0.40703125 0.75546875 0.159375 0.08515625
0 0.4078125 0.85078125 0.15859375 0.08984375
0 0.571875 0.8546875 0.15546875 0.08359375
0 0.57265625 0.759375 0.16015625 0.09296875
0 0.575 0.65703125 0.1640625 0.0953125
0 0.57734375 0.55078125 0.16796875 0.10390625
0 0.578125 0.43828125 0.16953125 0.10078125
0 0.42109375 0.38046875 0.12734375 0.0703125
0 0.7578125 0.31015625 0.1609375 0.0984375
0 0.7515625 0.42578125 0.16484375 0.10546875
0 0.746875 0.534375 0.1578125 0.09453125
0 0.7390625 0.6359375 0.15546875 0.0984375
0 0.73515625 0.73828125 0.15078125 0.08203125
0 0.73203125 0.83359375 0.1546875 0.08671875
0 0.9234375 0.19296875 0.153125 0.103125
0 0.92265625 0.309375 0.15390625 0.0984375
0 0.91796875 0.4234375 0.15390625 0.09921875
0 0.9109375 0.5328125 0.1515625 0.0953125
0 0.9 0.63359375 0.1484375 0.0859375
0 0.8953125 0.73203125 0.1578125 0.090625
0 0.88671875 0.82890625 0.146875 0.08359375