0 0.5265625 0.54765625 0.18125 0.1328125
0 0.54921875 0.6546875 0.184375 0.1328125
0 0.57265625 0.7546875 0.18125 0.128125
0 0.59140625 0.8453125 0.175 0.1203125
0 0.67265625 0.40390625 0.190625 0.1421875
0 0.696875 0.5125 0.1859375 0.134375
0 0.7171875 0.61796875 0.178125 0.1296875
0 0.73515625 0.71875 0.175 0.121875
0 0.753125 0.8125 0.1703125 0.1140625
0 0.815625 0.23828125 0.1875 0.1453125
0 0.8390625 0.34921875 0.1734375 0.1328125
0 0.85546875 0.4578125 0.175 0.1296875
0 0.8703125 0.5609375 0.16875 0.1265625
0 0.88828125 0.659375 0.165625 0.128125
0 0.90234375 0.75546875 0.1625 0.1203125