0 0.57578125 0.52265625 0.1953125 0.1640625
0 0.69140625 0.35859375 0.1921875 0.15625
0 0.73984375 0.459375 0.1921875 0.1578125
0 0.61875 0.6234375 0.190625 0.159375
0 0.77265625 0.56875 0.196875 0.1625
0 0.79921875 0.65546875 0.1859375 0.1453125
0 0.653125 0.71953125 0.1765625 0.1390625
0 0.6875 0.8015625 0.1734375 0.1375
0 0.840625 0.7421875 0.178125 0.1390625
0 0.18292844218749998 0.7079897796875 0.1156369984375 0.5743326171875001 0.042149825 0.6105217515625 0.113943403125 0.7479974640625 0.18292844218749998 0.7079897796875
0 0.2550181296875 0.8422914984375 0.1904512125 0.7114998859375 0.11924264843750002 0.7521519265625 0.1847433390625 0.8774840656249999 0.2550181296875 0.8422914984375
0 0.24642456875000002 1 0.3195376546875 0.9516526796875 0.255982546875 0.8445635234375001 0.17951111718749999 0.8808058296875 0.245754928125 1 0.24642456875000002 1
0 0.777125903125 0.363261878125 0.9290440796875 0.3001170828125 0.9018130421875 0.20576326093750003 0.7489540828125001 0.2773513734375 0.7516787093749999 0.28021688125 0.777125903125 0.363261878125
0 0.8976298796875 0.1941322375 0.855329603125 0.082042984375 0.7053983859375 0.16469419999999999 0.7399491421875 0.25436040625 0.8976298796875 0.1941322375
0 0.958348965625 0.3922499640625 0.9245594390624999 0.2966580125 0.7934334859375001 0.3720918984375 0.8400300359375 0.46526466875 0.958348965625 0.3922499640625
0 0.9894255984375 0.4903340140625 0.9582158796875 0.4043724796875 0.8316616203124999 0.47992468906249997 0.863427309375 0.5612458265625 0.9894255984375 0.4903340140625
0 1 0.523505915625 0.9876536218749999 0.48438284062500003 0.8630461328125 0.5671916796875001 0.8924066906249999 0.6508354796875 1 0.5914097828125 1 0.523505915625
0 1 0.5996070734375001 0.8948523296875001 0.664338565625 0.9215428921875001 0.7390179203125 1 0.697419903125 1 0.5996070734375001