0 0.51484375 0.365625 0.11875 0.121875
0 0.615625 0.54453125 0.121875 0.128125
0 0.46796875 0.28125 0.1125 0.115625
0 0.6421875 0.4125 0.11875 0.1234375
0 0.5640625 0.453125 0.121875 0.125
0 0.4234375 0.1984375 0.1109375 0.1140625
0 0.4984375 0.159375 0.1078125 0.1125
0 0.59453125 0.32421875 0.1125 0.115625
0 0.6671875 0.640625 0.1234375 0.1296875
0 0.72265625 0.73984375 0.1296875 0.1375
0 0.6234375 0.203125 0.1078125 0.1109375
0 0.54609375 0.24140625 0.1125 0.1125
0 0.671875 0.2859375 0.1125 0.115625
0 0.8109375 0.69765625 0.1328125 0.1359375
0 0.72421875 0.3703125 0.1125 0.11875
0 0.70078125 0.50234375 0.115625 0.1203125
0 0.78125 0.45625 0.1109375 0.11875
0 0.5734375 0.12421875 0.10625 0.1078125
0 0.83671875 0.55390625 0.11875 0.1265625
0 0.75078125 0.590625 0.1390625 0.14375
0 0.89140625 0.64609375 0.1359375 0.14375
0 0.26484375 0.5875 0.5296875 0.728125