0 0.56640625 0.609375 0.3765625 0.6296875
0 0.37890625 0.4890625 0.1578125 0.1640625
0 0.43828125 0.609375 0.1453125 0.14375
0 0.490625 0.71875 0.1453125 0.146875
0 0.53984375 0.82578125 0.13125 0.128125
0 0.16015625 0.31171875 0.1671875 0.16875
0 0.22109375 0.43046875 0.159375 0.159375
0 0.27734375 0.55859375 0.1625 0.171875
0 0.3390625 0.66875 0.146875 0.146875
0 0.390625 0.7703125 0.1453125 0.146875
0 0.44453125 0.87265625 0.1421875 0.1421875
0 0.06640625 0.3609375 0.1328125 0.178125
0 0.1140625 0.4890625 0.159375 0.1578125
0 0.16875 0.6 0.15 0.15
0 0.22890625 0.715625 0.1484375 0.1421875
0 0.28515625 0.825 0.1453125 0.1390625
0 0.33984375 0.92578125 0.1484375 0.1453125
0 0.97080195 0.47684454374999996 0.9075515796875001 0.3110908 0.8583475109375 0.338575615625 0.9175057687500001 0.49942666874999997 0.97080195 0.47684454374999996
0 1 0.5594355609375 0.968704825 0.47782244843750005 0.9138156093750001 0.5068231984375 0.974822978125 0.663406615625 1 0.648428671875 1 0.5594355609375