0 0.596875 0.39453125 0.146875 0.33359375
0 0.59296875 0.63671875 0.13671875 0.13125
0 0.59453125 0.78125 0.13671875 0.12109375
0 0.45390625 0.78203125 0.13515625 0.1265625
0 0.46015625 0.5765625 0.10703125 0.109375
0 0.45859375 0.45859375 0.1078125 0.11484375
0 0.26875 0.51484375 0.13671875 0.14296875
0 0.2734375 0.65703125 0.13828125 0.134375
0 0.27734375 0.796875 0.1359375 0.128125
0 0.1328125 0.79375 0.13046875 0.12890625
0 0.12734375 0.65390625 0.13671875 0.13671875
0 0.12421875 0.51015625 0.1390625 0.14296875
0 0.0234375 0.7890625 0.046875 0.125
0 0.8199315421875 0.2561406578125 0.81559369375 0.3533919234375 0.900331371875 0.360925471875 0.9037979140625 0.26230447031250004 0.8199315421875 0.2561406578125
0 0.81559369375 0.3595557359375 0.81174198125 0.456122134375 0.8960944874999999 0.4609162109375 0.8999461999999999 0.36503468125 0.81559369375 0.3595557359375
0 0.9026424000000001 0.33284588125000003 0.97274356875 0.33969456249999996 0.9816025078124999 0.24518276874999997 0.900331371875 0.24107356093750001 0.9011017140625001 0.2581952625 0.9057237703125001 0.25888012968749996 0.9026424000000001 0.33284588125000003
0 0.9685066859375 0.436945828125 0.9765952828125 0.3438037703125 0.9026424000000001 0.33900969375 0.8980203437500001 0.43283661875 0.9685066859375 0.436945828125
0 0.9616992328125 0.530772753125 0.9715880562500001 0.44105503593749995 0.8976351734374999 0.43557609218750004 0.8953241453125 0.5225543375 0.9616992328125 0.530772753125
0 0.9539944671875 0.6239148109375 0.961573603125 0.536936565625 0.89416863125 0.5300878859375 0.8856948640625 0.6184358671875 0.9539944671875 0.6239148109375
0 0.943855725 0.7088384515625 0.944363509375 0.7102081874999999 0.9515591499999999 0.6259694140625001 0.8853096921875 0.6204904703125 0.8776062671875 0.706783846875 0.943855725 0.7088384515625
0 0.9358882671875 0.7917074875 0.943855725 0.713632528125 0.8764507531250001 0.7115779234375 0.870673184375 0.7917074875 0.9358882671875 0.7917074875
0 0.8937834609375 0.49242014218749997 0.8807991921875 0.486941196875 0.8286895171875001 0.7971864328125 0.841785340625 0.801295640625 0.8937834609375 0.49242014218749997
0 0.878376609375 0.4917352734375 0.8680863296875 0.48762606406250003 0.8144381796875001 0.7978713 0.82714883125 0.801295640625 0.878376609375 0.4917352734375
0 0.80018684375 0.7971864328125 0.800284390625 0.79855616875 0.8105864671875 0.800610771875 0.8629697593750001 0.4889958015625 0.8510294500000001 0.486941196875 0.80018684375 0.7971864328125
0 0.7848748578125 0.7971864328125 0.7971054734374999 0.79855616875 0.84910359375 0.4917352734375 0.8356226 0.48557146093750003 0.7848748578125 0.7971864328125
0 0.770913828125 0.7965015640625001 0.7710062796875 0.7965015640625001 0.782468965625 0.7992410359375001 0.8340819140625 0.49036553749999995 0.8213712624999999 0.48625632812499997 0.770913828125 0.7965015640625001
0 0.7559819875 0.7965015640625001 0.7689879703125 0.79855616875 0.8190602359374999 0.48968066875 0.8059644125000001 0.48420172499999997 0.7559819875 0.7965015640625001
0 0.7421134078125 0.7971864328125 0.7539662921875 0.7978713 0.8044237265625 0.486941196875 0.7924834187500001 0.48351685624999996 0.7421134078125 0.7971864328125
0 0.740485296875 0.7992410359375001 0.7894020484375 0.48762606406250003 0.776399615625 0.4821471203125 0.72931533125 0.7834890718749999 0.7323967015624999 0.795816696875 0.740485296875 0.7992410359375001
0 1 0.6416239906250001 0.9997055578125 0.5924108796875001 0.9609287562500001 0.5951503515625001 0.9565663765625001 0.65404900625 1 0.6567827671875001 1 0.6416239906250001
0 0.9507888078125 0.6547338734375 0.9459044640625001 0.706783846875 0.9997055578125 0.70952331875 0.9997055578125 0.6554187421875 0.9507888078125 0.6547338734375
0 1 0.7108941765625 0.9446260671875001 0.7115779234375 0.9396188406249999 0.7684219734375 0.9997055578125 0.77321605 1 0.72557356875 1 0.7108941765625