0 0.78203125 0.75859375 0.12578125 0.18515625
0 0.7296875 0.4796875 0.096875 0.15
0 0.73515625 0.3109375 0.10390625 0.1796875
0 0.62734375 0.309375 0.1 0.16875
0 0.62734375 0.48203125 0.103125 0.16484375
0 0.49921875 0.7625 0.12421875 0.22109375
0 0.49375 0.3125 0.10078125 0.15703125
0 0.5 0.4875 0.09921875 0.146875
0 0.3609375 0.56015625 0.13359375 0.20546875
0 0.3609375 0.7640625 0.12578125 0.1859375
0 0.21953125 0.775 0.12421875 0.1953125
0 0.21640625 0.55546875 0.134375 0.2046875
0 0.20625 0.32890625 0.140625 0.2140625
0 0.0765625 0.55703125 0.1296875 0.19921875
0 0.08203125 0.7609375 0.12890625 0.19375