0 0.87421875 0.68203125 0.2515625 0.2828125
0 0.78671875 0.45 0.25625 0.278125
0 0.50625 0.3359375 0.196875 0.21875
0 0.57109375 0.51328125 0.1921875 0.2171875
0 0.6375 0.6890625 0.1890625 0.2140625
0 0.11875 0.24921875 0.2375 0.1546875
0 0.14453125 0.32890625 0.2546875 0.1546875
0 0.17421875 0.41015625 0.2609375 0.1578125
0 0.20546875 0.49296875 0.2578125 0.15625
0 0.23359375 0.575 0.2546875 0.146875
0 0.259375 0.65546875 0.253125 0.153125
0 0.28671875 0.734375 0.2515625 0.153125
0 0.3171875 0.81328125 0.2515625 0.146875
0 0.34296875 0.8921875 0.25 0.140625
0 0.37578125 0.9515625 0.2453125 0.096875