0 0.5046875 0.19375 0.08359375 0.0796875
0 0.5046875 0.28515625 0.0859375 0.078125
0 0.5078125 0.38046875 0.0875 0.0921875
0 0.509375 0.4828125 0.0890625 0.0890625
0 0.5125 0.5875 0.090625 0.09921875
0 0.51328125 0.6984375 0.096875 0.096875
0 0.515625 0.815625 0.09609375 0.109375
0 0.59140625 0.190625 0.084375 0.0875
0 0.59375 0.2828125 0.084375 0.08671875
0 0.5984375 0.37890625 0.08515625 0.096875
0 0.60390625 0.4828125 0.09375 0.0953125
0 0.60859375 0.58671875 0.0921875 0.10234375
0 0.61171875 0.6984375 0.08984375 0.1109375
0 0.6140625 0.815625 0.0953125 0.109375
0 0.675 0.19140625 0.08046875 0.09609375
0 0.68203125 0.28203125 0.0828125 0.084375
0 0.68671875 0.3828125 0.0828125 0.08984375
0 0.69609375 0.4828125 0.08203125 0.0953125
0 0.70234375 0.58828125 0.08671875 0.10546875
0 0.70703125 0.69609375 0.0859375 0.10234375
0 0.71328125 0.8125 0.08984375 0.1