0 0.440625 0.4625 0.2359375 0.196875
0 0.38515625 0.5953125 0.10625 0.0703125
0 0.38203125 0.66328125 0.10625 0.0609375
0 0.378125 0.72890625 0.1109375 0.0625
0 0.3703125 0.78984375 0.10625 0.0625
0 0.3640625 0.85234375 0.10625 0.0578125
0 0.49296875 0.609375 0.0984375 0.065625
0 0.4859375 0.67421875 0.0953125 0.0625
0 0.47890625 0.740625 0.0984375 0.059375
0 0.4703125 0.7921875 0.0921875 0.0578125
0 0.46328125 0.8546875 0.0890625 0.053125
0 0.27890625 0.6453125 0.0984375 0.0625
0 0.26953125 0.7171875 0.1 0.0609375
0 0.26875 0.78203125 0.0953125 0.0546875
0 0.2625 0.8359375 0.096875 0.0625
0 0.67734375 0.209375 0.1765625 0.178125
0 0.66328125 0.38125 0.165625 0.1734375
0 0.63515625 0.54296875 0.165625 0.1546875
0 0.61484375 0.69296875 0.15625 0.153125
0 0.59609375 0.83515625 0.15625 0.14375
0 0.7222454390624999 0.4608810734375 0.702971271875 0.6204190281249999 0.8537288484375001 0.6371489375 0.8756413562500001 0.4881085984375 0.8776193749999999 0.47793378906250006 0.7222454390624999 0.4608810734375
0 0.8479582406249999 0.6367454171875 0.699221890625 0.6242820578125 0.7005629734375 0.6274697921875 0.685425275 0.7718272140625 0.8275240453125001 0.7797011234375 0.8479582406249999 0.6367454171875
0 0.8260563921875 0.778825025 0.6859398875 0.7674800984375 0.6857245828125 0.77055909375 0.670192396875 0.9056069671874999 0.8077120796875 0.9167703046875 0.8260563921875 0.778825025
0 0.029004340625000003 0.524818621875 0.024361768750000002 0.58946706875 0.10067640156249999 0.5927409 0.103248303125 0.522791096875 0.037320637499999997 0.520243590625 0.035012457812499995 0.5200821875 0.029004340625000003 0.524818621875
0 0.022105312499999998 0.5985911515625 0.0213534859375 0.6490732312499999 0.1012739796875 0.650536509375 0.101106996875 0.586583096875 0.0200324671875 0.5850391203124999 0.019888937500000002 0.587091690625 0.022105312499999998 0.5985911515625
0 0.020653382812500003 0.708840796875 0.097111553125 0.7100619671875 0.0995457046875 0.6586662703124999 0.0234255984375 0.654374690625 0.020653382812500003 0.708840796875
0 0.1359375 0.35234375 0.1140625 0.03125
0 0.13515625 0.37421875 0.1125 0.0328125
0 0.1359375 0.40859375 0.1140625 0.0265625