0 0.934375 0.828125 0.08515625 0.05859375
0 0.8421875 0.83046875 0.08671875 0.059375
0 0.9758241765625 0.79296875 0.977472528125 0.791015625 0.9706043953125001 0.74365234375 0.9684065937499999 0.73974609375 0.890934065625 0.74267578125 0.8925824171875 0.7900390625 0.8947802203125 0.79248046875 0.9587912093750001 0.794921875 0.9758241765625 0.79296875
0 0.97548076875 0.7314453125 0.9687027328125 0.6787109375 0.8846514234375 0.689453125 0.8890462640625 0.73828125 0.97548076875 0.7314453125
0 0.9654066015625 0.673828125 0.9573489015625001 0.62890625 0.8769604546875 0.640625 0.8835527140625 0.689453125 0.9654066015625 0.673828125
0 0.866140109375 0.5927734375 0.872565615625 0.6357421875 0.95332079375 0.623046875 0.94508046875 0.57421875 0.866140109375 0.5927734375
0 0.9456298234375 0.5703125 0.9370192312500001 0.517578125 0.8588317406250001 0.541015625 0.8665227109375 0.5830078125 0.9456298234375 0.5703125
0 0.94233369375 0.5126953125 0.934821428125 0.4677734375 0.8549862562499999 0.4853515625 0.861578515625 0.5322265625 0.94233369375 0.5126953125
0 0.9082736875 0.47265625 0.90570055 0.45703125 0.8505914171875 0.462890625 0.8544369015625 0.484375 0.9082736875 0.47265625
0 0.8264197984375 0.3876953125 0.829715928125 0.412109375 0.8890462640625 0.435546875 0.8884969093749999 0.4111328125 0.8264197984375 0.3876953125
0 0.7544543 0.30859375 0.758299784375 0.3486328125 0.827518509375 0.3408203125 0.82092625 0.3017578125 0.7544543 0.30859375
0 0.7500594609375 0.359375 0.757201075 0.3974609375 0.8225743140624999 0.3837890625 0.8159820546875001 0.353515625 0.7500594609375 0.359375
0 0.829715928125 0.4287109375 0.8253210890625 0.3896484375 0.7566517203124999 0.3984375 0.75994785 0.44140625 0.829715928125 0.4287109375
0 0.7604972046875 0.443359375 0.765041209375 0.4814453125 0.8390549625 0.46875 0.8308146390625 0.4296875 0.7604972046875 0.443359375
0 0.7643426890625 0.482421875 0.7705357140625 0.5322265625 0.8516901265625 0.5166015625 0.8478446421875001 0.47265625 0.7643426890625 0.482421875
0 0.7681881734375 0.53515625 0.7727335171874999 0.583984375 0.8560849671874999 0.568359375 0.851140771875 0.5205078125 0.7681881734375 0.53515625
0 0.77587914375 0.583984375 0.7835701125 0.6337890625 0.8665227109375 0.625 0.8626772265625 0.5712890625 0.77587914375 0.583984375
0 0.7868662421875 0.640625 0.7918104375 0.69140625 0.8764111 0.6787109375 0.8687201312499999 0.625 0.7868662421875 0.640625
0 0.792909146875 0.69140625 0.7980082421875 0.7421875 0.88684884375 0.7353515625 0.8802565843749999 0.6787109375 0.792909146875 0.69140625
0 0.7951065671875 0.744140625 0.7989520515625 0.80078125 0.8895956187499999 0.7958984375 0.8846514234375 0.7392578125 0.7951065671875 0.744140625
0 0.75390625 0.83828125 0.075 0.03828125
0 0.75234375 0.79921875 0.0765625 0.03203125
0 0.75234375 0.76640625 0.07265625 0.0328125
0 0.753125 0.73046875 0.06875 0.02734375
0 0.73984375 0.68671875 0.08671875 0.04609375
0 0.6941620875 0.6171875 0.6995188046874999 0.6611328125 0.7775272078125 0.6591796875 0.7725830140625 0.6083984375 0.6941620875 0.6171875
0 0.68853170625 0.5654296875 0.694574609375 0.6171875 0.7725830140625 0.6064453125 0.766540109375 0.5576171875 0.68853170625 0.5654296875
0 0.6859203296875 0.51953125 0.6874329953125 0.5615234375 0.7659907546875 0.5576171875 0.7626946234374999 0.5126953125 0.6859203296875 0.51953125
0 0.6815247249999999 0.4775390625 0.684136865625 0.517578125 0.7588491390625001 0.5107421875 0.7544543 0.4677734375 0.6815247249999999 0.4775390625
0 0.6870192312500001 0.4482421875 0.68798235 0.47265625 0.751707525 0.46484375 0.7539049453125 0.439453125 0.6870192312500001 0.4482421875
0 0.677678571875 0.39453125 0.6830381562500001 0.4365234375 0.7588491390625001 0.4296875 0.7539049453125 0.3828125 0.677678571875 0.39453125
0 0.67493131875 0.3779296875 0.679192671875 0.3955078125 0.7445659109375 0.384765625 0.7429178453125 0.3701171875 0.67493131875 0.3779296875
0 0.5326236265625 0.298828125 0.5325148984375 0.3427734375 0.6160168515625 0.341796875 0.6132700765625 0.3037109375 0.5326236265625 0.298828125
0 0.53745909375 0.3505859375 0.5397664828125001 0.3896484375 0.62205975625 0.3916015625 0.61931298125 0.349609375 0.53745909375 0.3505859375
0 0.541304578125 0.3955078125 0.543501996875 0.435546875 0.62700395 0.435546875 0.6242571765625 0.392578125 0.541304578125 0.3955078125
0 0.6292013703125 0.4873046875 0.628652015625 0.4462890625 0.5473474828125 0.447265625 0.5473474828125 0.490234375 0.6292013703125 0.4873046875
0 0.5478968375 0.4892578125 0.55020604375 0.533203125 0.6335962109375 0.5390625 0.6319481453125 0.490234375 0.5478968375 0.4892578125
0 0.5529532968749999 0.54296875 0.5522916765625 0.58984375 0.6368923390625 0.5908203125 0.6363429843749999 0.5419921875 0.5529532968749999 0.54296875
0 0.5528410312500001 0.5888671875 0.5540521984375 0.640625 0.639089759375 0.6435546875 0.6385404046875001 0.5927734375 0.5528410312500001 0.5888671875
0 0.554489096875 0.64453125 0.5539397421875 0.69140625 0.64018846875 0.7001953125 0.640737825 0.6484375 0.554489096875 0.64453125
0 0.5555878062499999 0.693359375 0.5555878062499999 0.744140625 0.6434845984375 0.755859375 0.641836534375 0.7021484375 0.5555878062499999 0.693359375
0 0.5577852265625001 0.748046875 0.55679945 0.8017578125 0.644583309375 0.8134765625 0.6440339546875 0.7568359375 0.5577852265625001 0.748046875
0 0.557235871875 0.806640625 0.5555878062499999 0.8583984375 0.64568201875 0.875 0.6462313734375 0.8134765625 0.557235871875 0.806640625
0 0.4683379125 0.8076171875 0.46988843437499994 0.8623046875 0.5550384515625 0.8564453125 0.5561371609375 0.8037109375 0.4683379125 0.8076171875
0 0.4672390109375 0.7451171875 0.4676910140625 0.802734375 0.5555878062499999 0.798828125 0.5528410312500001 0.7451171875 0.4672390109375 0.7451171875
0 0.5528410312500001 0.7421875 0.553502746875 0.6865234375 0.4665923046875 0.685546875 0.46494423906250004 0.7412109375 0.5528410312500001 0.7421875
0 0.46668956093749997 0.640625 0.4665923046875 0.6884765625 0.5511929671875 0.6884765625 0.5511929671875 0.6376953125 0.46668956093749997 0.640625
0 0.46614010937500006 0.58984375 0.4676910140625 0.638671875 0.5495449015625 0.6328125 0.5500942578125 0.5830078125 0.46614010937500006 0.58984375
0 0.46668956093749997 0.5341796875 0.46604294843750005 0.5849609375 0.5500942578125 0.5732421875 0.5478968375 0.529296875 0.46668956093749997 0.5341796875
0 0.46614010937500006 0.484375 0.46604294843750005 0.533203125 0.5456994171875 0.525390625 0.544051353125 0.4755859375 0.46614010937500006 0.484375
0 0.46449175781249996 0.44140625 0.46494423906250004 0.484375 0.5418539328125 0.4755859375 0.5402058671875001 0.4345703125 0.46449175781249996 0.44140625
0 0.541304578125 0.439453125 0.53756868125 0.390625 0.4605494 0.404296875 0.46274681875 0.4453125 0.541304578125 0.439453125
0 0.4584478015625 0.3642578125 0.45945068906250003 0.4013671875 0.5363603828125 0.39453125 0.5330642531249999 0.3505859375 0.4584478015625 0.3642578125
0 0.36833791250000003 0.310546875 0.36880712187500003 0.357421875 0.448463590625 0.3349609375 0.4435193953125 0.2958984375 0.36833791250000003 0.310546875
0 0.37438186875 0.3603515625 0.37814615625000003 0.40234375 0.45725327031249996 0.3818359375 0.45230907499999995 0.3369140625 0.37438186875 0.3603515625
0 0.37759680156250003 0.4033203125 0.378228021875 0.4482421875 0.46000004375000003 0.4306640625 0.456154559375 0.3828125 0.37759680156250003 0.4033203125
0 0.3814422859375 0.4501953125 0.3820741765625 0.4921875 0.464394884375 0.4794921875 0.4605494 0.435546875 0.3814422859375 0.4501953125
0 0.3814422859375 0.498046875 0.3831730765625 0.55078125 0.46549359375000005 0.5341796875 0.4638455296875 0.4892578125 0.3814422859375 0.498046875
0 0.3814422859375 0.55078125 0.3831730765625 0.5908203125 0.46494423906250004 0.580078125 0.4638455296875 0.537109375 0.3814422859375 0.55078125
0 0.3786955109375 0.591796875 0.38042582343750003 0.642578125 0.46494423906250004 0.630859375 0.46274681875 0.5791015625 0.3786955109375 0.591796875
0 0.3803435765625 0.646484375 0.380975275 0.6953125 0.46604294843750005 0.6865234375 0.4638455296875 0.634765625 0.3803435765625 0.646484375
0 0.3786955109375 0.69921875 0.37932692343749996 0.7509765625 0.46494423906250004 0.7451171875 0.463296175 0.693359375 0.3786955109375 0.69921875
0 0.37759680156250003 0.7529296875 0.37649809218749997 0.80859375 0.4665923046875 0.806640625 0.4638455296875 0.7490234375 0.37759680156250003 0.7529296875
0 0.37649809218749997 0.8076171875 0.3771291203125 0.865234375 0.46604294843750005 0.8623046875 0.463296175 0.8037109375 0.37649809218749997 0.8076171875
0 0.284821428125 0.8154296875 0.28530516875 0.87109375 0.3759487359375 0.869140625 0.3748500265625 0.8095703125 0.284821428125 0.8154296875
0 0.290865384375 0.7626953125 0.2902493640625 0.80859375 0.37814615625000003 0.802734375 0.37704744687499997 0.7490234375 0.290865384375 0.7626953125
0 0.2952609890625 0.7099609375 0.29244678281250003 0.759765625 0.37759680156250003 0.7490234375 0.37759680156250003 0.7001953125 0.2952609890625 0.7099609375
0 0.2958104390625 0.6533203125 0.2968416234375 0.7041015625 0.379794221875 0.697265625 0.3792448671875 0.646484375 0.2958104390625 0.6533203125
0 0.2958104390625 0.6025390625 0.2957429140625 0.6552734375 0.3803435765625 0.640625 0.3792448671875 0.5947265625 0.2958104390625 0.6025390625
0 0.297458790625 0.5537109375 0.2984896875 0.6015625 0.3814422859375 0.5927734375 0.3792448671875 0.5439453125 0.297458790625 0.5537109375
0 0.2985576921875 0.50390625 0.29903904375 0.5478515625 0.38089293125 0.541015625 0.3803435765625 0.4892578125 0.2985576921875 0.50390625
0 0.2984896875 0.458984375 0.2979403328125 0.501953125 0.3803435765625 0.4892578125 0.37814615625000003 0.4375 0.2984896875 0.458984375
0 0.30130494531249996 0.4130859375 0.300137753125 0.4541015625 0.3792448671875 0.435546875 0.3759487359375 0.4033203125 0.30130494531249996 0.4130859375
0 0.2512451625 0.4833984375 0.253502746875 0.4375 0.1666444984375 0.4453125 0.1671938546875 0.4912109375 0.2512451625 0.4833984375
0 0.167743209375 0.5 0.1666444984375 0.541015625 0.24794903281249997 0.54296875 0.2501464515625 0.4951171875 0.167743209375 0.5
0 0.164996434375 0.5517578125 0.1644917578125 0.60546875 0.244652903125 0.59765625 0.247399678125 0.544921875 0.164996434375 0.5517578125
0 0.1627990140625 0.6064453125 0.160096153125 0.6513671875 0.2402580625 0.650390625 0.24245548281249998 0.6005859375 0.1627990140625 0.6064453125
0 0.154558690625 0.6552734375 0.15016385000000002 0.701171875 0.23421515781250002 0.7080078125 0.2375112875 0.654296875 0.154558690625 0.6552734375
0 0.1523612703125 0.70703125 0.1518543953125 0.7646484375 0.22817225468750002 0.759765625 0.231468384375 0.7080078125 0.1523612703125 0.70703125
0 0.14961449531249998 0.7666015625 0.1457690109375 0.8134765625 0.2265241890625 0.818359375 0.2292709640625 0.765625 0.14961449531249998 0.7666015625
0 0.138627396875 0.822265625 0.1364299765625 0.865234375 0.22432676875 0.8759765625 0.2248761234375 0.82421875 0.138627396875 0.822265625
0 0.080975275 0.4306640625 0.0781983515625 0.4814453125 0.1644470796875 0.4716796875 0.1666444984375 0.4248046875 0.080975275 0.4306640625
0 0.077648996875 0.4873046875 0.0738324171875 0.533203125 0.16334836875 0.5322265625 0.163897725 0.478515625 0.077648996875 0.4873046875
0 0.0683099625 0.5380859375 0.0666895609375 0.58203125 0.16334836875 0.5849609375 0.1600522390625 0.53515625 0.0683099625 0.5380859375
0 0.0639151234375 0.587890625 0.06061899375 0.6435546875 0.1600522390625 0.6435546875 0.1600522390625 0.5888671875 0.0639151234375 0.587890625
0 0.058970928125 0.6474609375 0.058997253125 0.693359375 0.15016385000000002 0.69140625 0.15016385000000002 0.64453125 0.058970928125 0.6474609375
0 0.059520282812500006 0.7041015625 0.055151098437500004 0.7509765625 0.146318365625 0.751953125 0.15016385000000002 0.69921875 0.059520282812500006 0.7041015625
0 0.051279959374999996 0.755859375 0.0491071421875 0.80859375 0.143571590625 0.8115234375 0.146318365625 0.75390625 0.051279959374999996 0.755859375
0 0.044687700000000004 0.8115234375 0.0458104390625 0.859375 0.1353312671875 0.86328125 0.13697933125 0.8173828125 0.044687700000000004 0.8115234375
0 0.278712909375 0.537109375 0.24855769218749998 0.54296875 0.2375112875 0.6923828125 0.269373875 0.6953125 0.278712909375 0.537109375
0 0.2567387109375 0.8671875 0.2666895609375 0.697265625 0.2358632234375 0.6962890625 0.223228059375 0.8681640625 0.2567387109375 0.8671875