0 0.29296875 0.28046875 0.140625 0.1453125
0 0.25703125 0.4015625 0.13125 0.1375
0 0.22265625 0.51796875 0.1359375 0.1421875
0 0.18984375 0.6265625 0.1265625 0.128125
0 0.15546875 0.734375 0.1234375 0.121875
0 0.3984375 0.31796875 0.14375 0.146875
0 0.3609375 0.440625 0.134375 0.1421875
0 0.321875 0.55546875 0.134375 0.1390625
0 0.28671875 0.67265625 0.1296875 0.1328125
0 0.25078125 0.77734375 0.1296875 0.1296875
0 0.5 0.3609375 0.1328125 0.1375
0 0.46484375 0.47890625 0.14375 0.1546875
0 0.42265625 0.59921875 0.1390625 0.140625
0 0.38515625 0.71171875 0.1359375 0.1390625
0 0.346875 0.81796875 0.1296875 0.13125
0 0.68203125 0.2734375 0.1421875 0.146875
0 0.6359375 0.39765625 0.1453125 0.1515625
0 0.59609375 0.51875 0.14375 0.14375
0 0.55390625 0.6359375 0.1390625 0.14375
0 0.5140625 0.75 0.1359375 0.140625
0 0.47265625 0.859375 0.134375 0.1328125
0 0.78984375 0.31875 0.146875 0.1578125
0 0.740625 0.4453125 0.1453125 0.1546875
0 0.69921875 0.5671875 0.1421875 0.146875
0 0.6578125 0.67890625 0.1375 0.140625
0 0.6140625 0.79609375 0.140625 0.1453125
0 0.571875 0.90078125 0.1359375 0.128125
0 0.85625 0.48125 0.153125 0.1640625
0 0.80859375 0.6078125 0.140625 0.1484375
0 0.7609375 0.7203125 0.1421875 0.14375
0 0.715625 0.83203125 0.13125 0.1296875
0 0.67109375 0.93671875 0.1296875 0.1265625
0 0.42890625 0.19765625 0.1 0.0671875
0 0.41796875 0.2328125 0.1 0.0640625
0 0.3375 0.16640625 0.0984375 0.065625
0 0.32421875 0.2015625 0.096875 0.05625
0 0.35078125 0.13203125 0.1015625 0.0625
0 0.36015625 0.09609375 0.1 0.0609375
0 0.98984375 0.4109375 0.0203125 0.1375
0 0.9625 0.53125 0.075 0.134375
0 0.9359375 0.646875 0.1109375 0.134375
0 0.890625 0.7609375 0.11875 0.1375
0 0.84765625 0.86796875 0.125 0.134375
0 0.80078125 0.95078125 0.1296875 0.0984375