0 0.89609375 0.36796875 0.1671875 0.2109375
0 0.85625 0.55703125 0.1703125 0.2015625
0 0.8125 0.740625 0.165625 0.2078125
0 0.76640625 0.91328125 0.1609375 0.1734375
0 0.63203125 0.896875 0.1734375 0.20625
0 0.67890625 0.709375 0.175 0.2125
0 0.55 0.478125 0.2421875 0.234375
0 0.5078125 0.67421875 0.24375 0.228125
0 0.46328125 0.86484375 0.2421875 0.2328125
0 0.35703125 0.75390625 0.11875 0.3546875
0 0.24765625 0.68984375 0.2765625 0.4703125
0 0.06171875 0.82265625 0.1234375 0.1359375
0 0.084375 0.7 0.134375 0.140625
0 0.10703125 0.57578125 0.134375 0.146875
0 0.1359375 0.446875 0.134375 0.140625
0 0.1640625 0.31796875 0.1359375 0.1484375
0 0.19296875 0.1875 0.1359375 0.14375