0 0.56015625 0.5171875 0.08828125 0.265625
0 0.54921875 0.778125 0.08984375 0.25546875
0 0.3140625 0.76171875 0.1296875 0.1296875
0 0.44375 0.621875 0.11484375 0.11796875
0 0.44140625 0.75234375 0.11796875 0.12890625
0 0.33125 0.31875 0.06796875 0.18203125
0 0.40546875 0.32421875 0.06953125 0.18984375
0 0.475 0.32578125 0.06484375 0.19296875
0 0.3546875 0.46796875 0.10078125 0.1
0 0.0984375 0.68046875 0.13046875 0.16171875
0 0.10546875 0.83515625 0.1375 0.1375
0 0.16875 0.48203125 0.11953125 0.1203125
0 0.16875 0.34140625 0.11953125 0.13046875