0 0.80078125 0.76875 0.06640625 0.115625
0 0.8 0.64453125 0.0640625 0.1234375
0 0.79765625 0.51640625 0.065625 0.1265625
0 0.80390625 0.38515625 0.06328125 0.1234375
0 0.72734375 0.52109375 0.06796875 0.12265625
0 0.73046875 0.64921875 0.06875 0.1140625
0 0.73125 0.77890625 0.06015625 0.1140625
0 0.91875 0.7578125 0.06328125 0.11328125
0 0.9171875 0.63984375 0.0703125 0.1140625
0 0.92109375 0.5203125 0.06640625 0.121875
0 0.92578125 0.384375 0.07734375 0.14140625
0 0.92890625 0.25078125 0.06640625 0.1265625
0 0.62421875 0.74296875 0.1 0.2171875
0 0.6234375 0.5046875 0.1015625 0.2265625
0 0.49921875 0.57578125 0.10625 0.13203125
0 0.4984375 0.4125 0.09453125 0.1296875
0 0.3921875 0.77109375 0.07890625 0.1671875
0 0.3046875 0.77421875 0.07734375 0.1734375
0 0.3 0.5890625 0.08125 0.1734375
0 0.190625 0.778125 0.12734375 0.134375
0 0.1859375 0.584375 0.07734375 0.21875
0 0.06484375 0.77578125 0.12890625 0.13828125
0 0.05859375 0.61875 0.11015625 0.15859375
0 0.05859375 0.42578125 0.10625 0.2375