0 0.75078125 0.11328125 0.1484375 0.1109375
0 0.784375 0.18828125 0.153125 0.115625
0 0.81484375 0.259375 0.146875 0.1140625
0 0.85390625 0.32578125 0.1578125 0.121875
0 0.8921875 0.3875 0.15625 0.1265625
0 0.9234375 0.45546875 0.153125 0.1265625
0 0.9421875 0.52265625 0.115625 0.1234375
0 0.96015625 0.59140625 0.0796875 0.1140625
0 0.97421875 0.659375 0.0515625 0.115625
0 0.89375 0.72734375 0.159375 0.1234375
0 0.86484375 0.6640625 0.165625 0.1265625
0 0.8296875 0.59609375 0.165625 0.128125
0 0.7984375 0.5234375 0.165625 0.1328125
0 0.76171875 0.4546875 0.1640625 0.1296875
0 0.7234375 0.38828125 0.1625 0.1328125
0 0.68828125 0.321875 0.159375 0.128125
0 0.65390625 0.2515625 0.1625 0.1296875
0 0.5576723421875001 0.2378356984375 0.707490971875 0.18436149531249998 0.6738184109375001 0.119422434375 0.5272440406250001 0.1689403125 0.5576723421875001 0.2378356984375
0 0.67045551875 0.1128223875 0.63834948125 0.042928381249999994 0.49219896875 0.09557277656249999 0.518297009375 0.1674888203125 0.67045551875 0.1128223875
0 0.511473946875 0 0.45635331093750003 0.0171922921875 0.48529864843750004 0.0866183734375 0.635696409375 0.041162615624999996 0.6167882296875 0 0.511473946875 0
0 0.57421875 0.6140625 0.209375 0.2265625
0 0.66796875 0.78984375 0.2125 0.23125