0 0.33671875 0.74296875 0.2234375 0.2234375
0 0.5390625 0.31953125 0.1234375 0.1140625
0 0.54296875 0.2125 0.115625 0.1078125
0 0.4984375 0.7984375 0.1296875 0.128125
0 0.51328125 0.6703125 0.13125 0.128125
0 0.521875 0.54609375 0.1203125 0.1171875
0 0.36015625 0.53984375 0.2078125 0.1984375
0 0.53046875 0.4328125 0.11875 0.1125
0 0.8578125 0.79375 0.1484375 0.1875
0 0.3828125 0.3515625 0.196875 0.1890625
0 0.8578125 0.609375 0.1453125 0.18125
0 0.959375 0.61796875 0.075 0.1765625
0 0.43671875 0.2125 0.1015625 0.1015625
0 0.9609375 0.4421875 0.078125 0.165625
0 0.95078125 0.8015625 0.0625 0.18125
0 0.08671875 0.27734375 0.140625 0.0515625