0 0.759375 0.52109375 0.1296875 0.08671875
0 0.61640625 0.5296875 0.1328125 0.0859375
0 0.61171875 0.44140625 0.134375 0.0875
0 0.61015625 0.35703125 0.1265625 0.08125
0 0.74296875 0.27421875 0.125 0.078125
0 0.47265625 0.7125 0.13671875 0.09140625
0 0.73828125 0.19453125 0.11953125 0.07578125
0 0.90078125 0.6109375 0.1296875 0.0890625
0 0.47265625 0.80859375 0.1390625 0.09765625
0 0.609375 0.278125 0.12421875 0.07890625
0 0.75234375 0.43515625 0.12890625 0.0828125
0 0.76875 0.703125 0.13515625 0.0921875
0 0.61953125 0.81015625 0.13984375 0.090625
0 0.7703125 0.79921875 0.14140625 0.0953125
0 0.61875 0.71328125 0.13828125 0.09453125
0 0.60703125 0.196875 0.121875 0.0765625
0 0.48046875 0.5265625 0.13984375 0.0921875
0 0.47890625 0.6203125 0.14140625 0.08984375
0 0.61796875 0.61875 0.134375 0.0875
0 0.90703125 0.70234375 0.13046875 0.0921875
0 0.75078125 0.35390625 0.134375 0.08203125
0 0.76328125 0.6140625 0.13203125 0.0875
0 0.915625 0.79921875 0.1359375 0.09453125
0 0.603125 0.121875 0.12265625 0.07109375
0 0.2890625 0.77265625 0.0953125 0.06015625
0 0.18984375 0.83671875 0.09140625 0.05546875
0 0.60078125 0.0484375 0.11875 0.07421875
0 0.1109375 0.58671875 0.07578125 0.04921875
0 0.28984375 0.60703125 0.0890625 0.05234375
0 0.2828125 0.8328125 0.1 0.0546875
0 0.29375 0.65859375 0.0921875 0.0546875
0 0.28828125 0.553125 0.08671875 0.05625
0 0.2953125 0.715625 0.096875 0.059375
0 0.2140625 0.31953125 0.0734375 0.05
0 0.1078125 0.69296875 0.08671875 0.05625
0 0.20078125 0.66484375 0.0890625 0.05703125
0 0.1984375 0.609375 0.09140625 0.0578125
0 0.109375 0.6359375 0.07734375 0.0484375
0 0.11328125 0.53828125 0.07578125 0.04921875
0 0.21015625 0.41171875 0.078125 0.0453125
0 0.19765625 0.5546875 0.08828125 0.0546875
0 0.21171875 0.36953125 0.07421875 0.04453125
0 0.19296875 0.77734375 0.09296875 0.0546875
0 0.12265625 0.40859375 0.0796875 0.04921875
0 0.290625 0.4953125 0.08671875 0.0546875
0 0.2 0.71875 0.08984375 0.0546875
0 0.20703125 0.45546875 0.08125 0.04453125
0 0.09375 0.8484375 0.07578125 0.03828125
0 0.2 0.5015625 0.0828125 0.05234375
0 0.98359375 0.27421875 0.03203125 0.075
0 0.11953125 0.49453125 0.07421875 0.04296875
0 0.096875 0.80859375 0.0734375 0.03515625
0 0.29296875 0.44609375 0.08203125 0.04921875
0 0.98828125 0.35390625 0.0234375 0.0765625
0 0.1203125 0.45078125 0.07421875 0.0359375
0 0.1109375 0.74140625 0.075 0.046875
0 0.10625 0.77734375 0.0703125 0.03359375
0 0.29140625 0.403125 0.07578125 0.034375
0 0.01875 0.36484375 0.034375 0.04375
0 0.1296875 0.3765625 0.06640625 0.02265625