0 0.45859375 0.153125 0.17109375 0.1859375
0 0.45859375 0.3390625 0.1671875 0.16328125
0 0.453125 0.50625 0.16171875 0.15390625
0 0.4453125 0.66328125 0.15625 0.14921875
0 0.44375 0.81171875 0.1515625 0.1296875
0 0.61796875 0.50859375 0.15625 0.15078125
0 0.25078125 0.4359375 0.23046875 0.1953125
0 0.31328125 0.58671875 0.0984375 0.065625
0 0.254827775 0.61851851875 0.2522786453125 0.5509259265625001 0.14599254687500002 0.5509259265625001 0.148596259375 0.6138888890625 0.254827775 0.61851851875
0 0.2616536453125 0.6203703703125 0.2631596578125 0.678703703125 0.363142259375 0.6898148140625 0.36158003125 0.63055555625 0.2616536453125 0.6203703703125
0 0.1574488859375 0.6833333328125 0.2600352015625 0.678703703125 0.2564453125 0.622222221875 0.25639000312500004 0.61944444375 0.15067923125 0.622222221875 0.1574488859375 0.6833333328125
0 0.26420114375 0.6879629625 0.2689453125 0.747222221875 0.3626215171875 0.7518518515625 0.3626215171875 0.6925925921875 0.26420114375 0.6879629625
0 0.262638915625 0.7509259265625 0.2642578125 0.8027777781250001 0.360017803125 0.8074074078125 0.3589763171875 0.75555555625 0.262638915625 0.7509259265625
0 0.26321614531250004 0.809259259375 0.26420114375 0.8638888890624999 0.3610592890625 0.8666666671875 0.35845557499999997 0.8111111109375001 0.26321614531250004 0.809259259375
0 0.2615974296875 0.7425925921875 0.2590494796875 0.6833333328125 0.1527622015625 0.6888888890625 0.155365915625 0.75 0.2615974296875 0.7425925921875
0 0.2606119796875 0.8120370375 0.25795223125 0.7481481484375 0.1538036875 0.7509259265625 0.1558866578125 0.8083333328125001 0.2606119796875 0.8120370375
0 0.151720715625 0.8129629625 0.152241459375 0.8703703703125001 0.2589934046875 0.874056084375 0.25795223125 0.8138888890624999 0.151720715625 0.8129629625
0 0.0439453125 0.6111111109375 0.0470514296875 0.6703703703125 0.1501584875 0.6731481484375 0.14599254687500002 0.6111111109375 0.0439453125 0.6111111109375
0 0.14390957499999998 0.6777777781250001 0.043406231249999996 0.678703703125 0.0475911453125 0.7425925921875 0.0475721734375 0.7398148140624999 0.14495106093750001 0.746296296875 0.14390957499999998 0.6777777781250001
0 0.0491344015625 0.747222221875 0.052278645312500004 0.8083333328125001 0.15067923125 0.8074074078125 0.147554775 0.7481481484375 0.0491344015625 0.747222221875
0 0.14963774531250001 0.8101851859375 0.052258857812500004 0.8101851859375 0.05737888125 0.8611667328125 0.151720715625 0.8666666671875 0.14963774531250001 0.8101851859375
0 0.180361565625 0.13333333281249998 0.1798828125 0.1361111109375 0.18348602187500002 0.20833333281250002 0.2615974296875 0.20833333281250002 0.2574314875 0.13703703750000001 0.180361565625 0.13333333281249998
0 0.6709012046875 0.2388888890625 0.6783203125 0.0953703703125 0.5516511234375 0.0861111109375 0.54748518125 0.23518518593749999 0.6709012046875 0.2388888890625
0 0.6630900640624999 0.3796296296875 0.6694661453124999 0.24259259218749998 0.5464436953125 0.2379629625 0.5448814671875 0.3768518515625 0.6630900640624999 0.3796296296875
0 0.6849612578125 0.7425925921875 0.6929036453124999 0.5925925921874999 0.532904384375 0.5879629625 0.5308214140625 0.734259259375 0.6849612578125 0.7425925921875
0 0.527176215625 0.8833333328125 0.6776708609375001 0.8879629625 0.6830078125 0.746296296875 0.6833990296875 0.74444444375 0.529779928125 0.7453703703125 0.527176215625 0.8833333328125