0 0.8145312812500001 0.8070842359375 0.694242884375 0.3815041859375 0.45632318125 0.435877275 0.58070515625 0.880854571875 0.8145312812500001 0.8070842359375
0 0.578573928125 0 0.3573068078125 0.050421284375 0.463195340625 0.44442379374999996 0.6923735484375 0.383015678125 0.5829382921875 0 0.578573928125 0
0 0.5572866546874999 0.8719702281249999 0.4441474921875 0.44548515 0.2022684515625 0.5014235046875 0.296000271875 0.942992384375 0.5572866546874999 0.8719702281249999
0 0.1509462734375 0.73738538125 0.09673190312499999 0.747858121875 0.11884275468750001 0.8433800015624999 0.1727618296875 0.8273143203125001 0.1509462734375 0.73738538125
0 0.15311223125 0.7337645859374999 0.17385111875 0.824995428125 0.231497940625 0.8049883359375001 0.210303178125 0.7184403171875 0.15311223125 0.7337645859374999
0 0.25436523437499997 0.906290503125 0.23547571562499997 0.8155775921874999 0.1760261609375 0.8305924484375 0.197098478125 0.9277160203125 0.25436523437499997 0.906290503125
0 0.19504660625 0.932826509375 0.169506615625 0.8332539593750001 0.11976164843749999 0.8494705203124999 0.13904634531249999 0.9483384703125 0.19504660625 0.932826509375
0 0.273682659375 1 0.25470738593750003 0.9107595156249999 0.199657446875 0.9351382218750001 0.21512458906249998 1 0.273682659375 1
0 0.21197000156249998 1 0.1964145265625 0.9294194890625 0.13741031406249998 0.9499313656249999 0.14762077499999998 1 0.21197000156249998 1
0 0 0.41850864374999996 0.1390536953125 0.38405974375 0.114579840625 0.26040114375 0 0.2845311734375 0 0.41850864374999996
0 0.11375726562499999 0.2302516046875 0.10529125156250001 0.202150121875 0.0295223625 0.23035685625000002 0.03631900625 0.261426659375 0.11375726562499999 0.2302516046875
0 0 0.26262142499999996 0.030511149999999997 0.255885553125 0.0243955265625 0.23131454375 0 0.2373876203125 0 0.26262142499999996
0 0 0.23542864687499998 0.0302982390625 0.2288847734375 0.0246922625 0.20708939375000002 0 0.2131712984375 0 0.23542864687499998