0 0.7002576765625 0.404296875 0.7005324015625 0.3271484375 0.699158775 0.3251953125 0.5799280062500001 0.32177734375 0.576906028125 0.3251953125 0.5755324015625 0.3984375 0.5766313015625 0.40234375 0.6736093234375 0.40576171875 0.7002576765625 0.404296875
0 0.6980598734375 0.48681640625 0.7013565765625 0.4853515625 0.7010818515625 0.41845703125 0.7002576765625 0.408203125 0.6980598734375 0.40576171875 0.5821258078125 0.40771484375 0.5785543796875 0.40869140625 0.577455478125 0.41455078125 0.5763565765625 0.4794921875 0.578004928125 0.482421875 0.5972356984375 0.48486328125 0.6980598734375 0.48681640625
0 0.729377134375 0.74658203125 0.729926584375 0.74072265625 0.7282782328125 0.66796875 0.7266298812499999 0.6640625 0.5991573546875 0.65966796875 0.5972342765625 0.66064453125 0.5966848265625 0.66357421875 0.5953112 0.71435546875 0.5944870250000001 0.748046875 0.5961353765624999 0.74951171875 0.72580570625 0.7490234375 0.729377134375 0.74658203125
0 0.7282777312500001 0.85205078125 0.736519490625 0.84375 0.7332227875 0.74853515625 0.6010799296875 0.75146484375 0.599981028125 0.75341796875 0.599431578125 0.79345703125 0.599156853125 0.84619140625 0.6008052046875 0.84814453125 0.724981028125 0.85302734375 0.7282777312500001 0.85205078125
0 0.5758073765625 0.322265625 0.5758073765625 0.2607421875 0.5752579265625 0.255859375 0.57333485 0.25341796875 0.45218100312500004 0.2490234375 0.4505326515625 0.25146484375 0.4497084765625 0.275390625 0.4488843 0.3232421875 0.5716864984375001 0.32666015625 0.5752579265625 0.32470703125 0.5758073765625 0.322265625
0 0.5730596234374999 0.40283203125 0.5763563265625 0.40087890625 0.5749827 0.3310546875 0.5733343484375 0.32666015625 0.452455228125 0.3232421875 0.44805962343749994 0.32568359375 0.446411271875 0.3935546875 0.446411271875 0.39697265625 0.44805962343749994 0.3994140625 0.5730596234374999 0.40283203125
0 0.572235196875 0.48681640625 0.5752571750000001 0.4833984375 0.5769055265625 0.41357421875 0.5755319 0.40625 0.44943299843749995 0.40234375 0.44750992187499994 0.40673828125 0.4458615703125 0.4794921875 0.4458615703125 0.484375 0.447235196875 0.486328125 0.572235196875 0.48681640625
0 0.576355490625 0.5712890625 0.57882801875 0.56884765625 0.5785532921875001 0.498046875 0.5782785671874999 0.4931640625 0.576630215625 0.490234375 0.4491576890625 0.48681640625 0.44778406249999997 0.48974609375 0.44723461093749994 0.50830078125 0.44613571093750004 0.56884765625 0.44805878750000006 0.5712890625 0.5686631828125 0.57177734375 0.576355490625 0.5712890625
0 0.580476203125 0.6611328125 0.581849828125 0.57861328125 0.5802014765625 0.57470703125 0.44778389531249996 0.57470703125 0.44586081718750004 0.578125 0.44531136718750003 0.6005859375 0.44503664218749994 0.65966796875 0.44668499375000004 0.6640625 0.5793773015625 0.6630859375 0.580476203125 0.6611328125
0 0.5832231203125 0.67724609375 0.5821242203125 0.66748046875 0.5788275171875 0.6650390625 0.509871471875 0.6630859375 0.4483330109375 0.6669921875 0.44668465937499996 0.67041015625 0.44476158281249994 0.724609375 0.44503630781250003 0.75634765625 0.553552790625 0.755859375 0.5851461984374999 0.75341796875 0.5832231203125 0.67724609375
0 0.43542175937499994 0.2119140625 0.43734483593749995 0.20703125 0.43734483593749995 0.15234375 0.435971209375 0.1376953125 0.43322395625 0.1357421875 0.3117953859375 0.1337890625 0.3093228578125 0.1357421875 0.3060261546875 0.14697265625 0.303828353125 0.18359375 0.30327890156250004 0.21142578125 0.3063008796875 0.21435546875 0.4310261546875 0.21484375 0.43542175937499994 0.2119140625
0 0.42910274375 0.296875 0.432948896875 0.29541015625 0.4348719734375 0.28955078125 0.43514670000000005 0.22314453125 0.43377307343749993 0.220703125 0.3115203265625 0.216796875 0.306849996875 0.21728515625 0.30547637031249997 0.2197265625 0.301355490625 0.2890625 0.301355490625 0.29248046875 0.3030038421875 0.29443359375 0.42910274375 0.296875
0 0.43267367031250004 0.3740234375 0.43651982343749995 0.30322265625 0.43377257187499996 0.298828125 0.41838795624999997 0.29833984375 0.30602531875 0.29931640625 0.3021791640625 0.30224609375 0.2991571875 0.34228515625 0.297234109375 0.37353515625 0.3002560875 0.37646484375 0.4302011421875 0.37890625 0.43267367031250004 0.3740234375
0 0.4194861890625 0.46533203125 0.43074992500000003 0.4638671875 0.43212355156250004 0.40234375 0.43184882656249995 0.38427734375 0.430200475 0.3818359375 0.3508048703125 0.3798828125 0.29888179375 0.38037109375 0.296683990625 0.38232421875 0.2933872875 0.451171875 0.2933872875 0.4609375 0.2944861890625 0.46240234375 0.4194861890625 0.46533203125
0 0.420860065625 0.55908203125 0.42360731874999996 0.55517578125 0.42580512031250006 0.5302734375 0.426629296875 0.4697265625 0.42415676874999997 0.46728515625 0.3911897359375 0.466796875 0.2903655609375 0.4677734375 0.2878930328125 0.4736328125 0.2854205046875 0.515625 0.28377215312500004 0.5537109375 0.28706885625 0.5576171875 0.31921171406250004 0.56005859375 0.420860065625 0.55908203125
0 0.28074867187499997 0.5556640625 0.2821222984375 0.54541015625 0.2854190015625 0.46533203125 0.1444849359375 0.46337890625 0.14173768281250002 0.47216796875 0.1354190015625 0.53271484375 0.1351442765625 0.552734375 0.13981460625 0.55712890625 0.2793750453125 0.55712890625 0.28074867187499997 0.5556640625
0 0.7016334750000001 0.32275390625 0.70135875 0.2783203125 0.6994356734375 0.2548828125 0.6972378703125 0.25146484375 0.6821279812500001 0.2490234375 0.579655453125 0.24658203125 0.5777323765625 0.2490234375 0.5769082 0.26123046875 0.5766334750000001 0.3193359375 0.5780071015625 0.32275390625 0.6780071015625 0.32470703125 0.7016334750000001 0.32275390625
0 0.7076923078124999 0.5693359375 0.70686813125 0.49853515625 0.7041208796875 0.490234375 0.6892857140624999 0.48828125 0.5796703296875 0.49169921875 0.5793956046875001 0.5673828125 0.58049450625 0.56982421875 0.703571428125 0.57275390625 0.7076923078124999 0.5693359375
0 0.715109890625 0.6611328125 0.716208790625 0.658203125 0.7134615390625 0.58154296875 0.7112637359375 0.57568359375 0.709340659375 0.57470703125 0.5835164828125 0.5712890625 0.58104395625 0.57421875 0.5799450546875 0.60986328125 0.5796703296875 0.65966796875 0.5824175828125 0.66357421875 0.70604395625 0.662109375 0.715109890625 0.6611328125
0 0.5983516484375 0.85498046875 0.6008241765625 0.85205078125 0.6013736265625 0.822265625 0.6 0.7568359375 0.5989010984375 0.75537109375 0.5543956046875 0.75341796875 0.46208791250000003 0.755859375 0.45686813125 0.75830078125 0.45604395625 0.7734375 0.45576923125 0.8466796875 0.45686813125 0.85009765625 0.528846153125 0.8544921875 0.5983516484375 0.85498046875
0 0.4263736265625 0.65478515625 0.428296703125 0.6259765625 0.4299450546875 0.56591796875 0.427747253125 0.56005859375 0.42170329687499997 0.55859375 0.2884615390625 0.56005859375 0.28516483593749997 0.5712890625 0.2824175828125 0.6181640625 0.28186813125 0.65380859375 0.2829670328125 0.65576171875 0.42527472499999996 0.65625 0.4263736265625 0.65478515625
0 0.42197802187500005 0.75244140625 0.42335164843750006 0.67041015625 0.42142857187500005 0.66162109375 0.4178571421875 0.65771484375 0.278571428125 0.6572265625 0.2760989015625 0.66064453125 0.27445054999999996 0.6796875 0.26978022031250004 0.74951171875 0.271153846875 0.75390625 0.42005494531250004 0.75439453125 0.42197802187500005 0.75244140625
0 0.39340659375000003 0.86181640625 0.40906593437499994 0.86083984375 0.4115384609375 0.859375 0.4134615390625 0.85498046875 0.41318681249999994 0.75830078125 0.4115384609375 0.75390625 0.26978022031250004 0.75439453125 0.265109890625 0.7568359375 0.2629120875 0.7724609375 0.2576923078125 0.853515625 0.2576923078125 0.85888671875 0.259340659375 0.8603515625 0.39340659375000003 0.86181640625
0 0.27582417656249997 0.65478515625 0.27692307656250004 0.65283203125 0.278571428125 0.5849609375 0.27692307656250004 0.56201171875 0.2733516484375 0.556640625 0.26565934062499996 0.5556640625 0.1351648359375 0.556640625 0.1302197796875 0.56640625 0.125 0.6416015625 0.124725275 0.6513671875 0.1258241765625 0.6533203125 0.1321428578125 0.654296875 0.27582417656249997 0.65478515625
0 0.2917582421875 0.4560546875 0.29395604375 0.37841796875 0.2892857140625 0.37255859375 0.1546703296875 0.37353515625 0.150274725 0.38134765625 0.1453296703125 0.447265625 0.14478022031249999 0.4599609375 0.1480769234375 0.4619140625 0.2898351640625 0.462890625 0.2917582421875 0.4560546875
0 0.2956043953125 0.37109375 0.296153846875 0.291015625 0.29285714218750003 0.287109375 0.2829670328125 0.28662109375 0.1626373625 0.287109375 0.158791209375 0.2939453125 0.1541208796875 0.35546875 0.153846153125 0.37158203125 0.1549450546875 0.373046875 0.29395604375 0.3740234375 0.2956043953125 0.37109375
0 0.3021978015625 0.21435546875 0.300274725 0.2060546875 0.297527471875 0.203125 0.1706043953125 0.203125 0.1678571421875 0.2060546875 0.1664835171875 0.2109375 0.1623626375 0.26953125 0.1618131875 0.28564453125 0.1631868125 0.287109375 0.2978021984375 0.2880859375 0.3021978015625 0.21435546875
0 0.26538461562500004 0.7490234375 0.26703296718749997 0.708984375 0.2664835171875 0.66162109375 0.26565934062499996 0.65966796875 0.12252747187499999 0.65478515625 0.11895604374999999 0.66015625 0.11428571406250002 0.73193359375 0.1137362640625 0.7509765625 0.11483516406250001 0.75244140625 0.2629120875 0.75390625 0.26538461562500004 0.7490234375
0 0.2576923078125 0.859375 0.2604395609375 0.79931640625 0.2604395609375 0.76904296875 0.258791209375 0.75830078125 0.11208791250000001 0.75634765625 0.109340659375 0.76171875 0.10714285781249999 0.7861328125 0.1021978015625 0.853515625 0.10329670312499999 0.85986328125 0.2543956046875 0.8623046875 0.2576923078125 0.859375