0 0.56484375 0.18125 0.1859375 0.196875
0 0.54453125 0.35703125 0.178125 0.18125
0 0.52265625 0.5265625 0.1734375 0.1671875
0 0.5 0.67734375 0.1671875 0.1515625
0 0.4828125 0.82421875 0.1625 0.1421875
0 0.3265625 0.4375 0.2453125 0.2109375
0 0.5753511812500001 0.7631241109375 0.55825456875 0.9047656234374999 0.7056979921875 0.922312565625 0.7257249609375 0.7846452765625 0.5753511812500001 0.7631241109375
0 0.59281673125 0.6112907843750001 0.5758353796875 0.7575896953125001 0.7280629171874999 0.7802025078125 0.7505358515625 0.632525121875 0.59281673125 0.6112907843750001
0 0.617348975 0.4563578625 0.59780838125 0.6080096453125 0.7539093453125 0.62817295 0.7768686437500001 0.4749613390625 0.617348975 0.4563578625
0 0.662171259375 0.11730752656250001 0.644832546875 0.261716246875 0.7515705046875001 0.2784903109375 0.7729561687500001 0.1372240390625 0.662171259375 0.11730752656250001
0 0.6432301265625 0.2680822921875 0.62805873125 0.39966815 0.7286263875000001 0.41683184375 0.749449321875 0.2848109703125 0.6432301265625 0.2680822921875
0 0.3298395609375 0.5520342140625 0.3259082609375 0.614893740625 0.42175223281249996 0.6307147046875 0.42804051249999997 0.5717792375 0.3298395609375 0.5520342140625
0 0.323429715625 0.619324209375 0.31810353125 0.6802027749999999 0.4143903875 0.6979214109375 0.42014981249999994 0.63708075 0.323429715625 0.619324209375
0 0.3183801953125 0.68301536875 0.3120164875 0.7438031609375 0.40906420312499997 0.758799975 0.41501958906249997 0.701694309375 0.3183801953125 0.68301536875
0 0.30978004375 0.7454664234374999 0.30613697968750003 0.7990565390625 0.3979115640625 0.813592015625 0.40406773281249997 0.7611512296875 0.30978004375 0.7454664234374999
0 0.30573347968750003 0.8036685515625 0.3006955328125 0.8552777062500001 0.392992615625 0.87078835625 0.396793340625 0.8144236453125 0.30573347968750003 0.8036685515625
0 0.3144148140625 0.6148176578125 0.32082465937500004 0.547527659375 0.2157263296875 0.536473821875 0.2128990328125 0.60407725 0.3144148140625 0.6148176578125
0 0.3143569421875 0.6752276765625 0.31780404375 0.6179025640625 0.21361375625 0.6078576328125 0.21292603593749998 0.6700714718749999 0.3143569421875 0.6752276765625
0 0.2078033734375 0.6742706125 0.2045522328125 0.7353307203125 0.30949078124999996 0.743582190625 0.31343468125 0.679794303125 0.2078033734375 0.6742706125
0 0.2011975671875 0.7378256125 0.19810782656249998 0.797040915625 0.3013282390625 0.8070009953125 0.3053878546875 0.7478705453125001 0.2011975671875 0.7378256125
0 0.1948338609375 0.79861340625 0.189991875 0.8539575562499999 0.2948029546875 0.8696335765625 0.2982632890625 0.8113801609375001 0.1948338609375 0.79861340625
0 0.107994021875 0.5902519374999999 0.105780403125 0.6514028171875 0.20805704687499998 0.6594214015625 0.2086821921875 0.5990610109375 0.107994021875 0.5902519374999999
0 0.101226815625 0.6556517421875 0.09956652187500001 0.722427809375 0.197222825 0.7300421671875 0.201347715625 0.6644111859375 0.101226815625 0.6556517421875
0 0.0999238828125 0.724318 0.0976295671875 0.78639128125 0.19484835 0.7930378984375 0.1984885 0.7329412859375 0.0999238828125 0.724318
0 0.096222946875 0.8383181359374999 0.18939241406250001 0.8548345734374999 0.18864586249999998 0.8519808703124999 0.19188269375 0.7964962875 0.0974681671875 0.7882360859374999 0.096222946875 0.8383181359374999
0 0.3455305234375 0.2113646796875 0.35086828125 0.1384041109375 0.273544834375 0.1325686484375 0.27090961875 0.2039067328125 0.3455305234375 0.2113646796875
0 0.203584965625 0.45361886250000005 0.21272575 0.289903659375 0.1289647078125 0.2788576671875 0.12386856406249999 0.474528465625 0.1717559875 0.47685914687500003 0.18980893906250002 0.4617082453125 0.203584965625 0.45361886250000005
0 0.074378396875 0.5622154546875 0.070342925 0.7338130171875 0.097514465625 0.7399080703124999 0.09890967187500001 0.6582374078125001 0.10542304218750001 0.6495126250000001 0.10859348124999998 0.589374921875 0.13212228125 0.565408465625 0.07544086875 0.562308409375 0.074378396875 0.5622154546875
0 0.015026671875 0.3064138796875 0.013959482812499998 0.31861191718750004 0.013880659375000002 0.3249582703125 0.10614627968749998 0.33552218906250003 0.10621587968749999 0.3187091390625 0.015026671875 0.3064138796875
0 0.0133707265625 0.32678244843750004 0.012551685937500001 0.3441528609375 0.105990190625 0.353573534375 0.1058217671875 0.339231384375 0.0133707265625 0.32678244843750004
0 0.012095840625 0.3453588421875 0.010396028125 0.3607834046875 0.10401989062500001 0.37208908749999997 0.10454688125 0.35780777812500003 0.012095840625 0.3453588421875
0 0.0100536734375 0.363255515625 0.0096391046875 0.36799405625000003 0.0092293140625 0.3781234 0.10263689375 0.39190188593749997 0.10332608125000001 0.37576597343749996 0.0100536734375 0.363255515625
0 0.1041217390625 0.410719725 0.1041439640625 0.41072166875000005 0.10523436875 0.3939979265625 0.0085931515625 0.3799493546875 0.0081441765625 0.38508116718749996 0.007660835937500001 0.3960511765625 0.1041217390625 0.410719725
0 0.00744449375 0.398523975 0.0063859484375 0.4146275703125 0.1045305140625 0.4263287625 0.10476300624999998 0.4113987578125 0.00744449375 0.398523975
0 0.0054567093749999995 0.41579905781250004 0.0049726 0.42133245468749997 0.0044157109375 0.43314312812500005 0.1045152421875 0.442523634375 0.10509516875 0.4276240265625 0.0054567093749999995 0.41579905781250004
0 0.0040139484375 0.4337309109375 0.003009490625 0.44921630781250005 0.104121371875 0.4630459 0.1042761296875 0.44499444062500004 0.0040139484375 0.4337309109375
0 0.0029554046875 0.4498345078125 0.0022445359375 0.465968521875 0.10555113281249999 0.4787442640625 0.1057826546875 0.463814175 0.0029554046875 0.4498345078125
0 0 0.48570917968750005 0.10467812812499999 0.49673288906249996 0.10501770156250001 0.48056638749999997 0.0014410125 0.467144084375 0 0.48361493437499997 0 0.48570917968750005
0 0.092895134375 0.5430447703125 0.0938597828125 0.508245025 0.0177044515625 0.49348419374999997 0.016947040625 0.5582027593750001 0.07208851875 0.56863339375 0.0730079703125 0.5581240078125 0.092895134375 0.5430447703125
0 0.071439278125 0.6321155593750001 0.07291520625 0.57119744375 0.017426050000000002 0.5607363921874999 0.01740534375 0.6211588921875 0.071439278125 0.6321155593750001
0 0.070426953125 0.683730271875 0.07173286875 0.6327641765625 0.0192105453125 0.624431484375 0.019948303125 0.6761993078125 0.070426953125 0.683730271875
0 0 0.6775687125000001 0.008540526562500001 0.6783159125 0.010657725 0.618076828125 0 0.6165540203125001 0 0.6775687125000001
0 0 0.6171443984375 0.014829842187500001 0.6184418421875 0.0136104640625 0.560402571875 0 0.5583667578125 0 0.6171443984375
0 0 0.5564726703125 0.0161976015625 0.5587601234374999 0.015093365624999999 0.49138695937500004 0 0.48888328437500006 0 0.5564726703125