0 0.6984375 0.27578125 0.2421875 0.290625
0 0.74140625 0.53671875 0.240625 0.278125
0 0.7828125 0.78671875 0.246875 0.28125
0 0.93125 0.7484375 0.1375 0.265625
0 0.91015625 0.50234375 0.1796875 0.2765625
0 0.88359375 0.24140625 0.2 0.284375
0 0.346875 0.28984375 0.1703125 0.125
0 0.44375 0.9375 0.175 0.103125
0 0.43203125 0.85546875 0.175 0.0984375
0 0.4203125 0.775 0.175 0.1078125
0 0.41015625 0.69140625 0.178125 0.10625
0 0.40234375 0.61328125 0.1765625 0.1171875
0 0.3875 0.53203125 0.178125 0.109375
0 0.3671875 0.453125 0.1734375 0.1171875
0 0.353125 0.36796875 0.1765625 0.1171875
0 0.2765625 0.96015625 0.190625 0.0796875
0 0.26640625 0.89453125 0.190625 0.1078125
0 0.25703125 0.809375 0.190625 0.1078125
0 0.2421875 0.728125 0.1875 0.1140625
0 0.228125 0.64140625 0.18125 0.109375
0 0.21484375 0.55703125 0.1875 0.1140625
0 0.196875 0.4765625 0.1890625 0.1171875
0 0.18359375 0.39140625 0.1875 0.1234375
0 0.16640625 0.30078125 0.1953125 0.1359375
0 0.1484375 0.21328125 0.1921875 0.128125
0 0.13671875 0.125 0.190625 0.134375