0 0.52109375 0.13046875 0.1765625 0.1890625
0 0.64453125 0.18671875 0.1734375 0.1765625
0 0.7671875 0.2375 0.159375 0.1671875
0 0.7015625 0.3734375 0.1703125 0.18125
0 0.58828125 0.32890625 0.171875 0.1796875
0 0.46953125 0.2765625 0.171875 0.1765625
0 0.52734375 0.45625 0.1625 0.16875
0 0.65078125 0.50234375 0.1640625 0.178125
0 0.41328125 0.40859375 0.1671875 0.1671875
0 0.4796875 0.5859375 0.153125 0.1640625
0 0.58828125 0.63125 0.1515625 0.15
0 0.36328125 0.53828125 0.1578125 0.1640625
0 0.31484375 0.65390625 0.1640625 0.1640625
0 0.42890625 0.70625 0.1546875 0.165625
0 0.53671875 0.7515625 0.153125 0.1625
0 0.26640625 0.77421875 0.15625 0.1640625
0 0.38046875 0.81875 0.15 0.153125
0 0.48515625 0.86640625 0.1421875 0.1484375
0 1 0.22322330781250002 0.9387229343750001 0.19509676250000002 0.9357000093750001 0.1833701984375 0.8586180953125 0.36371481562499997 1 0.42083681093749997 1 0.22322330781250002
0 0.9309846859375 0.5792940875 0.9979818578125 0.432000434375 0.8545621750000001 0.37028990781250004 0.7860733921875 0.5247390921874999 0.9309846859375 0.5792940875
0 0.8548772984375 0.726899890625 0.9229623484375 0.58803185625 0.78061069375 0.5301537921875 0.7169821828125 0.660538634375 0.8548772984375 0.726899890625
0 0.7909985609375 0.8794464921875 0.8705051390625 0.734545040625 0.711782365625 0.6587994578124999 0.644011253125 0.8040876906250001 0.7909985609375 0.8794464921875
0 0.7443905828124999 1 0.7917057046875 0.89437328125 0.6401432687499999 0.8129399859375 0.5692547203125 0.9668804625 0.652936859375 1 0.7443905828124999 1
0 0.22807808281250003 0.6253916671875 0.31690286562500003 0.42036652031250005 0.2376215609375 0.4016448875 0.17193908125 0.5827448953125 0.22807808281250003 0.6253916671875
0 0.26908454531250003 0.2626216609375 0.3158944375 0.13379205624999999 0.2016133375 0.0849575671875 0.1588464984375 0.2167516109375 0.26908454531250003 0.2626216609375
0 0.22346223125 0.3959241484375 0.2678789921875 0.26745864375 0.1554364171875 0.237621259375 0.11883525156250001 0.350990125 0.22346223125 0.3959241484375
0 0.18566279531250002 0.5283942109375 0.22786774375 0.401697159375 0.126441825 0.355730309375 0.0798302609375 0.48829717187500005 0.18566279531250002 0.5283942109375
0 0.15602153125 0.6295541671875 0.1854634984375 0.536299728125 0.08361779531249999 0.484895959375 0.048620864062500005 0.5914855375 0.15602153125 0.6295541671875
0 0.1084047796875 0.7474097625 0.1489238390625 0.6360036390625 0.039682453125 0.5936397437500001 0.001992328125 0.7217194046875 0.1084047796875 0.7474097625