0 0.5953125 0.328125 0.1734375 0.10078125
0 0.59453125 0.44296875 0.1703125 0.11015625
0 0.5921875 0.55390625 0.1625 0.09453125
0 0.5875 0.65703125 0.16015625 0.0953125
0 0.5875 0.76015625 0.15703125 0.08515625
0 0.58671875 0.85703125 0.15546875 0.08828125
0 0.7703125 0.2109375 0.16640625 0.11015625
0 0.771875 0.3265625 0.17109375 0.10625
0 0.76484375 0.44140625 0.16328125 0.1046875
0 0.76171875 0.5515625 0.1671875 0.09140625
0 0.753125 0.65859375 0.15546875 0.09296875
0 0.75078125 0.759375 0.159375 0.0859375
0 0.7453125 0.8578125 0.15 0.08828125
0 0.41328125 0.45078125 0.1734375 0.1015625
0 0.41796875 0.56640625 0.1640625 0.1015625
0 0.41796875 0.6734375 0.16484375 0.0984375
0 0.41953125 0.7765625 0.15703125 0.09375
0 0.42265625 0.87109375 0.1578125 0.08125
0 0.25703125 0.86015625 0.15703125 0.08671875
0 0.25234375 0.765625 0.16015625 0.090625
0 0.24921875 0.66328125 0.16171875 0.10078125
0 0.24453125 0.55703125 0.16484375 0.09375
0 0.3417918078125 0.38055555625 0.36158003125 0.365740740625 0.36158003125 0.3546296296875 0.2335286453125 0.35 0.23399806562499997 0.42870370312499995 0.3261695265625 0.434259259375 0.32408655625 0.4018518515625 0.3417918078125 0.38055555625
0 1 0.1016988515625 0.8777994796874999 0.097222221875 0.867221209375 0.24259259218749998 0.99792763125 0.25 1 0.20086863593749998 1 0.1016988515625
0 1 0.25460975625 0.8767578125 0.25 0.864096753125 0.39351851875 0.9906372328125 0.403703703125 1 0.262635375 1 0.25460975625
0 0.8562856125 0.5351851859375001 0.9802223781249999 0.5370370375 0.9921994609375 0.4018518515625 0.8667004671875 0.397222221875 0.8562856125 0.5351851859375001
0 0.8465494796874999 0.6638888890625 0.9640793546875001 0.66851851875 0.9776186656249999 0.5361111109375 0.8588893265624999 0.5379629625 0.8465494796874999 0.6638888890625
0 0.8501953125 0.675 0.8427463015625 0.79351851875 0.9567889562499999 0.7990740734374999 0.968245296875 0.6768518515624999 0.8501953125 0.675
0 1 0.5365092828125 0.9812638640625 0.5388888890625 0.9720703125 0.6638888890625 1 0.6654998421875 1 0.5365092828125
0 1 0.6726239281249999 0.9713697531250001 0.66851851875 0.9593926703125 0.7833333328125 1 0.7868130140625 1 0.6726239281249999
0 1 0.7925356671875 0.9600911453125001 0.7916666671875 0.949498559375 0.9120370375 1 0.9120370375 1 0.7925356671875
0 0.8423828125 0.8018518515625 0.832331446875 0.9175925921875001 0.9458533593749999 0.91851851875 0.9562682140625001 0.8 0.8423828125 0.8018518515625