0 0.4546875 0.53046875 0.11484375 0.20625
0 0.4625 0.7515625 0.10078125 0.22890625
0 0.55390625 0.8109375 0.06796875 0.115625
0 0.62578125 0.8078125 0.06484375 0.11953125
0 0.63125 0.68046875 0.06640625 0.12421875
0 0.5578125 0.68203125 0.06796875 0.1234375
0 0.55703125 0.5484375 0.06796875 0.13125
0 0.63125 0.546875 0.06796875 0.125
0 0.634375 0.40703125 0.06875 0.13203125
0 0.5578125 0.41015625 0.07421875 0.1390625
0 0.603125 0.26171875 0.06953125 0.1296875
0 0.7078125 0.2625 0.071875 0.13046875
0 0.7859375 0.259375 0.071875 0.1359375
0 0.78671875 0.403125 0.07109375 0.13125
0 0.71171875 0.40625 0.0671875 0.1234375
0 0.7109375 0.5421875 0.06640625 0.12109375
0 0.7859375 0.54375 0.06953125 0.1296875
0 0.7828125 0.6734375 0.0640625 0.12109375
0 0.7109375 0.66953125 0.06796875 0.1234375
0 0.7078125 0.79921875 0.0640625 0.11328125
0 0.7796875 0.7984375 0.06875 0.11328125
0 0.8875 0.53046875 0.09375 0.21640625
0 0.92866885 0.6481481484375 0.8333729328124999 0.6490740734375 0.82452030625 0.8638888890624999 0.9182539953125 0.8620370375 0.92866885 0.6481481484375
0 0.9703282671875 0.184259259375 0.8376953125 0.1916666671875 0.8349351609375001 0.415740740625 0.9578304421875 0.41203703750000004 0.9703282671875 0.184259259375
0 0.30377758906249996 0.47407407343749997 0.23509114531250003 0.48055555625 0.24180920625 0.60555555625 0.31106798750000003 0.597222221875 0.30377758906249996 0.47407407343749997
0 0.3147131875 0.7324074078125 0.3121744796875 0.6129629624999999 0.2407677203125 0.6129629624999999 0.2470166328125 0.7379629624999999 0.3147131875 0.7324074078125
0 0.2470703125 0.74444444375 0.25326554687499997 0.865740740625 0.3214828421875 0.8601851859374999 0.31783764375 0.7425925921875 0.2470703125 0.74444444375
0 0.24909960468749998 0.8601851859374999 0.2439453125 0.74444444375 0.17359191093749998 0.747222221875 0.1829652796875 0.8629629624999999 0.24909960468749998 0.8601851859374999
0 0.1673828125 0.615740740625 0.172550425 0.7388888890625 0.23816400781249997 0.7351851859375 0.2376432640625 0.6166666671875001 0.1673828125 0.615740740625
0 0.23561197968749997 0.609259259375 0.23087360937499998 0.48518518593750004 0.1590111140625 0.48425925937500003 0.1657807703125 0.6074074078125 0.23561197968749997 0.609259259375
0 0.14599254687500002 0.3481481484375 0.1548828125 0.4768518515625 0.224624696875 0.4768518515625 0.21993801249999997 0.3416666671875 0.14599254687500002 0.3481481484375
0 0.06059074062499999 0.2009259265625 0.07204708125 0.33888888906250003 0.14703403125 0.33055555625 0.13505695 0.19351851874999998 0.06059074062499999 0.2009259265625
0 0.06790364531250001 0.3425925921875 0.079337478125 0.4768518515625 0.149117003125 0.475 0.142868090625 0.3379629625 0.06790364531250001 0.3425925921875
0 0.08142045 0.48333333281249996 0.0913145609375 0.6111111109375 0.161614828125 0.6046296296875 0.152241459375 0.477777778125 0.08142045 0.48333333281249996
0 0.0923828125 0.6148148140624999 0.1001671875 0.7388888890625 0.167863740625 0.7370370375 0.16369779843750001 0.6111111109375 0.0923828125 0.6148148140624999
0 0.10277090156249999 0.74444444375 0.10954055625 0.8675925921875001 0.1767163671875 0.859259259375 0.1715089390625 0.74351851875 0.10277090156249999 0.74444444375