0 0.4625 0.2046875 0.109375 0.1
0 0.4703125 0.42578125 0.11640625 0.10703125
0 0.46953125 0.66484375 0.1203125 0.12265625
0 0.46875 0.3140625 0.1171875 0.1046875
0 0.46796875 0.54375 0.11875 0.11171875
0 0.31484375 0.3609375 0.184375 0.17578125
0 0.81953125 0.76015625 0.1359375 0.18046875
0 0.4640625 0.7953125 0.12265625 0.12421875
0 0.93671875 0.5765625 0.1265625 0.16796875
0 0.8046875 0.575 0.13359375 0.17421875
0 0.92421875 0.40078125 0.1234375 0.1578125
0 0.30703125 0.546875 0.18984375 0.1796875
0 0.94453125 0.76328125 0.1109375 0.17265625
0 0.29296875 0.7578125 0.203125 0.2
0 0.3578125 0.2171875 0.0890625 0.09453125