0 0.565625 0.24921875 0.1640625 0.1921875
0 0.55625 0.45234375 0.16875 0.2015625
0 0.5609375 0.65078125 0.16484375 0.19453125
0 0.5625 0.8484375 0.16796875 0.196875
0 0.38828125 0.2546875 0.171875 0.21796875
0 0.38359375 0.45859375 0.1703125 0.19453125
0 0.3890625 0.65546875 0.1703125 0.19921875
0 0.39140625 0.85390625 0.1625 0.18984375
0 0.21796875 0.85390625 0.1765625 0.18515625
0 0.21328125 0.66171875 0.18046875 0.19453125
0 0.20390625 0.2546875 0.184375 0.20390625
0 0.05546875 0.24453125 0.10546875 0.20625
0 0.0578125 0.65625 0.11484375 0.20625
0 0.0640625 0.86328125 0.12734375 0.18984375
0 0.20390625 0.4546875 0.1796875 0.2015625
0 0.059375 0.4515625 0.1171875 0.19921875