0 0.27109375 0.2453125 0.13125 0.0734375
0 0.26015625 0.33125 0.1265625 0.08984375
0 0.2546875 0.4171875 0.12890625 0.0765625
0 0.246875 0.509375 0.12734375 0.084375
0 0.24453125 0.6015625 0.134375 0.0890625
0 0.24140625 0.7015625 0.14296875 0.09765625
0 0.23828125 0.8015625 0.1453125 0.0859375
0 0.41875 0.70546875 0.0796875 0.04140625
0 0.41640625 0.753125 0.07265625 0.040625
0 0.41328125 0.809375 0.06640625 0.05078125
0 0.41953125 0.8640625 0.06875 0.0421875
0 0.41875 0.9171875 0.0765625 0.05078125
0 0.49609375 0.7515625 0.0796875 0.04296875
0 0.47265625 0.87578125 0.021875 0.13359375
0 0.59375 0.49921875 0.0796875 0.04375
0 0.596875 0.55390625 0.07421875 0.0375
0 0.59453125 0.60390625 0.08203125 0.05859375
0 0.59296875 0.665625 0.08046875 0.05
0 0.590625 0.73046875 0.08359375 0.05
0 0.59453125 0.78125 0.0859375 0.05234375
0 0.59296875 0.83359375 0.08671875 0.0390625
0 0.67890625 0.44765625 0.08203125 0.04453125
0 0.6796875 0.496875 0.075 0.040625
0 0.68125 0.55234375 0.07890625 0.05390625
0 0.68046875 0.6109375 0.0796875 0.05390625
0 0.6765625 0.665625 0.075 0.05546875
0 0.678125 0.72421875 0.06953125 0.0453125
0 0.67890625 0.784375 0.075 0.0390625
0 0.6828125 0.8359375 0.0765625 0.04375
0 0.76328125 0.46171875 0.078125 0.053125
0 0.7625 0.51953125 0.078125 0.04140625
0 0.7640625 0.57109375 0.0859375 0.04609375
0 0.7625 0.62421875 0.08046875 0.040625
0 0.765625 0.67421875 0.08515625 0.04765625
0 0.7671875 0.734375 0.08515625 0.0453125
0 0.77109375 0.79296875 0.09140625 0.04140625
0 0.77265625 0.84140625 0.09375 0.0453125
0 0.13046875 0.22578125 0.13359375 0.0734375
0 0.11796875 0.315625 0.12734375 0.078125
0 0.10625 0.4015625 0.13671875 0.07890625
0 0.09609375 0.4859375 0.134375 0.08203125
0 0.0859375 0.5875 0.14140625 0.0890625