0 0.2453125 0.46875 0.2328125 0.23125
0 0.32265625 0.640625 0.24375 0.2421875
0 0.40546875 0.8328125 0.2546875 0.25625
0 0.31015625 0.26484375 0.1328125 0.1265625
0 0.36015625 0.35625 0.134375 0.128125
0 0.41484375 0.459375 0.153125 0.1515625
0 0.465625 0.565625 0.15625 0.1515625
0 0.51953125 0.678125 0.159375 0.153125
0 0.5765625 0.79296875 0.15625 0.1546875
0 0.77421875 0.43984375 0.190625 0.209375
0 0.86640625 0.60078125 0.1890625 0.20625
0 0.81015625 0.22734375 0.18125 0.190625
0 0.89765625 0.37890625 0.1828125 0.2
0 0.953125 0.54296875 0.09375 0.1984375