0 0.403125 0.2328125 0.2421875 0.2
0 0.35234375 0.4796875 0.228125 0.196875
0 0.3 0.71015625 0.225 0.1796875
0 0.08671875 0.709375 0.1734375 0.2375
0 0.121875 0.4296875 0.24375 0.246875
0 0.76875 0.2734375 0.18125 0.2734375
0 0.7078125 0.5203125 0.18125 0.259375
0 0.64765625 0.75625 0.1671875 0.2453125
0 0.5125 0.7265625 0.175 0.24375
0 1 0.1022820421875 0.9479594515624999 0.090267534375 0.7383613453125 0.8638715671874999 0.9207306703125001 0.9003209906249999 1 0.5569678031249999 1 0.1022820421875
0 0.34520658437499996 0.08985218125 0.182748175 0.055196546874999995 0.1488464625 0.22507237500000002 0.289304365625 0.255599075 0.31473127500000003 0.1246287921875 0.3347013640625 0.1330403765625 0.34520658437499996 0.08985218125