0 0.853125 0.146875 0.1703125 0.096875
0 0.871875 0.38125 0.25625 0.365625
0 0.86796875 0.7484375 0.253125 0.353125
0 0.603125 0.75234375 0.2546875 0.365625
0 0.61328125 0.384375 0.2546875 0.3609375
0 0.640625 0.14921875 0.178125 0.103125
0 0.31171875 0.29453125 0.140625 0.1515625
0 0.3453125 0.4625 0.0484375 0.178125
0 0.2984375 0.46484375 0.05 0.18125
0 0.24921875 0.46796875 0.05 0.1796875
0 0.20234375 0.46875 0.0515625 0.1828125
0 0.27421875 0.665625 0.1828125 0.2015625
0 0.278125 0.875 0.1828125 0.1984375