0 0.9171875 0.80390625 0.13828125 0.090625
0 0.76875 0.709375 0.13359375 0.08828125
0 0.76484375 0.5265625 0.12890625 0.08828125
0 0.77109375 0.80390625 0.14453125 0.09375
0 0.89765625 0.5296875 0.13359375 0.08515625
0 0.765625 0.61640625 0.1296875 0.08203125
0 0.9109375 0.70859375 0.1359375 0.0921875
0 0.86953125 0.2 0.12578125 0.0734375
0 0.86328125 0.125 0.11796875 0.075
0 0.8765625 0.278125 0.1265625 0.078125
0 0.503125 0.771875 0.08984375 0.05390625
0 0.89375 0.44140625 0.125 0.08203125
0 0.90546875 0.6171875 0.13125 0.0828125
0 0.5015625 0.83046875 0.090625 0.05546875
0 0.8578125 0.05546875 0.1125 0.06953125
0 0.59609375 0.76953125 0.0875 0.05625
0 0.27890625 0.52109375 0.084375 0.05
0 0.41015625 0.5890625 0.07578125 0.04765625
0 0.8859375 0.3578125 0.12421875 0.078125
0 0.59609375 0.82890625 0.0921875 0.05859375
0 0.41171875 0.68828125 0.08125 0.0515625
0 0.49140625 0.33125 0.06953125 0.04921875
0 0.41171875 0.6375 0.07734375 0.04765625
0 0.50234375 0.7140625 0.09140625 0.05859375
0 0.18828125 0.7203125 0.08359375 0.0515625
0 0.60078125 0.7109375 0.08515625 0.05703125
0 0.28203125 0.571875 0.08359375 0.05
0 0.19375 0.66875 0.0796875 0.0484375
0 0.2703125 0.7859375 0.0828125 0.05625
0 0.4140625 0.8421875 0.07578125 0.0359375
0 0.184375 0.834375 0.0859375 0.0546875
0 0.19453125 0.5625 0.08359375 0.05078125
0 0.50078125 0.66171875 0.08671875 0.0546875
0 0.19296875 0.61328125 0.08203125 0.05546875
0 0.18515625 0.775 0.084375 0.05703125
0 0.09375 0.778125 0.0859375 0.053125
0 0.49375 0.60859375 0.0875 0.05390625
0 0.28125 0.32734375 0.07421875 0.04765625
0 0.28046875 0.46875 0.08671875 0.0546875
0 0.5921875 0.65703125 0.08828125 0.053125
0 0.48828125 0.378125 0.071875 0.03828125
0 0.48828125 0.41796875 0.0734375 0.04765625
0 0.4109375 0.540625 0.07421875 0.046875
0 0.4921875 0.553125 0.0828125 0.05390625
0 0.271875 0.7296875 0.08359375 0.0546875
0 0.49140625 0.5046875 0.08125 0.05078125
0 0.5796875 0.5546875 0.0828125 0.05546875
0 0.41640625 0.76953125 0.071875 0.03359375
0 0.1984375 0.5109375 0.07734375 0.0453125
0 0.2796875 0.6234375 0.084375 0.0546875
0 0.584375 0.60703125 0.084375 0.0515625
0 0.2828125 0.37578125 0.08046875 0.0421875
0 0.28203125 0.41796875 0.08515625 0.04140625
0 0.2046875 0.4203125 0.06796875 0.04296875
0 0.2 0.46484375 0.06953125 0.0453125
0 0.26796875 0.84453125 0.08203125 0.0546875
0 0.11875 0.46875 0.078125 0.05078125
0 0.0921875 0.840625 0.0828125 0.053125
0 0.41640625 0.73203125 0.075 0.0359375
0 0.1 0.72109375 0.084375 0.0515625
0 0.48984375 0.459375 0.07578125 0.03984375
0 0.12421875 0.33828125 0.084375 0.04765625
0 0.12265625 0.41796875 0.0828125 0.053125
0 0.4125 0.41640625 0.07265625 0.04609375
0 0.41484375 0.803125 0.07265625 0.034375
0 0.2046875 0.38046875 0.06796875 0.0390625
0 0.4109375 0.4578125 0.07109375 0.034375
0 0.0375 0.57734375 0.075 0.0453125
0 0.578125 0.4984375 0.084375 0.05546875
0 0.10625 0.6671875 0.08671875 0.0515625
0 0.03359375 0.6265625 0.06640625 0.05
0 0.11484375 0.5703125 0.06875 0.04296875
0 0.02734375 0.78203125 0.05234375 0.046875
0 0.0390625 0.47890625 0.07265625 0.0421875
0 0.11640625 0.5203125 0.0703125 0.0484375
0 0.11171875 0.61640625 0.07734375 0.05078125
0 0.02734375 0.72890625 0.05390625 0.0484375
0 0.2734375 0.67578125 0.08203125 0.0515625
0 0.03828125 0.528125 0.0765625 0.04609375
0 0.56640625 0.41015625 0.07578125 0.0328125
0 0.03046875 0.68125 0.06015625 0.04296875
0 0.41171875 0.49609375 0.07265625 0.0375
0 0.025 0.8453125 0.04921875 0.05703125
0 0.41171875 0.38515625 0.06328125 0.02109375
0 0.56953125 0.4515625 0.0796875 0.04296875
0 0.1203125 0.37578125 0.08203125 0.03828125
0 0.0421875 0.43671875 0.0625 0.0375