0 0.7875 0.6078125 0.3078125 0.3984375
0 0.778125 0.21328125 0.1703125 0.20625
0 0.8546875 0.38203125 0.175 0.2109375
0 0.91484375 0.58125 0.1703125 0.2875
0 0.5484375 0.49609375 0.1484375 0.1296875
0 0.5875 0.57265625 0.140625 0.1234375
0 0.62265625 0.64609375 0.1390625 0.121875
0 0.66328125 0.72265625 0.14375 0.1265625
0 0.69765625 0.8 0.1359375 0.1171875
0 0.30625 0.4421875 0.15 0.178125
0 0.51875 0.88203125 0.1515625 0.1921875
0 0.38359375 0.59140625 0.1546875 0.1890625
0 0.59296875 0.828125 0.125 0.1515625
0 0.45 0.7296875 0.1515625 0.1828125
0 0.215625 0.603125 0.43125 0.79375
0 0.16015625 0.6359375 0.3203125 0.728125