0 0.2875 0.35625 0.175 0.16953125
0 0.278125 0.54453125 0.18203125 0.1796875
0 0.26484375 0.75390625 0.18828125 0.1921875
0 0.4375 0.20390625 0.10390625 0.08984375
0 0.440625 0.30859375 0.10625 0.0890625
0 0.44296875 0.425 0.11484375 0.1109375
0 0.43984375 0.54296875 0.11953125 0.10859375
0 0.43671875 0.66796875 0.121875 0.11015625
0 0.43515625 0.79609375 0.11640625 0.1140625
0 0.771875 0.57109375 0.12734375 0.16953125
0 0.78046875 0.75625 0.12578125 0.16796875
0 0.9 0.39765625 0.1265625 0.14921875
0 0.909375 0.57265625 0.12265625 0.1625
0 0.92265625 0.76328125 0.11875 0.1625