0 0.3875 0.7484375 0.196875 0.2296875
0 0.50703125 0.48203125 0.1484375 0.18125
0 0.5765625 0.31953125 0.175 0.2125
0 0.47109375 0.278125 0.165625 0.203125
0 0.40703125 0.44296875 0.165625 0.2015625
0 0.28515625 0.3921875 0.15 0.1796875
0 0.34140625 0.2359375 0.159375 0.209375
0 0.10625 0.64375 0.2125 0.25
0 0.80859375 0.734375 0.1484375 0.19375
0 0.70625 0.69296875 0.1546875 0.19375
0 0.75078125 0.49296875 0.103125 0.15
0 0.8109375 0.5265625 0.128125 0.1859375
0 0.875 0.54765625 0.121875 0.171875