0 0.55703125 0.4953125 0.1640625 0.159375
0 0.5640625 0.6515625 0.1671875 0.159375
0 0.5734375 0.80234375 0.159375 0.1515625
0 0.71875 0.48984375 0.171875 0.1640625
0 0.72265625 0.6453125 0.1609375 0.1546875
0 0.72890625 0.79453125 0.1609375 0.146875
0 0.41328125 0.8 0.165625 0.153125
0 0.2686837828125 0.08688876250000001 0.09362556718750001 0.08366023125 0.095653259375 0.08661238437499999 0.1147686703125 0.261631225 0.2959979625 0.2535993734375 0.2686837828125 0.08688876250000001
0 0.297667671875 0.42674422500000003 0.2809557546875 0.2623861421875 0.1207457484375 0.2774565375 0.1379701921875 0.4317234015625 0.297667671875 0.42674422500000003
0 0.314384003125 0.5787261515625 0.2998294015625 0.43278095156249996 0.1391893328125 0.447881421875 0.15425151406249998 0.58992370625 0.314384003125 0.5787261515625
0 0.32882645781250003 0.7355080171874999 0.3127561 0.5927627890625 0.156502603125 0.602142071875 0.17561866875 0.74622135 0.32882645781250003 0.7355080171874999
0 0.3378646234375 0.8771979578125 0.3251444734375 0.74504735625 0.1778740796875 0.7584394140625 0.1966672953125 0.8855245515625001 0.3378646234375 0.8771979578125
0 0.9884539484375001 0.8394393046875 0.9854749437500001 0.697325525 0.8396730640625 0.7028800515625 0.8452025296875 0.8432684609375001 0.9884539484375001 0.8394393046875