0 0.54453125 0.309375 0.0984375 0.11171875
0 0.64609375 0.31015625 0.103125 0.1203125
0 0.75078125 0.30625 0.0984375 0.10625
0 0.74921875 0.42265625 0.10078125 0.1046875
0 0.74765625 0.521875 0.09921875 0.09921875
0 0.746875 0.64296875 0.1 0.10625
0 0.74296875 0.74296875 0.1 0.084375
0 0.7421875 0.83984375 0.09375 0.10625
0 0.54453125 0.4234375 0.09765625 0.1
0 0.6453125 0.4203125 0.10625 0.1046875
0 0.64921875 0.52890625 0.09140625 0.10703125
0 0.54140625 0.52578125 0.103125 0.10625
0 0.54765625 0.64296875 0.0875 0.10078125
0 0.64453125 0.63671875 0.09296875 0.09375
0 0.64296875 0.740625 0.09453125 0.09296875
0 0.646875 0.83359375 0.090625 0.09296875
0 0.546875 0.7375 0.09609375 0.09765625
0 0.5453125 0.83671875 0.09375 0.07421875
0 0.45078125 0.47109375 0.0671875 0.16484375
0 0.45859375 0.63671875 0.06875 0.1625
0 0.46484375 0.81171875 0.05625 0.1484375
0 0.34375 0.28984375 0.10703125 0.11640625
0 0.3484375 0.40703125 0.1046875 0.10390625
0 0.35625 0.52265625 0.10703125 0.10703125
0 0.3625 0.63125 0.10546875 0.1140625
0 0.3671875 0.74140625 0.1078125 0.10078125
0 0.36640625 0.84921875 0.0890625 0.09921875
0 0.2359375 0.2984375 0.09921875 0.115625
0 0.24375 0.403125 0.10703125 0.10234375
0 0.259375 0.51875 0.09375 0.11171875
0 0.26328125 0.63046875 0.0875 0.09375
0 0.26953125 0.7359375 0.09375 0.10234375
0 0.2734375 0.84765625 0.09765625 0.103125
0 0.178125 0.83984375 0.090625 0.11171875
0 0.17109375 0.73203125 0.09453125 0.1
0 0.16796875 0.62734375 0.09921875 0.09453125
0 0.16015625 0.5328125 0.09609375 0.09140625
0 0.1484375 0.42421875 0.0953125 0.09609375
0 0.14140625 0.30078125 0.1078125 0.09453125
0 0.0241315671875 0.5589271828125 0.044956134375 0.8612793468750001 0.1317251625 0.866215728125 0.1150654453125 0.5502885875 0.0241315671875 0.5589271828125