0 0.61171875 0.2890625 0.1078125 0.115625
0 0.6109375 0.40703125 0.10390625 0.1046875
0 0.61328125 0.521875 0.103125 0.10703125
0 0.6125 0.6375 0.09921875 0.1046875
0 0.6109375 0.7453125 0.1015625 0.09296875
0 0.61171875 0.8484375 0.09765625 0.1
0 0.51171875 0.84609375 0.0953125 0.0984375
0 0.50859375 0.74140625 0.096875 0.1
0 0.50703125 0.6328125 0.10078125 0.11015625
0 0.5078125 0.51796875 0.1015625 0.1109375
0 0.50390625 0.40546875 0.10390625 0.109375
0 0.503125 0.28515625 0.103125 0.12421875
0 0.39765625 0.28671875 0.1046875 0.11953125
0 0.40078125 0.4078125 0.09921875 0.11171875
0 0.40390625 0.5203125 0.1015625 0.1015625
0 0.4046875 0.634375 0.10234375 0.10546875
0 0.4078125 0.7421875 0.1 0.096875
0 0.4140625 0.84296875 0.09453125 0.09140625
0 0.30390625 0.46171875 0.0671875 0.16953125
0 0.3542896328125 0.7194444437499999 0.3469992359375 0.5518518515624999 0.2902994796875 0.553703703125 0.2886760515625 0.5527777781250001 0.2912797640625 0.7231481484375 0.3542896328125 0.7194444437499999
0 0.360017803125 0.8888888890625 0.3543619796875 0.7296296296875 0.29388347812500004 0.728703703125 0.300132390625 0.8898148140625001 0.360017803125 0.8888888890625
0 0.23920549218749998 0.2046296296875 0.13717447968750002 0.2166666671875 0.14547180312500002 0.33148148125 0.24545440468750002 0.32685185156249996 0.23920549218749998 0.2046296296875
0 0.1486328125 0.3416666671875 0.15692814375 0.45185185156249996 0.2569107453125 0.4453703703125 0.2485788609375 0.33055555625 0.1486328125 0.3416666671875
0 0.258993715625 0.45185185156249996 0.1595703125 0.4601851859375 0.1683844828125 0.5666666671875 0.26628411406249997 0.5638888890625 0.258993715625 0.45185185156249996
0 0.265242628125 0.56851851875 0.1715494796875 0.5740740734374999 0.17567488125 0.6796296296875 0.27045005624999996 0.6740740734374999 0.265242628125 0.56851851875
0 0.2762369796875 0.7861111109375 0.27149154062499997 0.678703703125 0.1746333953125 0.6833333328125 0.180361565625 0.7870370375 0.2762369796875 0.7861111109375
0 0.2772197109375 0.8916666671875 0.27779947968749996 0.8916666671875 0.275136740625 0.7898148140625 0.17879933750000002 0.790740740625 0.1829652796875 0.8925925921875001 0.2772197109375 0.8916666671875
0 0.136098434375 0.20740740781250003 0.0340494796875 0.2203703703125 0.0444477171875 0.3361111109375 0.14443031875 0.32685185156249996 0.136098434375 0.20740740781250003
0 0.14390957499999998 0.3333333328125 0.0475911453125 0.3453703703125 0.057466284374999996 0.4583333328125 0.1543244296875 0.44907407343749994 0.14390957499999998 0.3333333328125
0 0.06006999843750001 0.46481481406249997 0.0684244796875 0.5666666671875 0.16473928437500002 0.5620370375 0.15328294375 0.45185185156249996 0.06006999843750001 0.46481481406249997
0 0.1715089390625 0.6759259265625001 0.1720703125 0.6740740734374999 0.16369779843750001 0.5638888890625 0.06840188124999999 0.575 0.076213021875 0.678703703125 0.1715089390625 0.6759259265625001
0 0.1777994796875 0.7851851859375001 0.1715089390625 0.6805555562500001 0.0756922796875 0.684259259375 0.082461934375 0.7861111109375 0.1777994796875 0.7851851859375001
0 0.1814453125 0.8898148140625001 0.1767163671875 0.7888888890625 0.08350342031249999 0.790740740625 0.089231590625 0.884259259375 0.1814453125 0.8898148140625001
0 0 0.31427634531250004 0.00018458593750000002 0.33055555625 0.0423828125 0.32685185156249996 0.0319498921875 0.209259259375 0 0.2155217453125 0 0.31427634531250004
0 0 0.4554986515625 0.05436197968749999 0.44629629687500005 0.0423647453125 0.33148148125 0 0.3397492125 0 0.4554986515625
0 0 0.569392690625 0.0658203125 0.559259259375 0.0553833140625 0.45185185156249996 0.00018458593750000002 0.4601851859375 0 0.4989139515625 0 0.569392690625
0 0 0.677744103125 0.073609309375 0.6703703703125 0.06579816875 0.5648148140625 0 0.571212971875 0 0.677744103125
0 0 0.7681649687500001 0.00018458593750000002 0.7870370375 0.0814453125 0.784259259375 0.073609309375 0.6745370375 0 0.6804862984375 0 0.7681649687500001
0 0.0876953125 0.8870370375000001 0.08089970625000001 0.7888888890625 0.00018458593750000002 0.7916666671875 0.001226071875 0.8898148140625001 0.0876953125 0.8870370375000001
0 0.9432496453124999 0.1925925921875 0.8564453125 0.19444444375 0.8536818984375 0.225 0.9422081609375 0.221296296875 0.9432496453124999 0.1925925921875
0 0.8500367000000001 0.22685185156249998 0.8491536453125 0.2546296296875 0.9385629609375 0.253703703125 0.9401251890625 0.225 0.8500367000000001 0.22685185156249998
0 0.9387369796874999 0.28611111093749997 0.9390837046874999 0.25833333281250004 0.8500367000000001 0.259259259375 0.8484744718749999 0.2898148140625 0.9387369796874999 0.28611111093749997
0 0.9356119796875 0.3166666671875 0.9370007328125001 0.2916666671875 0.8489952140625 0.29444444375 0.8484744718749999 0.321296296875 0.9356119796875 0.3166666671875
0 0.9366536453125001 0.32592592656249997 0.833893675 0.328703703125 0.8318107046875 0.440740740625 0.9328347921875 0.4379629625 0.9366536453125001 0.32592592656249997
0 0.92866885 0.5490740734374999 0.9330078125 0.44444444375 0.8318107046875 0.44444444375 0.8292069906249999 0.547222221875 0.92866885 0.5490740734374999
0 0.9250236515625 0.659259259375 0.9304036453125001 0.55648148125 0.8307692187500001 0.5509259265625001 0.8255617921875 0.6537037031249999 0.9250236515625 0.659259259375
0 0.823478821875 0.7583333328124999 0.9218991953125 0.771296296875 0.9293619796874999 0.6666666671875 0.92866885 0.6638888890625 0.8286862484374999 0.6601851859375001 0.823478821875 0.7583333328124999
0 0.9163411453125001 0.865740740625 0.9224199375 0.7703703703125 0.8255617921875 0.7611111109375 0.8203543640625 0.85555555625 0.9163411453125001 0.865740740625
0 1 0.25555572031249996 0.9402994796874999 0.25648148125 0.939604446875 0.28611111093749997 1 0.2870368734375 1 0.25555572031249996
0 1 0.3798026015625 0.9994898593749999 0.321296296875 0.9382161453125001 0.32685185156249996 0.9354385046875 0.43981481406249995 1 0.44073318281249996 1 0.3798026015625
0 1 0.28703719687499996 0.9382161453125001 0.28796296250000003 0.9364799906249999 0.321296296875 0.9994898593749999 0.3203703703125 1 0.2877156890625 1 0.28703719687499996
0 0.9319661453125001 0.5518518515624999 0.9994898593749999 0.5509259265625001 0.9994898593749999 0.44629629687500005 0.9349177624999999 0.4453703703125 0.9319661453125001 0.5518518515624999
0 0.9328347921875 0.559259259375 0.9283203125 0.6601851859375001 0.9994898593749999 0.6638888890625 0.9989691171875 0.5546296296875 0.9328347921875 0.559259259375
0 1 0.7682778625 0.9994898593749999 0.6675925921875 0.9307518203124999 0.665740740625 0.9251953125 0.765740740625 1 0.7703697140625 1 0.7682778625
0 0.9250236515625 0.76944444375 0.9199869796875 0.86944444375 0.9994898593749999 0.8731481484374999 0.9994898593749999 0.7731481484375 0.9250236515625 0.76944444375