0 0.8390625 0.82265625 0.09453125 0.09609375
0 0.7453125 0.24921875 0.09140625 0.10546875
0 0.7453125 0.36484375 0.08984375 0.09609375
0 0.73984375 0.484375 0.0859375 0.10390625
0 0.73671875 0.59765625 0.08203125 0.1046875
0 0.73984375 0.71328125 0.09140625 0.103125
0 0.7375 0.82578125 0.09609375 0.10625
0 0.64375 0.13046875 0.0890625 0.1140625
0 0.6421875 0.2546875 0.08828125 0.1125
0 0.64296875 0.37421875 0.09453125 0.1046875
0 0.64375 0.4875 0.0890625 0.096875
0 0.64453125 0.60390625 0.090625 0.11171875
0 0.640625 0.7203125 0.08828125 0.09453125
0 0.640625 0.83125 0.0828125 0.10390625
0 0.546875 0.12421875 0.08984375 0.1203125
0 0.54453125 0.25 0.09375 0.1125
0 0.54453125 0.371875 0.09296875 0.10625
0 0.54375 0.48671875 0.0875 0.09921875
0 0.54609375 0.603125 0.09375 0.11015625
0 0.546875 0.721875 0.08984375 0.103125
0 0.54609375 0.83828125 0.09375 0.103125
0 0.44296875 0.11796875 0.0984375 0.12109375
0 0.44140625 0.24765625 0.0953125 0.0984375
0 0.44375 0.3703125 0.0953125 0.1125
0 0.44453125 0.49140625 0.09609375 0.1046875
0 0.44375 0.60703125 0.09765625 0.10859375
0 0.44375 0.72265625 0.0953125 0.1046875
0 0.44765625 0.8390625 0.09140625 0.1140625
0 0.3359375 0.11796875 0.09375 0.1171875
0 0.3375 0.246875 0.0953125 0.115625
0 0.3375 0.36796875 0.09921875 0.12109375
0 0.3421875 0.49140625 0.0953125 0.1140625
0 0.3421875 0.6078125 0.0953125 0.11015625
0 0.346875 0.72421875 0.09375 0.11171875
0 0.34375 0.840625 0.09375 0.1078125
0 0.18359375 0.4859375 0.19609375 0.82578125