0 0.6734375 0.590625 0.096875 0.1703125
0 0.67421875 0.74453125 0.1 0.125
0 0.7796875 0.59140625 0.090625 0.16875
0 0.77578125 0.75 0.10234375 0.13359375
0 0.86171875 0.74375 0.06171875 0.121875
0 0.77734375 0.40078125 0.0515625 0.15859375
0 0.7125 0.39609375 0.0671875 0.15625
0 0.6453125 0.39609375 0.05703125 0.1515625
0 0.846875 0.39453125 0.07890625 0.1484375
0 0.8776363359375001 0.6296296296875 0.8892578125 0.478703703125 0.8104605250000001 0.478703703125 0.835456175 0.5101851859375001 0.8328524625 0.6296296296875 0.8776363359375001 0.6296296296875
0 0.1735921828125 0.8916666671875 0.1600911453125 0.6833333328125 0.022576793749999997 0.684259259375 0.0329916484375 0.897222221875 0.1735921828125 0.8916666671875
0 0.3283203125 0.68148148125 0.33398093906250004 0.88148148125 0.46468736093749996 0.8796296296874999 0.4631251328125 0.675 0.3283203125 0.68148148125
0 0.22670793906250003 0.397222221875 0.2179036453125 0.2259259265625 0.1116237984375 0.22777777812500002 0.1215179109375 0.4 0.22670793906250003 0.397222221875
0 0.2381642796875 0.5740740734374999 0.2293619796875 0.40648148125 0.1215179109375 0.409259259375 0.13609870625 0.578703703125 0.2381642796875 0.5740740734374999
0 0.4234375 0.48359375 0.10078125 0.159375
0 0.41953125 0.30625 0.10546875 0.1765625
0 0.30703125 0.30859375 0.10078125 0.175
0 0.3125 0.490625 0.10859375 0.16796875
0 0.3251283125 0.678703703125 0.3579351046875 0.6046296296875 0.36418401718750004 0.58055555625 0.2631599296875 0.5796296296875 0.266805128125 0.74444444375 0.32669054062499997 0.740740740625 0.3251283125 0.678703703125