0 0.92734375 0.43359375 0.10625 0.18671875
0 0.925 0.62578125 0.11015625 0.18046875
0 0.928125 0.80703125 0.12265625 0.16875
0 0.7921875 0.76796875 0.1328125 0.25546875
0 0.7921875 0.546875 0.11015625 0.175
0 0.796875 0.35703125 0.11015625 0.18828125
0 0.63203125 0.721875 0.18046875 0.346875
0 0.4703125 0.85859375 0.12109375 0.075
0 0.471875 0.77578125 0.11796875 0.078125
0 0.4703125 0.68984375 0.12109375 0.071875
0 0.46875 0.60625 0.11953125 0.07890625
0 0.4640625 0.52109375 0.121875 0.07578125
0 0.3578125 0.84375 0.0828125 0.14453125
0 0.26328125 0.86015625 0.09140625 0.159375
0 0.26484375 0.6984375 0.09140625 0.1515625
0 0.26171875 0.53046875 0.08828125 0.15390625
0 0.25546875 0.36015625 0.08984375 0.15
0 0.07109375 0.490625 0.0984375 0.884375