0 0.37578125 0.428125 0.29765625 0.16171875
0 0.3796875 0.584375 0.28984375 0.15078125
0 0.359375 0.84140625 0.41640625 0.2015625
0 0.7359375 0.64140625 0.1375 0.19921875
0 0.7375 0.82734375 0.13984375 0.1875
0 0.875 0.63671875 0.13359375 0.18515625
0 0.8734375 0.825 0.128125 0.178125
0 0.87109375 0.44921875 0.1375 0.18515625
0 0.87109375 0.26015625 0.1359375 0.1921875
0 0.9703125 0.2640625 0.059375 0.18984375
0 0.97109375 0.82109375 0.0578125 0.1890625
0 0.97109375 0.63515625 0.0578125 0.1921875
0 0.9703125 0.44765625 0.059375 0.2015625