0 0.82734375 0.73671875 0.2 0.3546875
0 0.67890625 0.5296875 0.125 0.0828125
0 0.67578125 0.61328125 0.121875 0.084375
0 0.67265625 0.69453125 0.1203125 0.0796875
0 0.66796875 0.77890625 0.11875 0.0828125
0 0.6609375 0.8625 0.1171875 0.0796875
0 0.56484375 0.834375 0.0859375 0.1453125
0 0.4796875 0.8421875 0.09375 0.1609375
0 0.49140625 0.6859375 0.0921875 0.15
0 0.45748292187499995 0.45247394375 0.45708621406249994 0.6074534234375 0.5454578109375 0.5978537875 0.5488173421875 0.44679423749999997 0.45748292187499995 0.45247394375
0 0.5495555046875 0.44220492031249997 0.555924909375 0.2839303453125 0.468876571875 0.29083795 0.46209093125 0.44629885781249995 0.5495555046875 0.44220492031249997
0 0.3171875 0.475 0.1734375 0.8546875
0 0.2046875 0.471875 0.1625 0.8390625