0 0.60078125 0.18984375 0.16875 0.1828125
0 0.728125 0.228125 0.165625 0.178125
0 0.84765625 0.2734375 0.1625 0.1828125
0 0.55546875 0.32734375 0.165625 0.1765625
0 0.6765625 0.36875 0.15625 0.175
0 0.79140625 0.4140625 0.15 0.153125
0 0.50859375 0.45234375 0.1625 0.171875
0 0.6265625 0.503125 0.1578125 0.165625
0 0.740625 0.546875 0.1515625 0.159375
0 0.459375 0.58515625 0.1546875 0.1578125
0 0.57421875 0.63203125 0.1484375 0.1515625
0 0.69296875 0.671875 0.146875 0.165625
0 0.41875 0.70859375 0.15 0.146875
0 0.52890625 0.74921875 0.1578125 0.1578125
0 0.6375 0.7875 0.140625 0.14375
0 0.59296875 0.890625 0.1421875 0.140625
0 0.37421875 0.825 0.14375 0.140625
0 0.48125 0.86484375 0.1375 0.1375
0 0.35706231875 0.321240915625 0.4056378921875 0.1865636421875 0.2868813125 0.139146475 0.24019499687499998 0.28752626718749996 0.35706231875 0.321240915625
0 0.336450496875 0.679599584375 0.40475319218749994 0.48123415625000004 0.3271406859375 0.46006532031249997 0.2684862 0.65097678125 0.336450496875 0.679599584375
0 0.36019671249999996 0.32493053125000004 0.23877495468749999 0.2831216671875 0.207383828125 0.4041380765625 0.325484034375 0.4513292375 0.36019671249999996 0.32493053125000004
0 0.289016884375 0.58495490625 0.3225641890625 0.4555445734375 0.20963490937499998 0.4231859 0.1752564953125 0.5379528859375 0.289016884375 0.58495490625
0 0.25770555 0.6929466921875 0.28744973749999997 0.5831101140625 0.17331368593750002 0.5441974140625 0.14280725 0.6599100328125 0.25770555 0.6929466921875
0 0.21012069531250002 0.8162183296875 0.24767345624999998 0.6986288218750001 0.1340253015625 0.6742968390625 0.1007275859375 0.7863824390625 0.21012069531250002 0.8162183296875
0 0.173354915625 0.54773965625 0.21109483281250002 0.421078234375 0.087378365625 0.393829840625 0.0582021171875 0.513310184375 0.173354915625 0.54773965625
0 0.2006333328125 0.41095005156250003 0.23308257812500002 0.288992903125 0.12120511249999999 0.2422642546875 0.08897682031250001 0.385555628125 0.2006333328125 0.41095005156250003
0 0.24019499687499998 0.28752626718749996 0.281630621875 0.1373385171875 0.1536588640625 0.10001869375000001 0.11713857968750001 0.23340772968749998 0.24019499687499998 0.28752626718749996
0 0.1842662296875 0 0.1572216609375 0.089280309375 0.281738015625 0.14129113437500002 0.323493909375 0 0.1842662296875 0
0 0.1388967375 0.6755311703125 0.1689752875 0.5540629046875 0.04983113125 0.508207484375 0.0146625296875 0.641890259375 0.1388967375 0.6755311703125
0 0 0.7571376453124999 0.0993076453125 0.781977875 0.1335387546875 0.6697706296875 0.016472165625 0.6370843093749999 0 0.7059684921875 0 0.7571376453124999