0 0.56796875 0.7015625 0.090625 0.2625
0 0.57890625 0.43359375 0.09140625 0.2703125
0 0.334375 0.678125 0.13046875 0.1296875
0 0.378125 0.3890625 0.09921875 0.10234375
0 0.35390625 0.240625 0.071875 0.178125
0 0.42421875 0.23828125 0.07578125 0.18828125
0 0.4984375 0.2421875 0.06796875 0.1875
0 0.190625 0.4046875 0.11328125 0.128125
0 0.18984375 0.26484375 0.121875 0.13515625
0 0.06796875 0.25703125 0.1046875 0.1203125
0 0.08125 0.3953125 0.11328125 0.13984375
0 0.1296875 0.59765625 0.13125 0.14921875
0 0.1375 0.75390625 0.12265625 0.15078125