0 0.47890625 0.15703125 0.171875 0.19140625
0 0.47734375 0.340625 0.16796875 0.16171875
0 0.46953125 0.5078125 0.16171875 0.16171875
0 0.46328125 0.66328125 0.15546875 0.14140625
0 0.45859375 0.81171875 0.153125 0.14296875
0 0.6203125 0.8140625 0.146875 0.13984375
0 0.6265625 0.6640625 0.1625 0.1390625
0 0.6359375 0.5109375 0.15390625 0.15859375
0 0.26875 0.43671875 0.23203125 0.19609375
0 0.6943346265625 0.09629629687499999 0.5710286453125 0.0861111109375 0.5657111765625 0.23518518593749999 0.6865234859375 0.24351851875000002 0.6943346265625 0.09629629687499999
0 0.5663411453125 0.240740740625 0.5620659765625 0.377777778125 0.676629375 0.38240740781250004 0.6833990296875 0.246296296875 0.5663411453125 0.240740740625
0 0.3813682546875 0.6268518515625 0.3814453125 0.5611111109375 0.2803441671875 0.5518518515624999 0.2808649109375 0.615740740625 0.3813682546875 0.6268518515625
0 0.27930268125 0.61851851875 0.279823425 0.6796296296875 0.380839253125 0.6906828578125 0.38032676875 0.6296296296875 0.27930268125 0.61851851875
0 0.37936197968749996 0.7546296296875 0.38084751250000004 0.6925925921875 0.2808649109375 0.6851851859375 0.2839893671875 0.747222221875 0.37936197968749996 0.7546296296875
0 0.3751193421875 0.8074074078125 0.3761608265625 0.753703703125 0.27878193906250004 0.7509259265625 0.2808649109375 0.803703703125 0.3751193421875 0.8074074078125
0 0.3761608265625 0.8638888890624999 0.3751193421875 0.8111111109375001 0.2803441671875 0.80648148125 0.28138565312499997 0.8629629624999999 0.3761608265625 0.8638888890624999
0 0.2772197109375 0.86851851875 0.2746744796875 0.8166666671874999 0.167863740625 0.809259259375 0.170988196875 0.8666666671875 0.2772197109375 0.86851851875
0 0.27878193906250004 0.8120370375 0.2767578125 0.7509259265625 0.16942596875 0.7453703703125 0.17359191093749998 0.809259259375 0.27878193906250004 0.8120370375
0 0.278261196875 0.7425925921875 0.2762369796875 0.6796296296875 0.16942596875 0.6833333328125 0.174112653125 0.746296296875 0.278261196875 0.7425925921875
0 0.2772197109375 0.6796296296875 0.2751953125 0.61851851875 0.1699467109375 0.6203703703125 0.17359191093749998 0.6824074078125 0.2772197109375 0.6796296296875
0 0.27357451250000003 0.6175925921875 0.2720703125 0.5490740734374999 0.1652600265625 0.54351851875 0.167863740625 0.6129629624999999 0.27357451250000003 0.6175925921875
0 0.0616322265625 0.6083333328125 0.0663189109375 0.671296296875 0.1678621515625 0.6740458312500001 0.1642185421875 0.609259259375 0.0616322265625 0.6083333328125
0 0.1652600265625 0.7416666671875001 0.16369779843750001 0.6768518515624999 0.06006999843750001 0.6777777781250001 0.06579816875 0.74351851875 0.1652600265625 0.7416666671875001
0 0.1699869796875 0.8018518515625 0.1668222546875 0.74351851875 0.066839653125 0.746296296875 0.0710055953125 0.80648148125 0.1699869796875 0.8018518515625
0 0.1673828125 0.8648148140625 0.1652600265625 0.80648148125 0.0710055953125 0.8083333328125001 0.07465079375 0.8648148140625 0.1673828125 0.8648148140625
0 0.2740952546875 0.209259259375 0.2725330265625 0.140740740625 0.196129 0.139846971875 0.199629046875 0.20555555625 0.2740952546875 0.209259259375
0 0.12412135312499999 0.4879629625 0.1501584875 0.4879629625 0.14338883281249998 0.3379629625 0.1511999734375 0.325 0.1511999734375 0.29907407343750003 0.0694661453125 0.29907407343750003 0.08089970625000001 0.497222221875 0.12412135312499999 0.4990740734375 0.12412135312499999 0.4879629625
0 0 0.35560634375 0.0460099453125 0.3583333328125 0.0465494796875 0.340740740625 0 0.3434683078125 0 0.35560634375
0 0 0.3731991609375 0.0486328125 0.375 0.0475721734375 0.3601851859375 0 0.3583854515625 0 0.3731991609375
0 0 0.39169873125 0.0486328125 0.39351851875 0.0465306875 0.3759259265625 0 0.37501674375 0 0.39169873125
0 0 0.40940766249999994 0.0501953125 0.4148148140625 0.0486136578125 0.39444444375 0 0.39444444375 0 0.40940766249999994
0 0 0.4278082515625 0.051217371874999994 0.4296296296875 0.052278645312500004 0.43240740781250003 0.0501758859375 0.4138888890625 0 0.41112959687500006 0 0.4278082515625
0 0.054341828125000005 0.44629629687500005 0.05436197968749999 0.44629629687500005 0.0533003421875 0.43148148124999997 0.000705328125 0.43055555625 0.00018458593750000002 0.44907407343749994 0.054341828125000005 0.44629629687500005
0 0 0.46481481406249997 0.05696614531250001 0.46481481406249997 0.054862570312500004 0.4481481484375 0 0.44722786093750005 0 0.46481481406249997
0 0 0.48333333281249996 0.059049479687499996 0.48333333281249996 0.0564247984375 0.465740740625 0 0.465740740625 0 0.48333333281249996
0 0 0.498160946875 0.0611328125 0.4990740734375 0.05798702812499999 0.48333333281249996 0 0.48333333281249996 0 0.498160946875
0 0 0.5177023640625 0.06215296875 0.521296296875 0.061111484375000004 0.4990740734375 0 0.49997958750000004 0 0.5177023640625
0 0 0.7058417546875 0.0413232609375 0.709259259375 0.0314291484375 0.58148148125 0.0538210859375 0.5638888890625 0.051236979687499996 0.5324074078125001 0.0527796 0.5305555562500001 0 0.5234727828125 0 0.7058417546875
0 0.06059074062499999 0.6101851859375 0.0881901046875 0.5851851859375 0.0329913765625 0.5851851859375 0.0434244796875 0.7611111109375 0.0663189109375 0.7629629625 0.0590285125 0.678703703125 0.065277425 0.66944444375 0.06059074062499999 0.6101851859375