0 0.3255200109375 0 0.309081409375 0.051261390625 0.46008747968749997 0.11463233749999999 0.480977771875 0.043432715625 0.3780435703125 0 0.3255200109375 0
0 0.4344267421875 0.191065875 0.45373249531250004 0.1305870265625 0.30288435625 0.059333504687500004 0.2790422390625 0.12351645781250001 0.4344267421875 0.191065875
0 0.42697407343749993 0.2812058171875 0.44194615156249994 0.20863986875 0.286609678125 0.1529800609375 0.2702009703125 0.21967107656249998 0.42697407343749993 0.2812058171875
0 0.40788100937499994 0.3639069578125 0.424499196875 0.2996400796875 0.2678637578125 0.23417756562499997 0.249674471875 0.3162955078125 0.40788100937499994 0.3639069578125
0 0.39201859687499996 0.4441863953125 0.4093310828125 0.3769121796875 0.25032036875 0.32753121875 0.23142689062500002 0.399191840625 0.39201859687499996 0.4441863953125
0 0.3078125 0.46875 0.175 0.1078125
0 0.2875 0.5515625 0.178125 0.103125
0 0.27109375 0.63359375 0.178125 0.109375
0 0.25078125 0.71171875 0.1765625 0.1015625
0 0.23046875 0.7890625 0.178125 0.10625
0 0.20859375 0.87578125 0.175 0.1015625
0 0.5794135015624999 0.33065345625 0.6003038703125 0.259453853125 0.45729876875000003 0.20664096718749997 0.4405461609375 0.27642014531250003 0.5794135015624999 0.33065345625
0 0.5625545 0.4075351859375 0.5842902750000001 0.33653075625 0.43884629531249997 0.28077910781250004 0.4218002390625 0.35761765 0.5625545 0.4075351859375
0 0.5387807015625 0.47965287500000003 0.5567874703125 0.4093713890625 0.41801749531250004 0.3709985578125 0.4040957578125 0.4343041828125 0.5387807015625 0.47965287500000003
0 0.53141764375 0.55397550625 0.5454546890625 0.4970317625 0.40076755625000005 0.4572928453125 0.3884293046875 0.5098774515625 0.53141764375 0.55397550625
0 0.45390625 0.58828125 0.165625 0.10625
0 0.434375 0.665625 0.1609375 0.0984375
0 0.41640625 0.740625 0.1609375 0.0890625
0 0.3953125 0.81953125 0.1609375 0.0890625
0 0.3765625 0.9 0.1578125 0.096875
0 0.86171875 0.38515625 0.24375 0.2828125
0 0.80234375 0.640625 0.2421875 0.284375
0 0.74453125 0.87578125 0.2390625 0.2484375