0 0.83671875 0.2703125 0.1328125 0.18046875
0 0.834375 0.459375 0.1265625 0.16953125
0 0.840625 0.65859375 0.12890625 0.175
0 0.84140625 0.846875 0.13203125 0.16796875
0 0.69765625 0.26640625 0.128125 0.178125
0 0.69453125 0.46171875 0.13359375 0.17421875
0 0.69765625 0.65625 0.13359375 0.18359375
0 0.696875 0.853125 0.13046875 0.184375
0 0.55 0.26484375 0.140625 0.18828125
0 0.5515625 0.46171875 0.13828125 0.1796875
0 0.55546875 0.65625 0.13359375 0.1703125
0 0.5546875 0.85703125 0.13203125 0.18828125
0 0.4046875 0.259375 0.1390625 0.1921875
0 0.4046875 0.46328125 0.13671875 0.1921875
0 0.40546875 0.665625 0.1375 0.1765625
0 0.409375 0.859375 0.13515625 0.18359375
0 0.16328125 0.26640625 0.14921875 0.1875
0 0.16484375 0.4734375 0.15 0.18984375
0 0.16875 0.67421875 0.1484375 0.19296875
0 0.16796875 0.87734375 0.14765625 0.18203125