0 0.46015625 0.59453125 0.171875 0.1359375
0 0.434375 0.69140625 0.1640625 0.13125
0 0.69921875 0.29609375 0.1484375 0.1140625
0 0.40859375 0.78828125 0.165625 0.13125
0 0.2640625 0.75390625 0.1671875 0.13125
0 0.6203125 0.64296875 0.1609375 0.1265625
0 0.59375 0.7375 0.165625 0.128125
0 0.56953125 0.83359375 0.1703125 0.134375
0 0.29296875 0.65703125 0.1625 0.1296875
0 0.7375 0.77109375 0.1609375 0.128125
0 0.71484375 0.86953125 0.16875 0.1359375
0 0.68125 0.37734375 0.1453125 0.109375
0 0.31875 0.5640625 0.1578125 0.1203125
0 0.38984375 0.303125 0.1484375 0.1109375
0 0.8375 0.26015625 0.1375 0.103125
0 0.6609375 0.4640625 0.1515625 0.1140625
0 0.6421875 0.546875 0.15625 0.121875
0 0.759375 0.67890625 0.153125 0.121875
0 0.796875 0.50234375 0.1546875 0.11875
0 0.36875 0.3859375 0.1578125 0.1203125
0 0.82265625 0.33671875 0.1375 0.103125
0 0.3453125 0.47109375 0.15625 0.1171875
0 0.43671875 0.14765625 0.1453125 0.10625
0 0.2953125 0.11484375 0.146875 0.1078125
0 0.775 0.58828125 0.1484375 0.115625
0 0.41484375 0.2234375 0.153125 0.1140625
0 0.80859375 0.41875 0.1390625 0.1078125
0 0.321875 0.046875 0.14375 0.09375
0 0.340625 0.01015625 0.134375 0.0203125
0 0.27265625 0.19375 0.15 0.1125
0 0.871875 0.80546875 0.146875 0.11875
0 0.103125 0.72578125 0.1671875 0.128125
0 0.93515625 0.3953125 0.1296875 0.1
0 0.90078125 0.63046875 0.134375 0.10625
0 0.92421875 0.465625 0.128125 0.103125
0 0.21953125 0.3578125 0.159375 0.1203125
0 0.24453125 0.27421875 0.1546875 0.115625
0 0.1328125 0.628125 0.16875 0.1296875
0 0.01875 0.690625 0.0375 0.115625
0 0.91171875 0.54765625 0.13125 0.1078125
0 0.88828125 0.7203125 0.146875 0.115625
0 0.196875 0.44609375 0.1609375 0.11875
0 0.16484375 0.53515625 0.159375 0.11875
0 0.03359375 0.5953125 0.0671875 0.115625
0 0.05078125 0.50234375 0.1015625 0.1140625
0 0.859375 0.90390625 0.128125 0.121875
0 0.06953125 0.409375 0.1296875 0.1125
0 0.99453125 0.41640625 0.0109375 0.0765625
0 0.98046875 0.57109375 0.0390625 0.0828125
0 0.96875 0.64921875 0.0359375 0.075
0 0.984375 0.4921875 0.03125 0.08125