0 0.40546875 0.29296875 0.0890625 0.103125
0 0.4953125 0.2796875 0.090625 0.096875
0 0.48515625 0.37890625 0.0875 0.09375
0 0.47265625 0.478125 0.0921875 0.0921875
0 0.3921875 0.39375 0.0984375 0.10625
0 0.4578125 0.5671875 0.0859375 0.0921875
0 0.44140625 0.65390625 0.0921875 0.0921875
0 0.43203125 0.7390625 0.0890625 0.0921875
0 0.54296875 0.62421875 0.0796875 0.071875
0 0.6171875 0.63984375 0.075 0.0703125
0 0.5328125 0.684375 0.0765625 0.059375
0 0.60546875 0.69609375 0.0765625 0.0640625
0 0.5203125 0.74296875 0.075 0.0640625
0 0.5953125 0.746875 0.0703125 0.0609375
0 0.63125 0.440625 0.1046875 0.0296875
0 0.6265625 0.45703125 0.10625 0.0296875
0 0.6234375 0.47421875 0.1046875 0.03125
0 0.6203125 0.4921875 0.1078125 0.0265625
0 0.6203125 0.509375 0.103125 0.0265625
0 0.6171875 0.525 0.1015625 0.0234375
0 0.61640625 0.54140625 0.103125 0.0296875
0 0.61484375 0.5578125 0.1 0.028125
0 0.61171875 0.5734375 0.1046875 0.0265625
0 0.609375 0.5890625 0.1015625 0.0265625
0 0.6641803625 0.58223101875 0.735391109375 0.588267309375 0.7614020859374999 0.42293295625000005 0.6952516765625 0.4066888921875 0.6641803625 0.58223101875
0 0.7184375421875 0.8379625578125 0.7527471140625 0.6763544828125 0.675569925 0.6662014546874999 0.6479636140625 0.82592535 0.7184375421875 0.8379625578125
0 0.2518431359375 0.7623978578124999 0.313178125 0.4612991046875 0.301510575 0.45937230937500007 0.239596134375 0.7629245953125 0.2518431359375 0.7623978578124999
0 0.2643623171875 0.7720568375 0.3301845015625 0.46541770312499997 0.31610914375 0.46455019531249997 0.2540590875 0.7660540421875 0.2643623171875 0.7720568375
0 0.27964394531250003 0.7685187109375 0.346850209375 0.466110325 0.334344284375 0.4625443640625 0.26951777187500003 0.7672753734375 0.27964394531250003 0.7685187109375
0 0.2956889828125 0.77116555 0.36046795625 0.4637214671875 0.3495535515625 0.46357854062500004 0.2825281703125 0.7729337046875 0.2956889828125 0.77116555
0 0.3083447546875 0.7750280218750001 0.37704205156250004 0.47242556562500004 0.36224495156250003 0.4697615203125 0.295883634375 0.772801440625 0.3083447546875 0.7750280218750001
0 0.32402033750000003 0.776604440625 0.3928019265625 0.4733157140625 0.379456175 0.46926148593750006 0.308664134375 0.774022334375 0.32402033750000003 0.776604440625
0 0.3366078375 0.77780174375 0.40667384375 0.47362575937500007 0.39419509218750004 0.47313846406250004 0.3240624609375 0.776261365625 0.3366078375 0.77780174375
0 0.35279585625 0.7783960984375 0.422229884375 0.4793671578125 0.4101393625 0.47477111250000004 0.3392609609375 0.7753409921875 0.35279585625 0.7783960984375
0 0 0.7950796734375001 0.11191555312499998 0.808821175 0.127746540625 0.679888128125 0 0.65918895 0 0.7950796734375001
0 0 0.6504652734375 0.12745929218750002 0.6559702187500001 0.14335738125 0.530866575 0.00344491875 0.5110701171875001 0 0.5709451265625 0 0.6504652734375
0 0.8800955296874999 0.7765980015625 0.8884154625 0.7088375828125 0.802147434375 0.704705978125 0.795080940625 0.755651175 0.8800955296874999 0.7765980015625
0 0.8690429828124999 0.83160396875 0.8794506546875 0.7774741859375001 0.7908163703125 0.7685018453125 0.7834020765624999 0.820133296875 0.8690429828124999 0.83160396875
0 0.8532448546875001 0.8946250171875001 0.8681669218750001 0.834362346875 0.7827759234375 0.8296094703125 0.7714921890625 0.886497634375 0.8532448546875001 0.8946250171875001
0 0.8363021375 0.945086525 0.84843218125 0.8988106234375 0.7729857625000001 0.88748205 0.7637796906250001 0.9361818875000001 0.8363021375 0.945086525
0 0.9353596187500001 0.9610704906249999 0.943120578125 0.906615659375 0.8551498687500001 0.9053672718750001 0.8454839015625 0.9490797765625001 0.9353596187500001 0.9610704906249999
0 0.9473366875 0.898535565625 0.9600929640625001 0.8427835015625 0.8726516484375001 0.8416001124999999 0.8611852609374999 0.8955999765625 0.9473366875 0.898535565625
0 0.9587546828125 0.8493063640624999 0.965486528125 0.781350878125 0.8820489968749999 0.7825697484374999 0.8729983062500001 0.8387768046874999 0.9587546828125 0.8493063640624999