0 0.43203125 0.1921875 0.15625 0.175
0 0.4640625 0.33203125 0.146875 0.159375
0 0.49921875 0.4703125 0.1453125 0.15625
0 0.53125 0.6 0.1375 0.140625
0 0.55703125 0.71875 0.1359375 0.134375
0 0.584375 0.84296875 0.1375 0.140625
0 0.5859375 0.30234375 0.15 0.159375
0 0.6171875 0.43828125 0.140625 0.1484375
0 0.64375 0.5640625 0.1375 0.1421875
0 0.6671875 0.68515625 0.128125 0.128125
0 0.69140625 0.8046875 0.128125 0.1328125
0 0.8019204296875 0.6589973109375 0.7676670546875 0.4705137796875 0.6926356703125001 0.4853020359375 0.727242646875 0.6749709546875 0.8019204296875 0.6589973109375
0 0.28984375 0.25703125 0.190625 0.14375
0 0.32421875 0.37109375 0.1875 0.140625
0 0.35 0.47890625 0.184375 0.134375
0 0.3765625 0.58203125 0.18125 0.1328125
0 0.40234375 0.6828125 0.178125 0.1296875
0 0.42578125 0.7765625 0.16875 0.1203125
0 0.4515625 0.8703125 0.16875 0.1140625
0 0.2521591359375 0.434949003125 0.22055774062500003 0.3320120984375 0.055055532812499995 0.381624671875 0.0867634875 0.48073585 0.2521591359375 0.434949003125
0 0.277395603125 0.538088346875 0.2482936 0.4459777890625 0.087442578125 0.5033858265625 0.11621484374999999 0.5867032359375 0.277395603125 0.538088346875
0 0.2803295390625 0.553882521875 0.121419778125 0.5969049609375 0.12354885468750001 0.5995810109375 0.1506426640625 0.68645350625 0.30481786718750004 0.644524184375 0.2803295390625 0.553882521875
0 0.33272392812499996 0.7407119734375 0.305010503125 0.654616009375 0.1503385953125 0.7017282125000001 0.1759641453125 0.7807039484375 0.33272392812499996 0.7407119734375
0 0.3330374625 0.7482418421875 0.1834759 0.79164018125 0.1856646609375 0.8038052109375 0.205778340625 0.8789852546875 0.3592772203125 0.8372120734375 0.3330374625 0.7482418421875
0 0.3807823453125 0.9272753843749999 0.3579603203125 0.8438512749999999 0.21073515468749998 0.8892442640624999 0.234844475 0.964768921875 0.3807823453125 0.9272753843749999
0 0.8657527328124999 0.1729207984375 0.8468229390625 0.035382331249999996 0.7246333234375 0.0635920265625 0.7510484640625 0.2006693875 0.8657527328124999 0.1729207984375
0 0.8905278875 0.3141778484375 0.870124453125 0.179513759375 0.7526498015625 0.2034672765625 0.7765000171875001 0.34177033749999997 0.8905278875 0.3141778484375
0 0.888534615625 0.3209732609375 0.7805940734375 0.3471603234375 0.7814272265625 0.3507691 0.7992953328125 0.468279965625 0.9099773000000001 0.44779522656250004 0.888534615625 0.3209732609375
0 0.9257311765624999 0.5746634765625 0.9055563234375 0.456418140625 0.79728334375 0.4801478484375 0.8154479453125001 0.5937891343749999 0.9257311765624999 0.5746634765625
0 0.9455075562499999 0.6942678843750001 0.9256102921875 0.5772254875 0.8185057312499999 0.6044865703125 0.8370114515625 0.718049103125 0.9455075562499999 0.6942678843750001
0 0.9638952203125 0.8078576734375 0.9450237453125 0.7045158796875 0.8340019406250001 0.7225450296875 0.85189644375 0.8349817093749999 0.9638952203125 0.8078576734375