0 0.90078125 0.30546875 0.1046875 0.11328125
0 0.8953125 0.41875 0.0921875 0.1
0 0.89609375 0.52890625 0.09609375 0.10078125
0 0.88984375 0.63828125 0.0890625 0.09921875
0 0.8859375 0.740625 0.0953125 0.0890625
0 0.8796875 0.840625 0.0890625 0.09140625
0 0.78671875 0.84140625 0.090625 0.09296875
0 0.7875 0.74140625 0.09296875 0.09375
0 0.7890625 0.63671875 0.096875 0.1015625
0 0.79375 0.528125 0.09375 0.09921875
0 0.79375 0.415625 0.09921875 0.10546875
0 0.79609375 0.30078125 0.09609375 0.10625
0 0.69296875 0.30390625 0.096875 0.109375
0 0.69296875 0.42109375 0.10078125 0.1109375
0 0.69140625 0.53125 0.096875 0.09296875
0 0.690625 0.63984375 0.096875 0.1015625
0 0.690625 0.74453125 0.09453125 0.08984375
0 0.69296875 0.84296875 0.0921875 0.0953125
0 0.60859375 0.8140625 0.05703125 0.153125
0 0.60703125 0.64609375 0.05859375 0.165625
0 0.59765625 0.4703125 0.06171875 0.171875
0 0.49140625 0.284375 0.09609375 0.11171875
0 0.4984375 0.403125 0.09453125 0.1140625
0 0.50625 0.52421875 0.09609375 0.10390625
0 0.5078125 0.63359375 0.0953125 0.09921875
0 0.5109375 0.74453125 0.09375 0.1
0 0.51015625 0.84921875 0.09296875 0.0953125
0 0.41171875 0.84765625 0.09140625 0.08984375
0 0.41171875 0.74453125 0.09609375 0.09375
0 0.4078125 0.63515625 0.0921875 0.10703125
0 0.31484375 0.85234375 0.09296875 0.096875
0 0.3125 0.75078125 0.09453125 0.09609375
0 0.30546875 0.64296875 0.09609375 0.09296875
0 0.075 0.421875 0.0390625 0.04140625
0 0.11953125 0.41953125 0.03984375 0.04453125
0 0.1234375 0.47265625 0.03828125 0.04375
0 0.07734375 0.47265625 0.03828125 0.04375
0 0.07890625 0.525 0.03984375 0.04296875
0 0.12421875 0.5234375 0.03828125 0.04296875
0 0.12578125 0.57578125 0.03984375 0.0453125
0 0.08125 0.57421875 0.03984375 0.04375
0 0.0859375 0.6234375 0.04140625 0.046875
0 0.13046875 0.6234375 0.0421875 0.04296875
0 0.13515625 0.67578125 0.0421875 0.04453125
0 0.08984375 0.67421875 0.03515625 0.04375
0 0.09375 0.72421875 0.0375 0.04296875
0 0.1375 0.72421875 0.0421875 0.03671875
0 0.14140625 0.76953125 0.03828125 0.04140625
0 0.096875 0.771875 0.0375 0.0453125
0 0.1 0.81875 0.03359375 0.0390625
0 0.14296875 0.81484375 0.04140625 0.03515625
0 0.146875 0.8625 0.03984375 0.04140625
0 0.10234375 0.86484375 0.03359375 0.040625
0 0.0375 0.84296875 0.075 0.0953125
0 0.03515625 0.740625 0.06796875 0.1
0 0.028125 0.63828125 0.05546875 0.10078125
0 0.025 0.5296875 0.04921875 0.1
0 0.021875 0.41953125 0.04375 0.1140625
0 0.03046875 0.303125 0.03828125 0.10078125
0 0.45218926406250004 0.5666666671875 0.44654947968750003 0.4675925921875 0.347519978125 0.478703703125 0.35481037656250003 0.58148148125 0.45218926406250004 0.5666666671875
0 0.35324814843749996 0.5768518515625 0.3444661453125 0.46944444374999994 0.2470166328125 0.48518518593750004 0.255869259375 0.5870370375 0.35324814843749996 0.5768518515625
0 0.3444661453125 0.4611111109375 0.337625865625 0.3518518515625 0.23868475 0.36666666718749996 0.2470166328125 0.48055555625 0.3444661453125 0.4611111109375
0 0.3366536453125 0.34351851875 0.3292939828125 0.22685185156249998 0.22931138125 0.24351851875000002 0.237122521875 0.3583333328125 0.3366536453125 0.34351851875
0 0.2537862890625 0.56851851875 0.1522786453125 0.5731481484375001 0.17307116718749999 0.88148148125 0.2673256 0.88055555625 0.2537862890625 0.56851851875
0 0.4360462390625 0.22777777812500002 0.3340494796875 0.2370370375 0.340750321875 0.3546296296875 0.4428158953125 0.3416666671875 0.4360462390625 0.22777777812500002
0 0.3418619796875 0.3611111109375 0.3496029484375 0.4731481484375 0.445419609375 0.4601851859375 0.44125366718750003 0.3481481484375 0.3418619796875 0.3611111109375