0 0.91171875 0.26015625 0.1609375 0.18515625
0 0.90234375 0.4578125 0.15625 0.1765625
0 0.909375 0.653125 0.15625 0.1890625
0 0.9046875 0.84765625 0.15703125 0.175
0 0.73515625 0.8484375 0.15 0.17890625
0 0.73515625 0.65703125 0.1546875 0.178125
0 0.73125 0.4609375 0.165625 0.17109375
0 0.73046875 0.26875 0.1625 0.1890625
0 0.5609375 0.2640625 0.16171875 0.19140625
0 0.559375 0.459375 0.15703125 0.17578125
0 0.5640625 0.65390625 0.15703125 0.18359375
0 0.56875 0.846875 0.15859375 0.18046875
0 0.4015625 0.84765625 0.15859375 0.184375
0 0.4 0.6515625 0.16171875 0.18828125
0 0.39296875 0.4546875 0.16171875 0.1890625
0 0.3953125 0.2578125 0.15703125 0.1859375
0 0.20234375 0.2609375 0.1625 0.18125
0 0.2203125 0.4578125 0.16484375 0.17890625
0 0.22578125 0.6609375 0.1640625 0.178125
0 0.2296875 0.85703125 0.17109375 0.17421875