0 0.75390625 0.2640625 0.06875 0.13125
0 0.753125 0.40546875 0.0703125 0.134375
0 0.82578125 0.403125 0.071875 0.13125
0 0.7515625 0.540625 0.0734375 0.1265625
0 0.75078125 0.67265625 0.065625 0.121875
0 0.75078125 0.79765625 0.06875 0.1125
0 0.821875 0.79921875 0.071875 0.1203125
0 0.82265625 0.67265625 0.065625 0.1234375
0 0.8234375 0.54140625 0.06875 0.125
0 0.89765625 0.53515625 0.059375 0.125
0 0.8921875 0.6703125 0.0703125 0.125
0 0.89375 0.80078125 0.0625 0.115625
0 0.62265625 0.40234375 0.075 0.125
0 0.62421875 0.53671875 0.06875 0.13125
0 0.62265625 0.671875 0.06875 0.11875
0 0.625 0.80859375 0.06875 0.125
0 0.55234375 0.8109375 0.06875 0.1203125
0 0.55 0.6765625 0.06875 0.125
0 0.5484375 0.54140625 0.071875 0.121875
0 0.428125 0.534375 0.1 0.240625
0 0.43828125 0.778125 0.096875 0.2375
0 0.4921875 0.2671875 0.046875 0.1
0 0.4375 0.27734375 0.053125 0.09375
0 0.32734375 0.59296875 0.1 0.1375
0 0.33515625 0.7359375 0.09375 0.13125
0 0.19453125 0.8140625 0.08125 0.1703125
0 0.103125 0.8140625 0.075 0.175
0 0.08828125 0.6203125 0.0859375 0.19375
0 0.090625 0.49609375 0.078125 0.0390625