0 0.49140625 0.69140625 0.1578125 0.1015625
0 0.48203125 0.5890625 0.15 0.1015625
0 0.62578125 0.49921875 0.140625 0.09375
0 0.496875 0.7984375 0.1609375 0.1078125
0 0.60703125 0.2390625 0.140625 0.0875
0 0.61796875 0.4109375 0.1484375 0.0921875
0 0.64296875 0.69140625 0.146875 0.1
0 0.61171875 0.325 0.1375 0.0859375
0 0.4765625 0.4921875 0.14375 0.0953125
0 0.3109375 0.77578125 0.1578125 0.1921875
0 0.6484375 0.78984375 0.15 0.1015625
0 0.46640625 0.31640625 0.134375 0.084375
0 0.4703125 0.23203125 0.1328125 0.0859375
0 0.1625 0.58671875 0.1453125 0.1828125
0 0.15859375 0.78046875 0.1515625 0.196875
0 0.63203125 0.5921875 0.140625 0.096875
0 0.30390625 0.39453125 0.1484375 0.171875
0 0.303125 0.5796875 0.15 0.1828125
0 0.471875 0.40390625 0.1390625 0.0859375
0 0.82578125 0.8484375 0.0796875 0.0578125
0 0.8171875 0.79140625 0.0828125 0.0546875
0 0.83046875 0.9015625 0.08125 0.05625
0 0.97265625 0.69609375 0.0546875 0.0546875
0 0.8015625 0.6859375 0.0796875 0.05625
0 0.890625 0.73203125 0.0859375 0.05625
0 0.80703125 0.740625 0.0828125 0.0546875
0 0.975 0.74921875 0.05 0.0515625
0 0.9703125 0.63828125 0.059375 0.0609375
0 0.96796875 0.584375 0.0640625 0.05625
0 0.97578125 0.80390625 0.0484375 0.0484375
0 0.88671875 0.84375 0.040625 0.1578125
0 0.96640625 0.52890625 0.0671875 0.0546875