0 0.33828125 0.196875 0.2375 0.2421875
0 0.41875 0.35546875 0.2234375 0.221875
0 0.49296875 0.51171875 0.215625 0.21875
0 0.56015625 0.65625 0.2078125 0.2078125
0 0.6296875 0.7859375 0.1953125 0.1859375
0 0.4953125 0.12578125 0.228125 0.2390625
0 0.46153680937499997 0.2442123703125 0.5355481953125001 0.399791203125 0.6810214171875 0.33086485 0.6137953140625 0.17598550468750002 0.46153680937499997 0.2442123703125
0 0.535504571875 0.40085262187500004 0.605355965625 0.5471199765625 0.7475376687499999 0.4809099265625 0.68177489375 0.3346377 0.535504571875 0.40085262187500004
0 0.6023975609375001 0.5527841234374999 0.6622039 0.678189915625 0.8026446593750001 0.6211804484375001 0.746260709375 0.4898740984375 0.6023975609375001 0.5527841234374999
0 0.6698140328125 0.69197860625 0.7323606593750001 0.8170273421875001 0.8688436703125 0.7568384953125 0.8102706656249999 0.6235299515625 0.6698140328125 0.69197860625
0 0.559684190625 0 0.6199302421875 0.159350121875 0.78794836875 0.094524428125 0.7518361890625 0 0.559684190625 0
0 0.8609009140625 0.253760340625 0.795661621875 0.09475109375 0.6336158046875 0.169004034375 0.7044631109374999 0.3272342390625 0.8609009140625 0.253760340625
0 0.9244151359374999 0.4105309828125 0.8602188109375 0.2593038453125 0.7065247265625 0.329301365625 0.7726594343750001 0.4805800390625 0.9244151359374999 0.4105309828125
0 0.97976799375 0.555872184375 0.9236894093749999 0.41713590624999997 0.7718076421875 0.48724919531250005 0.8339616578125 0.6218506968749999 0.97976799375 0.555872184375
0 1 0.60329604375 0.9805650921875 0.558583615625 0.834294771875 0.6247985390624999 0.8987250906250001 0.759279396875 0.9000297984375001 0.760692996875 1 0.710507228125 1 0.60329604375
0 0.13671875 0.31328125 0.1734375 0.1828125
0 0.2078125 0.44453125 0.1671875 0.1765625
0 0.27734375 0.56953125 0.165625 0.1734375
0 0.3375 0.68515625 0.1625 0.165625
0 0.4015625 0.80078125 0.1515625 0.153125
0 0.4578125 0.909375 0.1515625 0.153125
0 0 0.45248897968749996 0.0013389046875 0.454793521875 0.11154925468750002 0.40383449843749997 0.041332998437500004 0.2774976796875 0 0.297785840625 0 0.45248897968749996
0 0.07504892656249999 0.5845461359375 0.1857668828125 0.53228928125 0.1875792 0.5324050515625001 0.1154633796875 0.40807529843749996 0.006470490625 0.46257075781249996 0.07504892656249999 0.5845461359375
0 0.0795142828125 0.5864276859374999 0.1451065625 0.7036894390625 0.2529516734375 0.656013946875 0.1891734 0.5378279109374999 0.0795142828125 0.5864276859374999
0 0.21027848124999998 0.8201261859375 0.3126883296875 0.7710633359375 0.313152315625 0.7708269234375 0.251010175 0.65804238125 0.1430761265625 0.7088807609375001 0.21027848124999998 0.8201261859375
0 0.212887896875 0.8229533874999999 0.27398707031249997 0.9279558187499999 0.3771061328125 0.8847667515625 0.3183711484375 0.7764813234375 0.212887896875 0.8229533874999999
0 0.40475494687499997 1 0.43416095 0.9876731218750001 0.3792958265625 0.8857294281250001 0.272971853125 0.93055148125 0.312799071875 1 0.40475494687499997 1
0 0.3116072265625 1 0.269854828125 0.9290221109375001 0.17934412500000002 0.97202204375 0.19359960625 1 0.3116072265625 1
0 0.1217659265625 0.8590184656250001 0.15288194375 0.9200870890624999 0.17913185468749998 0.9700518203125 0.2730591 0.9284286421875001 0.2071856265625 0.8185845031250001 0.1217659265625 0.8590184656250001
0 0.1395177546875 0.7075762703125 0.0641650546875 0.7459703890625 0.1209433015625 0.8574039734375001 0.21074246562500001 0.8198897734375 0.1395177546875 0.7075762703125
0 0.0027922640625 0.6255195062500001 0.0629086484375 0.743504553125 0.1445989546875 0.7049872703125 0.076376109375 0.5859482828125 0.0762663859375 0.588082571875 0.0027922640625 0.6255195062500001
0 0 0.620039378125 0.001127646875 0.622252509375 0.07546928750000001 0.5853711406250001 0.0055201609375 0.464094165625 0 0.46682492499999995 0 0.620039378125