0 0.27578125 0.62265625 0.1171875 0.11875
0 0.19375 0.45546875 0.1125 0.1140625
0 0.15546875 0.37265625 0.109375 0.1109375
0 0.63203125 0.65859375 0.1203125 0.1234375
0 0.58046875 0.5671875 0.121875 0.121875
0 0.41484375 0.659375 0.1203125 0.1234375
0 0.496875 0.61328125 0.1265625 0.128125
0 0.4640625 0.75234375 0.1234375 0.1296875
0 0.23671875 0.5375 0.1140625 0.1140625
0 0.959375 0.5625 0.08125 0.1875
0 0.91953125 0.4375 0.1609375 0.18125
0 0.45 0.521875 0.1234375 0.1234375
0 0.02578125 0.446875 0.0515625 0.109375
0 0.53125 0.4796875 0.1171875 0.11875
0 0.434375 0.31171875 0.109375 0.1140625
0 0.68984375 0.753125 0.125 0.1328125
0 0.078125 0.4171875 0.1109375 0.1125
0 0.7109375 0.3328125 0.171875 0.1875
0 0.0453125 0.5296875 0.090625 0.1125
0 0.15859375 0.58671875 0.115625 0.1171875
0 0.3234375 0.715625 0.1203125 0.121875
0 0.27890625 0.3984375 0.1125 0.1140625
0 0.35859375 0.35390625 0.1125 0.1109375
0 0.109375 0.70390625 0.11875 0.121875
0 0.5140625 0.85078125 0.1265625 0.13125
0 0.3671875 0.809375 0.1203125 0.1234375
0 0.88203125 0.6125 0.190625 0.2078125
0 0.85703125 0.31875 0.1765625 0.1765625
0 0.11953125 0.50078125 0.1125 0.1125
0 0.54921875 0.70625 0.1296875 0.1328125
0 0.32578125 0.48515625 0.1140625 0.1171875
0 0.2421875 0.765625 0.121875 0.1265625
0 0.328125 0.946875 0.121875 0.10625
0 0.7953125 0.4703125 0.184375 0.196875
0 0.47890625 0.39375 0.11875 0.11875
0 0.28359375 0.859375 0.121875 0.125
0 0.4 0.43828125 0.1140625 0.115625
0 0.06953125 0.61640625 0.1171875 0.1171875
0 0.24296875 0.965625 0.1203125 0.06875
0 0.3703125 0.56796875 0.11875 0.121875
0 0.60234375 0.80546875 0.1328125 0.134375
0 0.19609375 0.67265625 0.11875 0.121875
0 0.04765625 0.3421875 0.0953125 0.1
0 0.22265625 0.2203125 0.1015625 0.103125
0 0.11875 0.29921875 0.10625 0.1046875
0 0.415625 0.9078125 0.121875 0.1265625
0 0.38203125 0.234375 0.109375 0.1078125
0 0.23828125 0.31796875 0.103125 0.10625
0 0.1953125 0.89453125 0.1234375 0.13125
0 0.153125 0.796875 0.1203125 0.1234375
0 0.3109375 0.2765625 0.1 0.103125