0 0.47578125 0.24765625 0.203125 0.2265625
0 0.55703125 0.41640625 0.2 0.2171875
0 0.63984375 0.58828125 0.19375 0.2140625
0 0.721875 0.75859375 0.190625 0.20625
0 0.3421875 0.3046875 0.2015625 0.228125
0 0.43203125 0.47890625 0.19375 0.2140625
0 0.51640625 0.6515625 0.190625 0.2125
0 0.596875 0.82421875 0.1875 0.20625
0 0.21796875 0.371875 0.2046875 0.221875
0 0.3015625 0.546875 0.1984375 0.215625
0 0.38359375 0.7171875 0.1984375 0.2171875
0 0.465625 0.890625 0.1953125 0.2125
0 0.0921875 0.42734375 0.184375 0.2203125
0 0.16796875 0.6046875 0.19375 0.2078125
0 0.25234375 0.7828125 0.1953125 0.2140625
0 0.3359375 0.92421875 0.203125 0.1515625