0 0.4453125 0.8125 0.1203125 0.11875
0 0.47734375 0.71640625 0.121875 0.128125
0 0.5125 0.61171875 0.1203125 0.125
0 0.54609375 0.509375 0.125 0.1296875
0 0.5828125 0.40078125 0.128125 0.1390625
0 0.6125 0.32890625 0.0875 0.05
0 0.62265625 0.3 0.0890625 0.0546875
0 0.634375 0.26796875 0.0875 0.0515625
0 0.64765625 0.234375 0.0859375 0.05
0 0.70703125 0.3234375 0.090625 0.0609375
0 0.696875 0.35390625 0.0875 0.046875
0 0.68203125 0.4296875 0.1328125 0.14375
0 0.64140625 0.5421875 0.125 0.134375
0 0.60625 0.6484375 0.1203125 0.125
0 0.57109375 0.75078125 0.121875 0.1265625
0 0.5375 0.846875 0.11875 0.121875
0 0.625 0.878125 0.1171875 0.121875
0 0.6625 0.78046875 0.1140625 0.11875
0 0.70078125 0.6765625 0.125 0.128125
0 0.73671875 0.57265625 0.121875 0.1265625
0 0.7671875 0.4671875 0.1125 0.121875
0 0.92734375 0.3875 0.121875 0.125
0 0.88671875 0.4953125 0.1296875 0.1375
0 0.8484375 0.60625 0.1203125 0.125
0 0.8125 0.709375 0.1203125 0.1265625
0 0.7765625 0.81171875 0.1140625 0.1203125
0 0.7375 0.90859375 0.1171875 0.11875
0 0.82734375 0.93984375 0.11875 0.11875
0 0.86328125 0.84375 0.1109375 0.1171875
0 0.9 0.73671875 0.115625 0.1203125
0 0.9359375 0.63828125 0.1078125 0.11875
0 0.95703125 0.53125 0.0859375 0.1375
0 0.97890625 0.421875 0.0421875 0.125
0 0.32890625 0.21328125 0.140625 0.1515625
0 0.29140625 0.3296875 0.1375 0.1328125
0 0.259375 0.44765625 0.134375 0.140625
0 0.228125 0.559375 0.1375 0.134375
0 0.19375 0.66640625 0.128125 0.1265625
0 0.165625 0.76640625 0.13125 0.1234375
0 0.065625 0.73671875 0.1234375 0.128125
0 0.0921875 0.63046875 0.1328125 0.13125
0 0.12421875 0.51796875 0.128125 0.1359375
0 0.15703125 0.409375 0.1359375 0.13125
0 0.18828125 0.29375 0.1296875 0.140625
0 0.221875 0.171875 0.1421875 0.1484375
0 0.12890625 0.14296875 0.1015625 0.134375
0 0.0953125 0.26328125 0.1140625 0.1328125
0 0.0578125 0.37890625 0.115625 0.1328125
0 0.03984375 0.49296875 0.0796875 0.1265625
0 0.02734375 0.6 0.0546875 0.134375
0 0.015625 0.703125 0.03125 0.115625