0 0.4515625 0.24609375 0.153125 0.134375
0 0.49375 0.31875 0.153125 0.1296875
0 0.5359375 0.3984375 0.1578125 0.134375
0 0.5734375 0.47265625 0.1609375 0.1390625
0 0.62109375 0.559375 0.1640625 0.1421875
0 0.6625 0.64921875 0.1640625 0.1390625
0 0.71171875 0.740625 0.1734375 0.15
0 0.53203125 0.121875 0.1359375 0.1140625
0 0.57265625 0.1921875 0.1296875 0.109375
0 0.6140625 0.25859375 0.14375 0.125
0 0.65859375 0.334375 0.15 0.1296875
0 0.7 0.41171875 0.1484375 0.125
0 0.753125 0.48828125 0.1609375 0.14375
0 0.796875 0.57890625 0.1640625 0.1421875
0 0.84140625 0.66640625 0.1640625 0.1421875
0 0.15546875 0.30625 0.14375 0.125
0 0.1875 0.38203125 0.1453125 0.125
0 0.225 0.45390625 0.1453125 0.1265625
0 0.26171875 0.53359375 0.146875 0.1234375
0 0.30078125 0.6171875 0.1515625 0.1265625
0 0.33828125 0.69921875 0.1578125 0.1359375
0 0.38203125 0.790625 0.1578125 0.128125
0 0.4265625 0.878125 0.1578125 0.1359375
0 0.4671875 0.63046875 0.1578125 0.140625
0 0.51328125 0.721875 0.1609375 0.1390625
0 0.5578125 0.8125 0.1703125 0.1453125