0 0.615625 0.56796875 0.165625 0.2171875
0 0.55546875 0.38125 0.1703125 0.2140625
0 0.70546875 0.52734375 0.159375 0.2078125
0 0.80546875 0.48515625 0.15 0.2
0 0.85859375 0.6578125 0.146875 0.1828125
0 0.76953125 0.69296875 0.1453125 0.18125
0 0.675 0.734375 0.1546875 0.1921875
0 0.47421875 0.615625 0.1421875 0.196875
0 0.39375 0.4328125 0.146875 0.2078125
0 0.31875 0.4625 0.140625 0.2
0 0.24140625 0.49453125 0.15 0.20625
0 0.32578125 0.66640625 0.1453125 0.2015625
0 0.4 0.6359375 0.146875 0.2078125
0 0.4703125 0.6125 0.140625 0.203125
0 0.25 0.7046875 0.1375 0.1921875
0 0.32578125 0.2546875 0.1390625 0.1890625
0 0.25078125 0.28515625 0.125 0.175