0 0.40234375 0.41796875 0.28125 0.2578125
0 0.309375 0.53984375 0.121875 0.0984375
0 0.28984375 0.60234375 0.115625 0.0921875
0 0.2671875 0.6625 0.11875 0.0890625
0 0.2421875 0.72109375 0.115625 0.0875
0 0.21796875 0.78125 0.115625 0.0875
0 0.41171875 0.58046875 0.1125 0.090625
0 0.3859375 0.64453125 0.1109375 0.084375
0 0.36484375 0.70234375 0.109375 0.084375
0 0.33984375 0.75859375 0.1046875 0.078125
0 0.31875 0.8109375 0.10625 0.0828125
0 0.18984375 0.55703125 0.1078125 0.0859375
0 0.16484375 0.62109375 0.1109375 0.0953125
0 0.14609375 0.6828125 0.1125 0.090625
0 0.12578125 0.73984375 0.10625 0.0828125
0 0.70390625 0.23671875 0.2203125 0.2203125
0 0.63671875 0.40234375 0.209375 0.20625
0 0.57265625 0.55234375 0.203125 0.1984375
0 0.462377534375 0.60060711875 0.41052793593750003 0.7354499734375 0.5554292484375 0.7941018390625 0.6101310609375 0.656355703125 0.462377534375 0.60060711875
0 0.40502980468749994 0.7383755671875 0.355914959375 0.87027239375 0.49474243281249997 0.927698909375 0.5480023859375 0.799281478125 0.40502980468749994 0.7383755671875
0 0.641284925 0.983006715625 0.6966171328125 0.8553435234375 0.55856655 0.799185121875 0.5035232609375 0.927938821875 0.641284925 0.983006715625
0 0.700474596875 0.8508354265625 0.7606143234375 0.7160538812499999 0.6158570421875 0.655483740625 0.5588259953125 0.792382103125 0.700474596875 0.8508354265625
0 0.7657957703125 0.713998375 0.8281522953125 0.5731262265625 0.680924640625 0.5136276453125 0.6220171640625 0.6537844421875 0.7657957703125 0.713998375
0 0.8433518484375 0.372670934375 0.9030119624999999 0.24564699375000001 0.8151619312499999 0.20381870000000002 0.758591603125 0.3379287015625 0.8433518484375 0.372670934375
0 0.7555401625 0.3417448171875 0.702798678125 0.46838025468750005 0.7867839921875001 0.499933759375 0.8426995828124999 0.3793803484375 0.7555401625 0.3417448171875
0 0.399303896875 0.1785835265625 0.4697972 0.20719704062500002 0.49187931249999994 0.13739163906250002 0.42032106406249997 0.11036121562500001 0.399303896875 0.1785835265625
0 0.3180109453125 0.24358889218750002 0.242977165625 0.21233742968749997 0.18331638125 0.40050218437499996 0.2358768296875 0.4235740234375 0.2401377703125 0.4103446328125 0.265066325 0.3997108875 0.3180109453125 0.24358889218750002
0 0.1023584890625 0.6518606124999999 0.151848190625 0.508276025 0.17769817968749999 0.49206555781250005 0.1186637578125 0.46860808593750003 0.0667808421875 0.6369407078125 0.1023584890625 0.6518606124999999
0 0.10404899375000001 0.2042097546875 0.0990145796875 0.221031021875 0.203905584375 0.260193575 0.20865586406249997 0.2471422890625 0.10404899375000001 0.2042097546875
0 0.09898255 0.220478328125 0.095158696875 0.23435454843749998 0.1990096640625 0.277450265625 0.2030225421875 0.26395443749999997 0.09898255 0.220478328125
0 0.0931742203125 0.23643658125 0.08814864375 0.2536145078125 0.1923546671875 0.296216271875 0.197778578125 0.2798065109375 0.0931742203125 0.23643658125
0 0.08815769531249999 0.254552578125 0.083787578125 0.2704111125 0.187238240625 0.3146074984375 0.1921976875 0.2980286859375 0.08815769531249999 0.254552578125
0 0.083286859375 0.271786825 0.07922622343749999 0.287758003125 0.183542034375 0.331022909375 0.188364490625 0.31626378593750004 0.083286859375 0.271786825
0 0.079244325 0.289634140625 0.0745647265625 0.305380034375 0.1785257515625 0.34913899375 0.18353015156250002 0.3319533578125 0.079244325 0.289634140625
0 0.0698030859375 0.3232772078125 0.174143509375 0.365927890625 0.17447448906250002 0.36604835625 0.17923273281250002 0.3500194953125 0.0740640078125 0.3067557453125 0.0698030859375 0.3232772078125
0 0.0698667328125 0.324546740625 0.0648230578125 0.3398485296875 0.1690849421875 0.3827822171875 0.1738976765625 0.3670847796875 0.0698667328125 0.324546740625
0 0.065196184375 0.34123070312500003 0.060716875000000003 0.3564263125 0.1655343984375 0.3983158703125 0.170110025 0.384713275 0.065196184375 0.34123070312500003
0 0.0603163 0.35752688125 0.056100923437500005 0.3734417375 0.1608003375 0.41373034999999997 0.165266634375 0.3994647796875 0.0603163 0.35752688125
0 0.1481369828125 0.42002697031249997 0.07739884531249999 0.3905412953125 0.0577009890625 0.454726334375 0.11488202343750001 0.47865444375 0.118778571875 0.46698582499999997 0.1361650015625 0.4577343890625 0.1481369828125 0.42002697031249997
0 0.0969741234375 0.535078 0.1150367640625 0.4787107640625 0.0583109 0.45401355 0.042177846875 0.5132642374999999 0.0969741234375 0.535078
0 0.08032254531250001 0.5885313140624999 0.096528003125 0.536785175 0.042805859375 0.514427590625 0.029156954687499997 0.5683506046875 0.08032254531250001 0.5885313140624999
0 0 0.5587569765625 0.019054290625 0.5662273984375 0.0388009984375 0.509542434375 0 0.49279653593750006 0 0.5587569765625
0 0 0.491498959375 0.0412041515625 0.5082359671875001 0.055121445312499996 0.4522294984375 0 0.4296203390625 0 0.491498959375
0 0 0.4297283546875 0.05804382031250001 0.45142360625 0.0759280078125 0.3887595875 0.016797253125 0.3656864359375 0.0044087875 0.399723465625 0 0.41212507499999995 0 0.4297283546875