0 0.19921875 0.52109375 0.259375 0.446875
0 0.35384502812499996 0.774487428125 0.5123194 0.7554956609375 0.44281426718750005 0.2001041796875 0.2686479640625 0.216824715625 0.35384502812499996 0.774487428125
0 1 0.48522918906249995 0.901190721875 0.4964510671875 0.9272777109374999 0.808561246875 1 0.8051083015625 1 0.48522918906249995
0 0.7338295828125 0.8183204984374999 0.6827878515625 0.28724906250000004 0.5407118203125 0.3000294078125 0.6058263453125 0.8312386828125 0.7338295828125 0.8183204984374999
0 0.58671875 0.2421875 0.14375 0.1015625
0 0.69765625 0.24453125 0.0515625 0.109375
0 0.74609375 0.24140625 0.0546875 0.1015625
0 0.74453125 0.3609375 0.115625 0.11875
0 0.753125 0.4734375 0.1078125 0.1125
0 0.76328125 0.5828125 0.1109375 0.1078125
0 0.77890625 0.6875 0.1078125 0.1140625
0 0.7890625 0.790625 0.109375 0.1
0 0.82109375 0.3515625 0.0421875 0.05
0 0.86875 0.346875 0.046875 0.053125
0 0.87109375 0.4015625 0.0515625 0.0515625
0 0.87421875 0.4546875 0.0453125 0.0484375
0 0.875 0.50546875 0.0484375 0.0484375
0 0.88125 0.55546875 0.04375 0.05
0 0.88828125 0.609375 0.04375 0.0453125
0 0.89375 0.65859375 0.040625 0.046875
0 0.896875 0.70625 0.040625 0.0390625
0 0.9 0.75078125 0.0453125 0.04375
0 0.9046875 0.80078125 0.040625 0.05
0 0.86015625 0.80703125 0.0421875 0.046875
0 0.8578125 0.7578125 0.04375 0.040625
0 0.853125 0.7109375 0.0421875 0.04375
0 0.84921875 0.659375 0.046875 0.0515625
0 0.84296875 0.60859375 0.04375 0.0453125
0 0.8359375 0.56015625 0.046875 0.0484375
0 0.83046875 0.509375 0.0421875 0.05
0 0.82734375 0.45859375 0.046875 0.046875
0 0.825 0.40703125 0.04375 0.0515625