0 0.434375 0.1109375 0.1296875 0.140625
0 0.49453125 0.21953125 0.13125 0.1375
0 0.553125 0.3265625 0.1265625 0.134375
0 0.61015625 0.42890625 0.1140625 0.121875
0 0.6671875 0.52578125 0.1171875 0.1265625
0 0.721875 0.62734375 0.121875 0.125
0 0.77421875 0.71875 0.128125 0.1328125
0 0.47265625 0.49375 0.55 0.7828125
0 0.29765625 0.59765625 0.5703125 0.8046875
0 0.52890625 0.06640625 0.1390625 0.1328125
0 0.58515625 0.16875 0.1328125 0.1359375
0 0.63984375 0.2703125 0.1359375 0.134375
0 0.696875 0.371875 0.1296875 0.1375
0 0.75234375 0.4828125 0.1328125 0.1390625
0 0.80625 0.57734375 0.1265625 0.13125
0 0.8640625 0.67578125 0.128125 0.134375
0 0.61484375 0.04140625 0.1265625 0.0828125
0 0.66953125 0.1203125 0.1171875 0.125
0 0.72421875 0.221875 0.1171875 0.125
0 0.7796875 0.32578125 0.125 0.134375
0 0.83515625 0.4265625 0.125 0.128125
0 0.89375 0.528125 0.1296875 0.1359375
0 0.940625 0.62734375 0.11875 0.1328125
0 0.69609375 0.01953125 0.1265625 0.0390625
0 0.7515625 0.07421875 0.125 0.134375
0 0.80859375 0.18359375 0.121875 0.128125
0 0.86640625 0.28125 0.1171875 0.121875
0 0.91953125 0.378125 0.121875 0.1265625
0 0.95859375 0.48125 0.0828125 0.11875
0 0.984375 0.578125 0.03125 0.11875