0 0.50078125 0.596875 0.1125 0.1171875
0 0.55390625 0.39765625 0.10625 0.1140625
0 0.4703125 0.6984375 0.1140625 0.1234375
0 0.4140625 0.25 0.103125 0.10625
0 0.58046875 0.30546875 0.1015625 0.10625
0 0.66875 0.55390625 0.1 0.1078125
0 0.52578125 0.4953125 0.10625 0.1140625
0 0.6859375 0.46875 0.09375 0.0984375
0 0.5953125 0.85 0.109375 0.11875
0 0.38515625 0.3421875 0.1078125 0.1109375
0 0.2515625 0.7453125 0.11875 0.1265625
0 0.44140625 0.1625 0.1015625 0.10625
0 0.46875 0.37109375 0.10625 0.109375
0 0.37890625 0.66875 0.1140625 0.1203125
0 0.621875 0.7453125 0.1078125 0.11875
0 0.35234375 0.4390625 0.109375 0.1140625
0 0.496875 0.28046875 0.10625 0.10625
0 0.28671875 0.6390625 0.115625 0.1234375
0 0.646875 0.6484375 0.1015625 0.10625
0 0.440625 0.4671875 0.1109375 0.1171875
0 0.32109375 0.53828125 0.1109375 0.115625
0 0.4109375 0.56484375 0.109375 0.1140625
0 0.70546875 0.78203125 0.0984375 0.1078125
0 0.70859375 0.37890625 0.0953125 0.1
0 0.7265625 0.6890625 0.0984375 0.10625
0 0.43828125 0.80390625 0.1171875 0.1265625
0 0.34609375 0.77578125 0.121875 0.1296875
0 0.525 0.18671875 0.0984375 0.1015625
0 0.78125 0.4140625 0.0953125 0.1
0 0.6828125 0.88203125 0.109375 0.109375
0 0.815625 0.25 0.0859375 0.084375
0 0.80078125 0.33125 0.09375 0.096875
0 0.74609375 0.59140625 0.09375 0.103125
0 0.85546875 0.43046875 0.090625 0.0984375
0 0.6015625 0.21640625 0.1015625 0.103125
0 0.87734375 0.34609375 0.0828125 0.0890625
0 0.8359375 0.5203125 0.0890625 0.096875
0 0.78359375 0.80078125 0.0984375 0.1109375
0 0.74765625 0.21171875 0.0890625 0.0953125
0 0.72890625 0.29765625 0.0890625 0.09375
0 0.55 0.0953125 0.10625 0.109375
0 0.76953125 0.90390625 0.1 0.1109375
0 0.890625 0.26796875 0.084375 0.0875
0 0.821875 0.60703125 0.0921875 0.1015625
0 0.7609375 0.5015625 0.0890625 0.09375
0 0.80390625 0.7015625 0.09375 0.1046875
0 0.98671875 0.29296875 0.0265625 0.0953125
0 0.89140625 0.83359375 0.0828125 0.109375
0 0.91640625 0.73359375 0.0921875 0.109375
0 0.8671875 0.93125 0.0703125 0.103125
0 0.9671875 0.371875 0.065625 0.09375
0 0.93671875 0.6390625 0.1 0.1078125
0 0.959375 0.45859375 0.08125 0.1078125
0 0.9515625 0.55 0.096875 0.103125