0 0.8640625 0.5640625 0.1390625 0.1015625
0 0.4984375 0.69140625 0.090625 0.065625
0 0.85703125 0.65625 0.1421875 0.1
0 0.58828125 0.78046875 0.0953125 0.065625
0 0.503125 0.63828125 0.0859375 0.059375
0 0.58046875 0.840625 0.096875 0.0640625
0 0.37890625 0.50390625 0.090625 0.0609375
0 0.2609375 0.75078125 0.09375 0.0640625
0 0.50390625 0.58671875 0.0828125 0.05625
0 0.25390625 0.81015625 0.090625 0.065625
0 0.96640625 0.1015625 0.0671875 0.08125
0 0.26875 0.6953125 0.0921875 0.0625
0 0.290625 0.53515625 0.0890625 0.0609375
0 0.071875 0.80078125 0.0921875 0.065625
0 0.28359375 0.59140625 0.0875 0.0609375
0 0.96640625 0.17421875 0.0671875 0.0796875
0 0.965625 0.25 0.06875 0.08125
0 0.27734375 0.64453125 0.0875 0.0578125
0 0.3484375 0.76953125 0.09375 0.065625
0 0.16328125 0.80703125 0.0921875 0.065625
0 0.5921875 0.728125 0.0953125 0.0640625
0 0.9640625 0.32890625 0.071875 0.0859375
0 0.36171875 0.65546875 0.090625 0.0625
0 0.59453125 0.5125 0.090625 0.0609375
0 0.1703125 0.74453125 0.096875 0.0640625
0 0.10390625 0.63671875 0.08125 0.0578125
0 0.6796875 0.78984375 0.09375 0.0671875
0 0.18984375 0.6359375 0.0890625 0.0578125
0 0.96484375 0.40703125 0.0703125 0.0828125
0 0.60625 0.3359375 0.0765625 0.0578125
0 0.37421875 0.55546875 0.0875 0.0609375
0 0.3546875 0.7140625 0.09375 0.065625
0 0.08515625 0.740625 0.08125 0.05625
0 0.3671875 0.60703125 0.0890625 0.0625
0 0.3390625 0.828125 0.09375 0.06875
0 0.59453125 0.67265625 0.09375 0.0640625
0 0.09453125 0.68828125 0.0828125 0.059375
0 0.21875 0.43515625 0.090625 0.059375
0 0.59609375 0.4234375 0.075 0.05
0 0.39140625 0.309375 0.078125 0.05625
0 0.4890625 0.8421875 0.084375 0.0453125
0 0.3890625 0.40234375 0.0890625 0.053125
0 0.590625 0.56171875 0.0890625 0.0625
0 0.384375 0.45390625 0.09375 0.0625
0 0.50859375 0.53828125 0.0796875 0.0546875
0 0.85078125 0.7484375 0.140625 0.103125
0 0.67421875 0.85 0.096875 0.0640625
0 0.29453125 0.484375 0.0828125 0.0546875
0 0.19921875 0.58359375 0.0828125 0.0609375
0 0.59453125 0.61640625 0.0921875 0.0625
0 0.23203125 0.29765625 0.0875 0.0546875
0 0.29921875 0.43828125 0.078125 0.0546875
0 0.20546875 0.53515625 0.0796875 0.053125
0 0.21328125 0.48515625 0.084375 0.0578125
0 0.1796875 0.68984375 0.0875 0.0625
0 0.13046875 0.484375 0.0875 0.059375
0 0.12421875 0.53671875 0.0859375 0.0546875
0 0.49921875 0.76953125 0.078125 0.0421875
0 0.59921875 0.38125 0.0734375 0.0484375
0 0.51875 0.41171875 0.0765625 0.053125
0 0.22421875 0.384375 0.0953125 0.0625
0 0.67890625 0.57109375 0.090625 0.065625
0 0.309375 0.39453125 0.075 0.05
0 0.59453125 0.46640625 0.08125 0.05
0 0.38984375 0.35703125 0.0859375 0.05
0 0.68671875 0.73046875 0.090625 0.0640625
0 0.85 0.8421875 0.1546875 0.1109375
0 0.9640625 0.4921875 0.071875 0.0875
0 0.96171875 0.5765625 0.071875 0.084375
0 0.67890625 0.62578125 0.09375 0.0625
0 0.1140625 0.58671875 0.0859375 0.0609375
0 0.5 0.73359375 0.0796875 0.0421875
0 0.68125 0.51484375 0.090625 0.065625
0 0.95703125 0.66796875 0.0640625 0.0875
0 0.6859375 0.6765625 0.0921875 0.065625
0 0.22890625 0.3390625 0.090625 0.053125
0 0.13515625 0.43515625 0.0796875 0.05625
0 0.31484375 0.353125 0.071875 0.046875
0 0.4921875 0.80390625 0.075 0.040625
0 0.515625 0.4578125 0.0765625 0.046875
0 0.94375 0.8546875 0.053125 0.09375
0 0.140625 0.390625 0.06875 0.046875
0 0.51171875 0.5 0.0765625 0.04375
0 0.51953125 0.38359375 0.0671875 0.028125
0 0.67265625 0.42578125 0.0796875 0.0421875
0 0.95234375 0.7578125 0.05625 0.096875
0 0.67109375 0.46640625 0.084375 0.05
0 0 0.64122548125 0.025380903125 0.6463194890625 0.0585219640625 0.49384475625 0.0287638359375 0.48691319687499995 0 0.6197286578125001 0 0.64122548125