0 0.903125 0.7953125 0.1546875 0.109375
0 0.8859375 0.7203125 0.153125 0.09375
0 0.8671875 0.64921875 0.1546875 0.0984375
0 0.8515625 0.571875 0.15625 0.1015625
0 0.83125 0.49765625 0.1546875 0.103125
0 0.81015625 0.42421875 0.15 0.0953125
0 0.78984375 0.35078125 0.1453125 0.0953125
0 0.7734375 0.2765625 0.1484375 0.09375
0 0.7578125 0.19765625 0.15625 0.09375
0 0.6590320515625 0.08913709375 0.6753790546875 0.1633116234375 0.82128174375 0.147927978125 0.8036297046875 0.0721702875 0.6590320515625 0.08913709375
0 0.779509175 0 0.6428230359375 0.006339717187500001 0.6574067593749999 0.0847709671875 0.8018508734375001 0.067842440625 0.788669553125 0 0.779509175 0
0 0.62109375 0.60703125 0.175 0.2015625
0 0.66953125 0.796875 0.1765625 0.2203125
0 0.2234375 0.9140625 0.184375 0.171875
0 0.175 0.7375 0.1859375 0.225
0 0.1203125 0.54609375 0.1875 0.2140625
0 0.07890625 0.34921875 0.1578125 0.2265625