0 0.51015625 0.17734375 0.10625 0.1015625
0 0.48203125 0.26328125 0.109375 0.103125
0 0.453125 0.35703125 0.10625 0.1015625
0 0.421875 0.45 0.1109375 0.109375
0 0.3921875 0.55703125 0.1171875 0.11875
0 0.35859375 0.66484375 0.1234375 0.128125
0 0.3265625 0.77578125 0.1203125 0.125
0 0.5953125 0.2 0.1046875 0.1078125
0 0.56953125 0.290625 0.10625 0.1078125
0 0.5421875 0.38515625 0.1125 0.115625
0 0.5140625 0.4859375 0.115625 0.1171875
0 0.484375 0.58984375 0.1171875 0.115625
0 0.4546875 0.696875 0.1234375 0.13125
0 0.42109375 0.80625 0.11875 0.121875
0 0.678125 0.22734375 0.1 0.0984375
0 0.65390625 0.3171875 0.1046875 0.1046875
0 0.628125 0.41484375 0.1046875 0.1046875
0 0.60390625 0.51328125 0.10625 0.1109375
0 0.5765625 0.615625 0.115625 0.121875
0 0.5484375 0.71875 0.1140625 0.11875
0 0.5203125 0.83125 0.1125 0.109375