0 0.66484375 0.4625 0.1859375 0.2
0 0.72265625 0.715625 0.1609375 0.1421875
0 0.50703125 0.8 0.20625 0.2265625
0 0.4640625 0.5640625 0.1953125 0.2140625
0 0.38046875 0.73125 0.2078125 0.228125
0 0.87265625 0.7015625 0.15 0.13125
0 0.68515625 0.809375 0.1671875 0.1453125
0 0.7875 0.5421875 0.15 0.128125
0 0.759375 0.625 0.1578125 0.1375
0 0.90625 0.6203125 0.15 0.1296875
0 0.32421875 0.19453125 0.1515625 0.1453125
0 0.840625 0.78984375 0.1484375 0.134375
0 0.5859375 0.62421875 0.196875 0.2140625
0 0.64296875 0.90390625 0.171875 0.15
0 0.8203125 0.465625 0.146875 0.1265625
0 0.14140625 0.50390625 0.165625 0.165625
0 0.80390625 0.87578125 0.14375 0.13125
0 0.8546875 0.3890625 0.146875 0.125
0 0.26640625 0.296875 0.1515625 0.1453125
0 0.07734375 0.61953125 0.1546875 0.1640625
0 0.928125 0.53984375 0.14375 0.1265625
0 0.20625 0.39609375 0.1546875 0.153125
0 0.75859375 0.9484375 0.1453125 0.103125
0 0.94609375 0.4609375 0.1078125 0.121875
0 0.08984375 0.34375 0.1796875 0.209375
0 0.040625 0.525 0.08125 0.228125
0 0.18125 0.17578125 0.2 0.2171875
0 0.37265625 0.0984375 0.14375 0.1375
0 0.2875 0.06015625 0.0890625 0.1