0 0.2171875 0.37578125 0.2046875 0.21875
0 0.30234375 0.5609375 0.209375 0.2296875
0 0.38515625 0.74453125 0.2140625 0.2296875
0 0.465625 0.903125 0.215625 0.19375
0 0.090625 0.43828125 0.18125 0.2328125
0 0.159375 0.62109375 0.2109375 0.2328125
0 0.2484375 0.815625 0.2046875 0.2171875
0 0.3296875 0.9421875 0.209375 0.115625
0 0.42890625 0.27421875 0.2015625 0.23125
0 0.51171875 0.453125 0.19375 0.2203125
0 0.59609375 0.6390625 0.19375 0.2234375
0 0.67734375 0.8171875 0.196875 0.225
0 0.565625 0.21953125 0.19375 0.21875
0 0.64296875 0.3953125 0.203125 0.2265625
0 0.72578125 0.57890625 0.2 0.221875
0 0.8078125 0.75703125 0.196875 0.2234375
0 0.69609375 0.15625 0.1859375 0.2125
0 0.77421875 0.33671875 0.190625 0.2140625
0 0.85546875 0.5171875 0.1953125 0.221875
0 0.92109375 0.69296875 0.1578125 0.2109375