0 0.8859375 0.61640625 0.109375 0.1328125
0 0.8328125 0.50390625 0.1109375 0.1390625
0 0.7765625 0.3890625 0.1125 0.1421875
0 0.7265625 0.2671875 0.109375 0.1390625
0 0.71484375 0.42265625 0.1140625 0.140625
0 0.771875 0.5375 0.1109375 0.1328125
0 0.82734375 0.6546875 0.103125 0.128125
0 0.96796875 0.55703125 0.0640625 0.1296875
0 0.9375 0.45078125 0.1125 0.1328125
0 0.88984375 0.340625 0.1109375 0.1390625
0 0.83671875 0.215625 0.1296875 0.1609375
0 0.78359375 0.09296875 0.1140625 0.1421875
0 0.715625 0.66796875 0.1828125 0.2390625
0 0.6140625 0.45234375 0.1875 0.2484375
0 0.53125 0.56875 0.1515625 0.1640625
0 0.46171875 0.42109375 0.140625 0.1578125
0 0.5171875 0.79140625 0.1421875 0.184375
0 0.4390625 0.83125 0.14375 0.190625
0 0.35625 0.665625 0.146875 0.1921875
0 0.3375 0.8828125 0.171875 0.175
0 0.25078125 0.709375 0.1625 0.23125
0 0.221875 0.921875 0.175 0.15625
0 0.15 0.79453125 0.1671875 0.190625
0 0.08359375 0.61875 0.1671875 0.259375