0 0.4859375 0.6484375 0.1609375 0.1796875
0 0.46484375 0.8109375 0.159375 0.178125
0 0.3421875 0.6171875 0.1578125 0.1765625
0 0.325 0.78515625 0.14375 0.1625
0 0.46484375 0.8109375 0.159375 0.175
0 0.52890625 0.42734375 0.1390625 0.1578125
0 0.5515625 0.2734375 0.14375 0.1515625
0 0.40703125 0.41171875 0.1359375 0.146875
0 0.42578125 0.25390625 0.140625 0.1671875
0 0.64609375 0.7515625 0.1453125 0.153125
0 0.7890625 0.76796875 0.14375 0.1453125
0 0.8109375 0.625 0.1578125 0.1453125
0 0.703125 0.43515625 0.1234375 0.134375
0 0.69765625 0.26875 0.1046875 0.20625
0 0.77578125 0.27109375 0.0953125 0.209375
0 0.85234375 0.27578125 0.096875 0.1875
0 0.81484375 0.4453125 0.1203125 0.115625