0 0.88046875 0.32734375 0.15 0.2
0 0.86015625 0.51953125 0.1546875 0.1921875
0 0.8359375 0.70625 0.1484375 0.1984375
0 0.81015625 0.8921875 0.1453125 0.1828125
0 0.67421875 0.88359375 0.15625 0.2015625
0 0.69921875 0.68984375 0.1578125 0.2015625
0 0.54765625 0.47265625 0.225 0.2171875
0 0.52578125 0.67265625 0.228125 0.209375
0 0.5015625 0.8671875 0.225 0.2140625
0 0.384375 0.76796875 0.0828125 0.35625
0 0.26875 0.71484375 0.234375 0.459375
0 0.09296875 0.8671875 0.1234375 0.1265625
0 0.10703125 0.7421875 0.125 0.13125
0 0.1171875 0.61640625 0.1234375 0.1375
0 0.1328125 0.48515625 0.1234375 0.13125
0 0.146875 0.3546875 0.125 0.1390625
0 0.16171875 0.221875 0.125 0.134375