0 0.31796875 0.034375 0.12578125 0.06875
0 0.44609375 0.1734375 0.121875 0.0734375
0 0.44375 0.25546875 0.11953125 0.08046875
0 0.4515625 0.340625 0.1328125 0.090625
0 0.4453125 0.4296875 0.13125 0.0875
0 0.446875 0.5171875 0.13984375 0.0828125
0 0.44375 0.6078125 0.134375 0.09765625
0 0.5890625 0.6078125 0.1359375 0.09765625
0 0.44375 0.70546875 0.146875 0.09765625
0 0.58984375 0.70703125 0.13671875 0.0953125
0 0.44296875 0.8046875 0.15390625 0.0953125
0 0.59140625 0.8046875 0.14375 0.1046875
0 0.7421875 0.26015625 0.13671875 0.090625
0 0.74765625 0.3390625 0.13671875 0.078125
0 0.75078125 0.4296875 0.13828125 0.09296875
0 0.75546875 0.5140625 0.13984375 0.0953125
0 0.76015625 0.615625 0.1453125 0.09765625
0 0.75546875 0.709375 0.14375 0.0953125
0 0.7578125 0.803125 0.14921875 0.09296875
0 0.28203125 0.8109375 0.1484375 0.09765625
0 0.28046875 0.7078125 0.13984375 0.09296875
0 0.29453125 0.62109375 0.14296875 0.1
0 0.29140625 0.51640625 0.13203125 0.08515625
0 0.30078125 0.434375 0.13828125 0.09296875
0 0.29765625 0.34296875 0.13046875 0.08515625
0 0.30625 0.26484375 0.13046875 0.08515625
0 0.30859375 0.18046875 0.13046875 0.0828125
0 0.3140625 0.1078125 0.13046875 0.0828125
0 0.1296875 0.81328125 0.13984375 0.09296875
0 0.13984375 0.7078125 0.14140625 0.09765625
0 0.1484375 0.609375 0.13984375 0.1
0 0.159375 0.51875 0.146875 0.0953125
0 0.90234375 0.79921875 0.1328125 0.090625
0 0.8625 0.19140625 0.11875 0.08515625
0 0.86875 0.2671875 0.109375 0.07109375
0 0.8765625 0.34765625 0.11796875 0.090625
0 0.89765625 0.70078125 0.13828125 0.09296875
0 0.8921875 0.61171875 0.1328125 0.090625
0 0.8890625 0.5203125 0.13125 0.09296875
0 0.8828125 0.428125 0.121875 0.08515625