0 0.1366536453125 0.20740740781250003 0.16369779843750001 0.7629629625 0.319399871875 0.7648148140625 0.30794353124999996 0.20833333281250002 0.1366536453125 0.20740740781250003
0 0 0.7231809609375001 0.15881583593749998 0.7259259265625 0.1361328125 0.284259259375 0 0.280660796875 0 0.7231809609375001
0 0.42421875 0.26640625 0.1328125 0.08125
0 0.44375 0.5828125 0.12421875 0.525
0 0.53359375 0.28359375 0.0390625 0.1015625
0 0.578125 0.2859375 0.0421875 0.09453125
0 0.559375 0.39921875 0.10234375 0.109375
0 0.5578125 0.51171875 0.09453125 0.09921875
0 0.55546875 0.61875 0.0984375 0.09609375
0 0.5625 0.721875 0.096875 0.103125
0 0.5625 0.8203125 0.09453125 0.09296875
0 0.74375 0.70546875 0.09453125 0.3015625
0 0.6328125 0.403125 0.03984375 0.0453125
0 0.67890625 0.4015625 0.04140625 0.046875
0 0.67734375 0.45546875 0.04296875 0.04375
0 0.63203125 0.45625 0.03984375 0.046875
0 0.6296875 0.50859375 0.0375 0.04453125
0 0.675 0.50546875 0.0390625 0.05078125
0 0.671875 0.55625 0.03984375 0.0390625
0 0.628125 0.559375 0.0375 0.040625
0 0.63046875 0.60625 0.0390625 0.03828125
0 0.67421875 0.60390625 0.040625 0.040625
0 0.6734375 0.6546875 0.040625 0.04296875
0 0.63125 0.653125 0.04140625 0.03828125
0 0.63125 0.703125 0.040625 0.04375
0 0.67421875 0.70625 0.0375 0.0359375
0 0.67265625 0.7515625 0.03984375 0.03671875
0 0.63046875 0.75 0.03671875 0.040625
0 0.63125 0.796875 0.03828125 0.03828125
0 0.6734375 0.79609375 0.0375 0.03828125
0 0.67265625 0.84140625 0.0390625 0.040625
0 0.63203125 0.8421875 0.03984375 0.03828125
0 0.84609375 0.834375 0.090625 0.08984375
0 0.9421875 0.83125 0.08203125 0.08671875
0 0.95234375 0.728125 0.09375 0.09609375
0 0.95234375 0.61953125 0.0953125 0.096875
0 0.95234375 0.50703125 0.09453125 0.08671875
0 1 0.3373104765625 0.905235428125 0.34722222187499996 0.9047146843749999 0.45185185156249996 1 0.4446803984375 1 0.3373104765625
0 1 0.2150217875 0.9090494796874999 0.222222221875 0.9073183984375 0.334259259375 1 0.32615453906249997 1 0.2150217875
0 0.905235428125 0.328703703125 0.9059244796874999 0.2138888890625 0.79952465625 0.22685185156249998 0.8026491124999999 0.3453703703125 0.905235428125 0.328703703125
0 0.90315245625 0.3333333328125 0.8031698546875001 0.3509259265625 0.8058553625 0.45924914843750003 0.90315245625 0.447222221875 0.90315245625 0.3333333328125
0 0.804211340625 0.4620370375 0.804211340625 0.5731481484375001 0.9005487437499999 0.5583333328125 0.8995072578125001 0.45277777812500003 0.804211340625 0.4620370375
0 0.901590228125 0.5611111109375 0.8068150546874999 0.5722222218749999 0.8068150546874999 0.6767607765625 0.9010694859375 0.66851851875 0.901590228125 0.5611111109375
0 0.90315245625 0.6740740734374999 0.8047320828125001 0.6861111109375 0.8048828125 0.784259259375 0.8068150546874999 0.7814814812499999 0.9021109718749999 0.7768518515625 0.90315245625 0.6740740734374999