0 0.60546875 0.69765625 0.1609375 0.1625
0 0.74609375 0.671875 0.15625 0.1453125
0 0.72578125 0.5421875 0.1640625 0.1640625
0 0.57421875 0.38515625 0.121875 0.1390625
0 0.5171875 0.23203125 0.1046875 0.2125
0 0.59140625 0.2171875 0.1203125 0.209375
0 0.678125 0.365625 0.128125 0.1390625
0 0.446875 0.8078125 0.1671875 0.1796875
0 0.41015625 0.653125 0.1640625 0.175
0 0.30859375 0.82421875 0.1609375 0.1796875
0 0.26875 0.67734375 0.1578125 0.178125
0 0.28671875 0.45546875 0.1390625 0.1546875
0 0.4046875 0.43515625 0.1484375 0.153125
0 0.37421875 0.2953125 0.14375 0.1703125
0 0.2546875 0.30703125 0.146875 0.1734375
0 0.947632696875 0.5383929859375 0.91512781875 0.23292849218749997 0.8040349484375 0.2507513 0.8377773328125 0.5371172734375 0.947632696875 0.5383929859375
0 0.9364948046875 0.539300803125 0.8367500890624999 0.5536604390625001 0.8791794968750001 0.8186895484375001 0.9696161203125 0.800643778125 0.9364948046875 0.539300803125
0 0.6734375 0.2046875 0.103125 0.20625