0 0.24296875 0.1140625 0.0984375 0.084375
0 0.16171875 0.21953125 0.0875 0.0796875
0 0.16484375 0.30859375 0.0890625 0.0921875
0 0.1703125 0.41015625 0.096875 0.10625
0 0.1765625 0.515625 0.0953125 0.096875
0 0.18046875 0.61875 0.1015625 0.1078125
0 0.18203125 0.72734375 0.096875 0.09375
0 0.18203125 0.83984375 0.1015625 0.1046875
0 0.253125 0.21171875 0.084375 0.0765625
0 0.2578125 0.309375 0.0875 0.0859375
0 0.26484375 0.4046875 0.090625 0.09375
0 0.2703125 0.5046875 0.0875 0.0828125
0 0.28125 0.60859375 0.0890625 0.0984375
0 0.28046875 0.7203125 0.0953125 0.1015625
0 0.2859375 0.8359375 0.090625 0.1
0 0.34140625 0.20703125 0.0859375 0.0859375
0 0.346875 0.30703125 0.0859375 0.0859375
0 0.35390625 0.39453125 0.090625 0.1
0 0.365625 0.503125 0.0890625 0.084375
0 0.37109375 0.603125 0.090625 0.1
0 0.378125 0.71484375 0.0953125 0.0984375
0 0.39296875 0.8296875 0.0890625 0.1046875
0 0.48359375 0.14609375 0.0828125 0.090625
0 0.4921875 0.23828125 0.08125 0.0859375
0 0.503125 0.3234375 0.084375 0.0875
0 0.51328125 0.409375 0.0921875 0.090625
0 0.528125 0.503125 0.0890625 0.0921875
0 0.5375 0.5984375 0.096875 0.090625
0 0.546875 0.70078125 0.0921875 0.103125
0 0.55703125 0.8046875 0.0921875 0.1046875
0 0.56484375 0.1578125 0.071875 0.0796875
0 0.575 0.23671875 0.0796875 0.0734375
0 0.58515625 0.32109375 0.0828125 0.084375
0 0.6 0.41328125 0.0796875 0.0828125
0 0.61484375 0.51015625 0.084375 0.0921875
0 0.62578125 0.59140625 0.0828125 0.0875
0 0.63671875 0.69609375 0.0890625 0.0859375
0 0.65078125 0.79375 0.0984375 0.103125
0 0.64296875 0.146875 0.0765625 0.078125
0 0.65703125 0.228125 0.075 0.0765625
0 0.66796875 0.3109375 0.075 0.071875
0 0.68046875 0.40546875 0.0796875 0.08125
0 0.69375 0.49140625 0.0796875 0.0828125
0 0.71015625 0.58359375 0.08125 0.0796875
0 0.72734375 0.6890625 0.0921875 0.0890625
0 0.74765625 0.79296875 0.0875 0.0984375