0 0.4203125 0.43671875 0.2203125 0.20625
0 0.4828125 0.57421875 0.209375 0.19375
0 0.528125 0.7046875 0.2015625 0.1859375
0 0.584375 0.82578125 0.190625 0.1734375
0 0.4421875 0.884375 0.1796875 0.175
0 0.384375 0.7625 0.1734375 0.16875
0 0.32421875 0.63828125 0.18125 0.1796875
0 0.25625 0.8203125 0.1671875 0.16875
0 0.31796875 0.92734375 0.1671875 0.1453125
0 0.37109375 0.28515625 0.1765625 0.1703125
0 0.25546875 0.33203125 0.1328125 0.1359375
0 0.1609375 0.37890625 0.134375 0.1390625
0 0.209375 0.48046875 0.134375 0.1328125
0 0.2875 0.4390625 0.096875 0.115625
0 0.603125 0.19765625 0.1796875 0.1859375
0 0.6734375 0.3421875 0.1734375 0.190625
0 0.7984375 0.53671875 0.18125 0.1796875
0 0.84921875 0.678125 0.1890625 0.19375
0 0.96328125 0.65078125 0.0734375 0.2171875
0 0.93125 0.48359375 0.1375 0.2234375
0 0.8921875 0.31015625 0.1953125 0.2265625
0 0.815625 0.11953125 0.1875 0.2328125