0 0.96015625 0.45625 0.0796875 0.190625
0 0.92109375 0.6171875 0.1578125 0.203125
0 0.8625 0.78203125 0.165625 0.190625
0 0.79375 0.91953125 0.171875 0.1609375
0 0.63671875 0.90859375 0.125 0.1359375
0 0.5421875 0.87265625 0.1234375 0.1328125
0 0.590625 0.76875 0.128125 0.134375
0 0.63046875 0.66328125 0.1203125 0.13125
0 0.67734375 0.5578125 0.1234375 0.1265625
0 0.7265625 0.45859375 0.1265625 0.134375
0 0.77265625 0.34609375 0.125 0.1296875
0 0.725 0.1984375 0.1296875 0.134375
0 0.678125 0.3078125 0.1296875 0.1375
0 0.6328125 0.41953125 0.1296875 0.1375
0 0.58828125 0.521875 0.128125 0.134375
0 0.54140625 0.63203125 0.128125 0.134375
0 0.49609375 0.73671875 0.13125 0.140625
0 0.453125 0.8421875 0.125 0.1328125
0 0.36015625 0.809375 0.128125 0.1359375
0 0.40703125 0.69921875 0.13125 0.1390625
0 0.453125 0.5921875 0.1296875 0.1375
0 0.49765625 0.4828125 0.13125 0.1359375
0 0.53984375 0.375 0.13125 0.1375
0 0.5875 0.2640625 0.134375 0.1359375
0 0.63828125 0.15078125 0.1296875 0.134375
0 0.54609375 0.1046875 0.140625 0.1453125
0 0.4921875 0.2234375 0.14375 0.15
0 0.4484375 0.33515625 0.134375 0.1375
0 0.40390625 0.44609375 0.1359375 0.14375
0 0.3578125 0.55859375 0.1359375 0.14375
0 0.31484375 0.6640625 0.1296875 0.1328125
0 0.26953125 0.77265625 0.1328125 0.14375
0 0.175 0.7328125 0.1328125 0.1375
0 0.21953125 0.628125 0.1328125 0.1359375
0 0.26171875 0.51796875 0.1375 0.1421875
0 0.30859375 0.40703125 0.1390625 0.1453125
0 0.35078125 0.29609375 0.14375 0.1515625
0 0.396875 0.1796875 0.1390625 0.14375
0 0.4453125 0.0671875 0.140625 0.134375
0 0.20703125 0.37890625 0.4140625 0.7578125