0 0.19609375 0.19375 0.103125 0.0953125
0 0.18828125 0.296875 0.0984375 0.1
0 0.209375 0.39140625 0.109375 0.1015625
0 0.23671875 0.4796875 0.1078125 0.109375
0 0.2625 0.57421875 0.1078125 0.1171875
0 0.2875 0.675 0.1109375 0.1125
0 0.3140625 0.7734375 0.1109375 0.1203125
0 0.34453125 0.87578125 0.1125 0.1203125
0 0.26171875 0.2734375 0.1015625 0.1125
0 0.2921875 0.3578125 0.0984375 0.0953125
0 0.3171875 0.44765625 0.1 0.0953125
0 0.346875 0.540625 0.103125 0.10625
0 0.37734375 0.640625 0.1109375 0.1140625
0 0.40546875 0.73984375 0.115625 0.1171875
0 0.43828125 0.8484375 0.115625 0.11875
0 0.346875 0.24609375 0.1046875 0.10625
0 0.37265625 0.3296875 0.1046875 0.0984375
0 0.40546875 0.421875 0.1078125 0.1078125
0 0.434375 0.5109375 0.1078125 0.10625
0 0.46640625 0.609375 0.1109375 0.1125
0 0.496875 0.70859375 0.1078125 0.1078125
0 0.5296875 0.809375 0.1046875 0.09375
0 0.640625 0.41015625 0.1515625 0.1625
0 0.6953125 0.5578125 0.159375 0.178125
0 0.74921875 0.715625 0.1625 0.175
0 0.78828125 0.4234375 0.1609375 0.15
0 0.83984375 0.55 0.1671875 0.1578125
0 0.890625 0.6859375 0.1671875 0.159375