0 0.61171875 0.77734375 0.1796875 0.146875
0 0.57578125 0.6765625 0.175 0.140625
0 0.53828125 0.58046875 0.1703125 0.1375
0 0.503125 0.4875 0.16875 0.134375
0 0.55 0.209375 0.1546875 0.1203125
0 0.64609375 0.453125 0.1578125 0.1296875
0 0.684375 0.540625 0.1578125 0.1328125
0 0.725 0.62890625 0.165625 0.1359375
0 0.5796875 0.290625 0.153125 0.1234375
0 0.3703125 0.62421875 0.190625 0.215625
0 0.42734375 0.8078125 0.2 0.2234375
0 0.6125 0.36875 0.15625 0.125
0 0.47109375 0.40625 0.1609375 0.128125
0 0.4390625 0.3234375 0.15625 0.121875
0 0.7578125 0.7234375 0.165625 0.1390625
0 0.2328125 0.67265625 0.1859375 0.2109375
0 0.28671875 0.85546875 0.2 0.2265625
0 0.31015625 0.44609375 0.1859375 0.203125
0 0.41640625 0.2421875 0.1484375 0.1171875
0 0.94453125 0.72578125 0.0921875 0.075
0 0.92109375 0.67578125 0.0921875 0.075
0 0.959375 0.7765625 0.08125 0.075
0 0.9609375 0.5953125 0.078125 0.078125
0 0.89453125 0.6296875 0.090625 0.0734375
0 0.87265625 0.58125 0.090625 0.0734375
0 0.9921875 0.48984375 0.015625 0.0640625
0 0.978125 0.70625 0.04375 0.15625
0 0.98046875 0.43515625 0.0390625 0.0796875