0 0.49765625 0.7875 0.09375 0.06875
0 0.50546875 0.7328125 0.09375 0.06875
0 0.334375 0.69609375 0.09375 0.0703125
0 0.5140625 0.67578125 0.0921875 0.06875
0 0.3453125 0.64140625 0.0921875 0.0640625
0 0.353125 0.59296875 0.090625 0.065625
0 0.2234375 0.80390625 0.09375 0.0703125
0 0.52109375 0.62578125 0.0921875 0.065625
0 0.3625 0.54140625 0.084375 0.0578125
0 0.2609375 0.63984375 0.0875 0.0609375
0 0.72734375 0.86953125 0.096875 0.0703125
0 0.26953125 0.5875 0.0890625 0.0640625
0 0.23671875 0.746875 0.090625 0.065625
0 0.2515625 0.690625 0.0890625 0.0640625
0 0.3234375 0.75234375 0.0953125 0.06875
0 0.28828125 0.4890625 0.090625 0.0640625
0 0.52890625 0.575 0.0890625 0.0640625
0 0.3828125 0.39609375 0.0921875 0.0671875
0 0.65234375 0.7140625 0.09375 0.0671875
0 0.81875 0.88125 0.1 0.0703125
0 0.37578125 0.4484375 0.090625 0.0640625
0 0.27890625 0.540625 0.0875 0.059375
0 0.3703125 0.496875 0.0875 0.0640625
0 0.6578125 0.6625 0.0875 0.0609375
0 0.7421875 0.76015625 0.1 0.06875
0 0.31171875 0.81640625 0.0953125 0.0703125
0 0.2953125 0.44140625 0.084375 0.0609375
0 0.65703125 0.61328125 0.0859375 0.0609375
0 0.76015625 0.3671875 0.0796875 0.0609375
0 0.05703125 0.49453125 0.103125 0.06875
0 0.0265625 0.709375 0.053125 0.06875
0 0.82890625 0.82421875 0.096875 0.0703125
0 0.41484375 0.76171875 0.09375 0.0703125
0 0.390625 0.30859375 0.0890625 0.059375
0 0.73515625 0.8125 0.096875 0.065625
0 0.43984375 0.6046875 0.090625 0.065625
0 0.83515625 0.7671875 0.096875 0.0703125
0 0.7453125 0.6484375 0.09375 0.0671875
0 0.6625 0.5640625 0.0828125 0.0609375
0 0.74609375 0.59453125 0.09375 0.0671875
0 0.44921875 0.54921875 0.090625 0.0625
0 0.7453125 0.70390625 0.0921875 0.06875
0 0.5359375 0.51953125 0.090625 0.0609375
0 0.01796875 0.76796875 0.0359375 0.0609375
0 0.08515625 0.384375 0.090625 0.0640625
0 0.04765625 0.546875 0.0953125 0.065625
0 0.07265625 0.4359375 0.096875 0.065625
0 0.63828125 0.8671875 0.08125 0.0484375
0 0.546875 0.42265625 0.090625 0.0609375
0 0.8328125 0.71015625 0.0953125 0.0671875
0 0.7484375 0.45390625 0.0765625 0.0578125
0 0.54921875 0.37578125 0.0859375 0.05625
0 0.5421875 0.47421875 0.0953125 0.065625
0 0.15703125 0.46640625 0.0921875 0.065625
0 0.30390625 0.39765625 0.0765625 0.053125
0 0.83515625 0.60546875 0.0921875 0.06875
0 0.43203125 0.6546875 0.0890625 0.0625
0 0.1703125 0.4125 0.0921875 0.06875
0 0.678125 0.43515625 0.08125 0.0609375
0 0.40546875 0.8234375 0.0921875 0.06875
0 0.03203125 0.65390625 0.0640625 0.0640625
0 0.3859375 0.35078125 0.0890625 0.0578125
0 0.46875 0.36640625 0.0765625 0.0546875
0 0.64453125 0.828125 0.0796875 0.0453125
0 0.65234375 0.76328125 0.084375 0.0515625
0 0.7515625 0.4109375 0.078125 0.05
0 0.03984375 0.60078125 0.0796875 0.0703125
0 0.4640625 0.409375 0.0796875 0.0546875
0 0.45390625 0.5 0.084375 0.05625
0 0.7515625 0.540625 0.090625 0.0625
0 0.490625 0.84609375 0.09375 0.06875
0 0.840625 0.55234375 0.096875 0.06875
0 0.06953125 0.7921875 0.0828125 0.06875
0 0.74765625 0.49609375 0.0796875 0.053125
0 0.5515625 0.32890625 0.0828125 0.059375
0 0.6734375 0.48984375 0.0796875 0.059375
0 0.459375 0.45390625 0.08125 0.0546875
0 0.8328125 0.659375 0.0890625 0.0625
0 0.11328125 0.62265625 0.090625 0.0609375
0 0.10546875 0.67578125 0.096875 0.06875
0 0.64765625 0.7953125 0.0796875 0.0453125
0 0.14296875 0.52109375 0.0859375 0.0625
0 0.42109375 0.70546875 0.0890625 0.059375
0 0.128125 0.57265625 0.0890625 0.0625
0 0.82109375 0.46015625 0.0734375 0.0453125
0 0.09375 0.73125 0.10625 0.0734375
0 0.96796875 0.59921875 0.05625 0.0890625
0 0.95859375 0.690625 0.046875 0.0875
0 0.9359375 0.87734375 0.0328125 0.0984375
0 0.1921875 0.56953125 0.0609375 0.1546875
0 0.015625 0.42890625 0.0296875 0.0609375
0 0.82109375 0.50078125 0.075 0.0484375
0 0.107902478125 0.8091680234374999 0.144941434375 0.82986545 0.1904525046875 0.656629471875 0.157834384375 0.644047753125 0.107902478125 0.8091680234374999
0 0.946875 0.78125 0.0421875 0.08125