0 0.35 0.4859375 0.0796875 0.0546875
0 0.3671875 0.525 0.084375 0.0625
0 0.38671875 0.56953125 0.0890625 0.0609375
0 0.4046875 0.61640625 0.0875 0.0625
0 0.421875 0.665625 0.0953125 0.071875
0 0.440625 0.7125 0.0890625 0.0640625
0 0.4578125 0.7609375 0.09375 0.075
0 0.4765625 0.81484375 0.0875 0.071875
0 0.496875 0.86875 0.0984375 0.0765625
0 0.42099957187500003 0.3577798375 0.39625345 0.3209665328125 0.3322607 0.3626201046875 0.353453496875 0.39911364374999997 0.42099957187500003 0.3577798375
0 0.44194436093749995 0.3949587109375 0.42221899374999994 0.3607980125 0.35503674375 0.40432538593749995 0.373107321875 0.43798436875 0.44194436093749995 0.3949587109375
0 0.463949265625 0.4363903921875 0.44056562968749996 0.393175165625 0.375983653125 0.441503403125 0.396012946875 0.48490357968750003 0.463949265625 0.4363903921875
0 0.485404584375 0.48623615468750003 0.46500934687499995 0.44064327031249995 0.397910628125 0.48355173437500004 0.4159138984375 0.526015046875 0.485404584375 0.48623615468750003
0 0.5027236265624999 0.5307313703125 0.48630535625000004 0.4917236625 0.41874917187499994 0.5277952453125 0.4341174703125 0.5678123015625001 0.5027236265624999 0.5307313703125
0 0.52352533125 0.5773302984375001 0.5087166765625 0.534161409375 0.4356718359375 0.5765465953125 0.4525843921875 0.62003571875 0.52352533125 0.5773302984375001
0 0.54043795625 0.62081945 0.5214214312500001 0.5770100625000001 0.4524965734375 0.6165603453124999 0.47216669375000003 0.6636165187499999 0.54043795625 0.62081945
0 0.568133453125 0.6763359921875 0.5457058390625 0.625712796875 0.47497360312500003 0.6718447249999999 0.48916706718749997 0.7105810171875 0.568133453125 0.6763359921875
0 0.585787440625 0.7265473250000001 0.5663644984375 0.6817318734375 0.4878001703125 0.7158144296875 0.5070682125 0.763033025 0.585787440625 0.7265473250000001
0 0.604413703125 0.7775360453125 0.585062284375 0.7280105203125 0.5068322140625 0.767809525 0.5274797125 0.816811425 0.604413703125 0.7775360453125
0 0.627033196875 0.8432954562500001 0.6058087624999999 0.7875049703125 0.5354660109375 0.826457825 0.555581709375 0.8733339453125 0.627033196875 0.8432954562500001
0 0.516576140625 0.3776786703125 0.5005642859375 0.3396770265625 0.4386159046875 0.37406806875 0.45670427187499996 0.41357130625 0.516576140625 0.3776786703125
0 0.5376802703125 0.41362284374999997 0.5212782453125 0.3828006046875 0.4606738734375 0.42132975625 0.47497933437500006 0.4506585546875 0.5376802703125 0.41362284374999997
0 0.55668046875 0.44924685000000003 0.5377518140624999 0.4089128171875 0.4737171671875 0.4511684765625 0.4915569421875 0.4884315625 0.55668046875 0.44924685000000003
0 0.5738402015624999 0.4949766984375 0.553285603125 0.450618465625 0.49527378750000006 0.48985558124999995 0.5131553796875 0.5288572015625 0.5738402015624999 0.4949766984375
0 0.60134381875 0.5353570234375 0.581283525 0.4954802546875 0.5131716234375 0.537042671875 0.5305622390625 0.5768277921875 0.60134381875 0.5353570234375
0 0.6218431703125 0.59261073125 0.601288571875 0.5482524984375 0.5328365265625 0.5852711921875 0.551292421875 0.62813679375 0.6218431703125 0.59261073125
0 0.64225465 0.6463890859375 0.6250234265625 0.6053692453124999 0.553566709375 0.63658019375 0.5725883984375 0.6792172546875 0.64225465 0.6463890859375
0 0.6649131671874999 0.6910676 0.6449243984375 0.6464807578125 0.5735561859375 0.6811667515625001 0.5924894015625 0.7203287 0.6649131671874999 0.6910676
0 0.68815371875 0.7437028828125001 0.6669455265625001 0.6960978640625 0.5930669453124999 0.7294575765625 0.6139609984375001 0.7783598640625 0.68815371875 0.7437028828125001
0 0.7105098109375 0.79903615 0.69246558125 0.7560041984375 0.6225498140625 0.78776283125 0.6400305859375 0.8298521390625 0.7105098109375 0.79903615
0 0.5734498359375 0.29852651875 0.5519392187500001 0.2615762546875 0.48798813281250003 0.2909249984375 0.507832025 0.33322981406249996 0.5734498359375 0.29852651875
0 0.597239940625 0.342747790625 0.5760480234375 0.3033281734375 0.5061711078125 0.343263140625 0.5219155453125001 0.37786194375000004 0.597239940625 0.342747790625
0 0.6161686468750001 0.383081803125 0.5982122359375001 0.3435252234375 0.52652983125 0.37950850625 0.547068153125 0.41568133749999997 0.6161686468750001 0.383081803125
0 0.640859471875 0.43279060312500006 0.6220901234375 0.3912219375 0.558145396875 0.4205681109375 0.5732808765625 0.4577535390625 0.640859471875 0.43279060312500006
0 0.6665778890625 0.4703813390625 0.6474898921875 0.4312820046875 0.57145068125 0.460833546875 0.5867107484375 0.499138903125 0.6665778890625 0.4703813390625
0 0.6873958890625 0.525165715625 0.6683793828125 0.481356375 0.5944887140625 0.5129655453125 0.610923615625 0.552551665625 0.6873958890625 0.525165715625
0 0.7058465359375 0.569203734375 0.6878023765625 0.52617180625 0.612170340625 0.5567291046875 0.6293743109375 0.5965896625 0.7058465359375 0.569203734375
0 0.7230062875 0.614933625 0.706428640625 0.577160525 0.631310746875 0.6016587078125 0.6476656671875001 0.6418623578125 0.7230062875 0.614933625
0 0.752646378125 0.6720050390625001 0.736052471875 0.6260465828124999 0.6554372078124999 0.6515955250000001 0.671790715625 0.6917997453125 0.752646378125 0.6720050390625001
0 0.7749862265624999 0.7191528375 0.7575078234375 0.675892275 0.6807830906250001 0.70455051875 0.6974538156250001 0.7422859328125 0.7749862265624999 0.7191528375
0 0.799852684375 0.7758123859375 0.7817206375 0.729305059375 0.6982253593750001 0.7501662140625001 0.716893053125 0.7952868328125 0.799852684375 0.7758123859375