0 0.68125 0.7671875 0.190625 0.19375
0 0.61328125 0.60703125 0.203125 0.2171875
0 0.53046875 0.40703125 0.165625 0.175
0 0.4703125 0.27109375 0.1765625 0.19375
0 0.3546875 0.31640625 0.171875 0.1859375
0 0.41015625 0.4515625 0.1640625 0.1671875
0 0.4796875 0.66171875 0.2015625 0.2140625
0 0.54921875 0.81484375 0.1890625 0.2015625
0 0.79609375 0.621875 0.1734375 0.165625
0 1 0.58632859375 0.957027175 0.48125058125000003 0.84534541875 0.5313844953125 0.8850707 0.6524283703125 1 0.6100679828125 1 0.58632859375
0 0.9584275734375 0.4792762234375 0.9147867296875001 0.3420042984375 0.7882601703125001 0.3946321484375 0.8384966281249999 0.5205149796875 0.9584275734375 0.4792762234375
0 0.58592991875 0.07099878281250001 0.5170462671875 0.10572049375 0.5906470765625 0.28639025937499996 0.6574279953125 0.25017196406250003 0.58592991875 0.07099878281250001
0 0.5904742453125 0.074379059375 0.659028709375 0.25054125312500003 0.72655140625 0.22615325312499998 0.6602296984375 0.04332193125 0.5904742453125 0.074379059375
0 0.658353934375 0.0374026734375 0.7284928625 0.22907004375 0.793677121875 0.2013990015625 0.72641766875 0.017905778125 0.658353934375 0.0374026734375
0 0.8040341312500001 0.2075948453125 0.703629315625 0.2414908671875 0.7485403265625 0.3457761328125 0.838297121875 0.3152700578125 0.8040341312500001 0.2075948453125
0 0.7560695749999999 0.3626871 0.70402579375 0.2372616625 0.5907792171875 0.2849805671875 0.648160509375 0.40532787187499997 0.7560695749999999 0.3626871
0 0.2943377546875 1 0.370831509375 0.965136940625 0.3022483265625 0.828162975 0.1720390078125 0.8753289203125 0.231380146875 1 0.2943377546875 1
0 0.09275588125 0.7228556734375 0.1704009078125 0.8733564265625 0.30288250625 0.8278806203125001 0.2241651078125 0.672811509375 0.09275588125 0.7228556734375
0 0.0112129453125 0.5706961953125 0.0918841953125 0.7191910906250001 0.224365696875 0.673715328125 0.15369615 0.5201088921875 0.0112129453125 0.5706961953125
0 0 0.5487176390624999 0.0122168296875 0.5729509578124999 0.13859644843750002 0.501823465625 0.0580987 0.33638219999999996 0 0.3670636296875 0 0.5487176390624999