0 0.7828125 0.24140625 0.1359375 0.25625
0 0.7734375 0.496875 0.13125 0.24140625
0 0.77265625 0.74296875 0.1234375 0.23359375
0 0.63515625 0.74140625 0.1296875 0.234375
0 0.4234375 0.28515625 0.21015625 0.159375
0 0.42734375 0.53359375 0.1984375 0.15546875
0 0.425 0.76640625 0.19140625 0.14296875
0 0.19453125 0.81640625 0.18515625 0.19453125
0 0.19140625 0.53671875 0.19296875 0.203125
0 0.2421875 0.2484375 0.14609375 0.16875
0 0.9121744796875 0.002777778125 0.8885716609375001 0.834259259375 0.9984483734375 0.8416666671874999 0.9989691171875 0.0009259265625 0.9121744796875 0.002777778125