0 0.3859375 0.39375 0.14375 0.178125
0 0.44921875 0.546875 0.146875 0.18125
0 0.50859375 0.69765625 0.1390625 0.175
0 0.5640625 0.83828125 0.1390625 0.184375
0 0.640625 0.8015625 0.1203125 0.1546875
0 0.61953125 0.47421875 0.146875 0.1265625
0 0.65078125 0.55078125 0.1359375 0.1109375
0 0.68359375 0.63046875 0.1359375 0.1109375
0 0.71328125 0.70625 0.140625 0.109375
0 0.740625 0.77890625 0.1375 0.1234375
0 0.84375 0.6 0.2875 0.3921875
0 0.86796875 0.209375 0.1703125 0.225
0 0.94921875 0.58125 0.1015625 0.271875
0 0.92265625 0.37890625 0.1546875 0.1890625
0 0.26015625 0.5828125 0.4109375 0.834375
0 0.178125 0.603125 0.35625 0.79375