0 0.440625 0.390625 0.1140625 0.115625
0 0.52734375 0.36328125 0.1109375 0.115625
0 0.49375 0.26875 0.10625 0.1109375
0 0.5625 0.4578125 0.1140625 0.1171875
0 0.475 0.48671875 0.115625 0.121875
0 0.38515625 0.51796875 0.1171875 0.11875
0 0.32421875 0.3296875 0.10625 0.1109375
0 0.49375 0.8328125 0.1234375 0.1296875
0 0.353125 0.42265625 0.1125 0.115625
0 0.4203125 0.61875 0.1203125 0.125
0 0.60234375 0.55390625 0.115625 0.121875
0 0.4578125 0.725 0.121875 0.128125
0 0.51171875 0.58515625 0.1203125 0.125
0 0.5890625 0.803125 0.1234375 0.13125
0 0.29609375 0.24296875 0.10625 0.10625
0 0.55 0.69296875 0.11875 0.128125
0 0.40859375 0.29921875 0.1140625 0.115625
0 0.46015625 0.184375 0.1015625 0.1046875
0 0.37734375 0.2125 0.103125 0.1046875
0 0.63984375 0.6609375 0.1140625 0.1234375
0 0.68125 0.7671875 0.125 0.1328125