0 0.32890625 0.40625 0.08046875 0.128125
0 0.334375 0.55078125 0.06953125 0.1359375
0 0.3390625 0.6890625 0.07578125 0.1203125
0 0.340625 0.82578125 0.06875 0.13203125
0 0.2671875 0.83125 0.06953125 0.13203125
0 0.2640625 0.69296875 0.07421875 0.1203125
0 0.2949249640625 0.6166666671875001 0.28919679375 0.4916666671875 0.2178550421875 0.49629629687500004 0.2256661828125 0.6259259265625 0.2949249640625 0.6166666671875001
0 0.170988196875 0.678703703125 0.16061197968750002 0.42870370312499995 0.054341828125000005 0.4268518515625 0.06944336718750001 0.6759259265625001 0.170988196875 0.678703703125
0 0.1829652796875 0.678703703125 0.0783203125 0.6824074078125 0.09339753281249999 0.9175925921875001 0.1939008765625 0.9166666671874999 0.1829652796875 0.678703703125
0 0.4640625 0.26875 0.078125 0.13359375
0 0.4640625 0.41328125 0.0703125 0.13828125
0 0.46875 0.553125 0.07421875 0.121875
0 0.47265625 0.68359375 0.06796875 0.125
0 0.47734375 0.8140625 0.06796875 0.12578125
0 0.54921875 0.815625 0.0671875 0.11875
0 0.54453125 0.68515625 0.06796875 0.1296875
0 0.54296875 0.5484375 0.0703125 0.13046875
0 0.54140625 0.41171875 0.0671875 0.13359375
0 0.61640625 0.54296875 0.07109375 0.12578125
0 0.61875 0.68125 0.07265625 0.1296875
0 0.61953125 0.8125 0.0671875 0.11953125
0 0.8812812624999999 0.3166666671875 0.7616536453125 0.3129629625 0.755261525 0.640740740625 0.8713871515625 0.6361111109375 0.8812812624999999 0.3166666671875
0 0.8651382390625001 0.6416666671875 0.7595703125 0.647222221875 0.7542200390625 0.8740740734375001 0.8562856125 0.872222221875 0.8651382390625001 0.6416666671875
0 0.86565898125 0.7583333328124999 0.8621744796874999 0.8796296296874999 0.9297103359375001 0.875 0.930231078125 0.88055555625 0.9370007328125001 0.7611111109375 0.86565898125 0.7583333328124999
0 0.87815680625 0.627777778125 0.8719078937500001 0.7509259265625 0.9401251890625 0.753703703125 0.949498559375 0.6231481484375 0.87815680625 0.627777778125
0 0.9557474718750001 0.4861111109375 0.8824869796874999 0.4861111109375 0.8786775484374999 0.621296296875 0.949498559375 0.6175925921875 0.9557474718750001 0.4861111109375
0 0.964600096875 0.34444444375 0.889092403125 0.34351851875 0.8833642328125 0.48148148125 0.955226728125 0.477777778125 0.964600096875 0.34444444375
0 0.9994898593749999 0.1916666671875 0.9319661453125001 0.1916666671875 0.927106621875 0.3324074078125 0.9968861453125 0.32592592656249997 0.9994898593749999 0.1916666671875
0 0.96953125 0.8171875 0.0609375 0.121875