0 0.6921875 0.6109375 0.45625 0.5125
0 0.2765625 0.1546875 0.09375 0.0984375
0 0.26953125 0.25 0.09375 0.0953125
0 0.2578125 0.353125 0.096875 0.1
0 0.24375 0.45703125 0.0953125 0.109375
0 0.23515625 0.56015625 0.096875 0.10625
0 0.22265625 0.675 0.0953125 0.1203125
0 0.20859375 0.79609375 0.1015625 0.1265625
0 0.11328125 0.7859375 0.103125 0.1171875
0 0.125 0.6703125 0.103125 0.1203125
0 0.13515625 0.553125 0.10625 0.10625
0 0.1453125 0.4453125 0.1 0.1109375
0 0.1609375 0.34375 0.09375 0.1
0 0.17578125 0.24609375 0.09375 0.0984375
0 0.18828125 0.15 0.090625 0.0953125
0 0.0984375 0.14609375 0.0921875 0.090625
0 0.08203125 0.23671875 0.09375 0.090625
0 0.06484375 0.3375 0.096875 0.09375
0 0.046875 0.43828125 0.09375 0.1046875
0 0.0390625 0.54609375 0.078125 0.1109375
0 0.03671875 0.65859375 0.0734375 0.1140625
0 0.02578125 0.775 0.0515625 0.121875