0 0.715625 0.3109375 0.178125 0.2125
0 0.665625 0.4953125 0.178125 0.2015625
0 0.6171875 0.67578125 0.175 0.2078125
0 0.565625 0.85625 0.1734375 0.1953125
0 0.4296875 0.821875 0.1796875 0.20625
0 0.4796875 0.63828125 0.1734375 0.209375
0 0.53359375 0.45625 0.1796875 0.2046875
0 0.5796875 0.275 0.171875 0.2078125
0 0.4453125 0.23671875 0.1796875 0.21875
0 0.39453125 0.42265625 0.1796875 0.2
0 0.34296875 0.60390625 0.178125 0.2125
0 0.2921875 0.790625 0.1828125 0.2078125
0 0.146875 0.759375 0.1875 0.20625
0 0.2015625 0.57109375 0.1890625 0.21875
0 0.25625 0.38359375 0.190625 0.2109375
0 0.30546875 0.190625 0.184375 0.221875
0 0.1578125 0.14609375 0.1921875 0.2265625
0 0.10390625 0.340625 0.196875 0.2296875
0 0.07421875 0.5328125 0.1484375 0.21875
0 0.046875 0.72578125 0.09375 0.2140625