0 0.41484375 0.66953125 0.090625 0.0546875
0 0.71953125 0.7171875 0.08515625 0.05625
0 0.81484375 0.77265625 0.08515625 0.0546875
0 0.4140625 0.725 0.0890625 0.0515625
0 0.41953125 0.61875 0.08515625 0.05390625
0 0.81796875 0.83125 0.08515625 0.05390625
0 0.32890625 0.61328125 0.08828125 0.0546875
0 0.41328125 0.78046875 0.0875 0.0578125
0 0.9046875 0.7828125 0.084375 0.053125
0 0.14921875 0.8171875 0.07734375 0.053125
0 0.325 0.7265625 0.08671875 0.05390625
0 0.63203125 0.62578125 0.08515625 0.05390625
0 0.71953125 0.6671875 0.0828125 0.04921875
0 0.9078125 0.83984375 0.0859375 0.05625
0 0.23359375 0.75859375 0.07890625 0.05
0 0.634375 0.78125 0.0875 0.0484375
0 0.63359375 0.67578125 0.08203125 0.0484375
0 0.72265625 0.7765625 0.08671875 0.05234375
0 0.63359375 0.7265625 0.08515625 0.05078125
0 0.328125 0.66875 0.08515625 0.05390625
0 0.409375 0.8453125 0.0875 0.05703125
0 0.33671875 0.50546875 0.08203125 0.04921875
0 0.79609375 0.56015625 0.084375 0.05078125
0 0.81015625 0.71796875 0.08359375 0.053125
0 0.3328125 0.5546875 0.0859375 0.05234375
0 0.31875 0.84296875 0.09140625 0.05703125
0 0.1484375 0.87109375 0.07421875 0.05078125
0 0.725 0.83203125 0.08984375 0.0515625
0 0.890625 0.671875 0.08359375 0.05
0 0.71640625 0.615625 0.08203125 0.0515625
0 0.6375 0.84140625 0.08125 0.053125
0 0.15390625 0.7640625 0.075 0.04765625
0 0.8 0.6125 0.08359375 0.0515625
0 0.41796875 0.56328125 0.0828125 0.05390625
0 0.41953125 0.4546875 0.08125 0.05234375
0 0.80390625 0.66484375 0.08203125 0.0484375
0 0.71171875 0.5671875 0.08046875 0.04609375
0 0.7078125 0.51484375 0.08046875 0.05078125
0 0.14609375 0.92421875 0.07734375 0.0546875
0 0.8875 0.62109375 0.0828125 0.05078125
0 0.32421875 0.78203125 0.08828125 0.05546875
0 0.7890625 0.50859375 0.08203125 0.0453125
0 0.703125 0.465625 0.08203125 0.0515625
0 0.50546875 0.734375 0.08828125 0.05703125
0 0.621875 0.47578125 0.0765625 0.04921875
0 0.41875 0.50625 0.078125 0.046875
0 0.78125 0.46328125 0.0765625 0.04609375
0 0.68046875 0.33125 0.08125 0.0484375
0 0.89375 0.72421875 0.0828125 0.05234375
0 0.696875 0.41953125 0.08515625 0.05234375
0 0.50234375 0.6796875 0.0828125 0.05390625
0 0.625 0.52421875 0.08046875 0.053125
0 0.87734375 0.51875 0.08359375 0.05078125
0 0.62578125 0.57578125 0.0828125 0.0515625
0 0.884375 0.57109375 0.08203125 0.05078125
0 0.76875 0.37734375 0.071875 0.04453125
0 0.5046875 0.62890625 0.08359375 0.04921875
0 0.15859375 0.7125 0.0796875 0.053125
0 0.503125 0.7921875 0.08828125 0.05625
0 0.50546875 0.4671875 0.0828125 0.0515625
0 0.50390625 0.51796875 0.084375 0.04921875
0 0.86015625 0.41875 0.084375 0.0421875
0 0.5046875 0.57578125 0.08359375 0.0546875
0 0.84921875 0.32734375 0.078125 0.0484375
0 0.86875 0.46875 0.08203125 0.05
0 0.61875 0.43203125 0.07578125 0.0453125
0 0.7734375 0.41875 0.06953125 0.0421875
0 0.68984375 0.375 0.08203125 0.04765625
0 0.04609375 0.25 0.09140625 0.0765625
0 0.8515625 0.375 0.0796875 0.0421875
0 0.04140625 0.3359375 0.0828125 0.07890625
0 0.56484375 0.6171875 0.03046875 0.1453125
0 0.5015625 0.84609375 0.0921875 0.04609375
0 0.20546875 0.87421875 0.02578125 0.1515625
0 0.246875 0.86328125 0.03203125 0.16015625
0 0.971875 0.38828125 0.05234375 0.02421875
0 0.9875 0.89296875 0.025 0.0921875
0 0.565625 0.77890625 0.03046875 0.1640625
0 0.0359375 0.4234375 0.0703125 0.08046875
0 0.98125 0.50390625 0.0375 0.0328125
0 0.98359375 0.53125 0.03125 0.03359375
0 0.028125 0.60703125 0.05625 0.08671875
0 0.99140625 0.66796875 0.01484375 0.09453125
0 0.98203125 0.465625 0.03515625 0.0390625
0 0.03046875 0.51015625 0.0609375 0.0828125
0 0.975 0.41953125 0.05 0.0421875
0 0.9875 0.5921875 0.0234375 0.0421875
0 0.02421875 0.80390625 0.0453125 0.09609375
0 0.0234375 0.70546875 0.04375 0.08828125