0 0.9046875 0.1515625 0.16875 0.1
0 0.87578125 0.3859375 0.24375 0.353125
0 0.86015625 0.753125 0.2390625 0.353125
0 0.53046875 0.2890625 0.12890625 0.1546875
0 0.62109375 0.46171875 0.04453125 0.1765625
0 0.575 0.4609375 0.040625 0.1765625
0 0.53125 0.4640625 0.04140625 0.175
0 0.4859375 0.46328125 0.04296875 0.175
0 0.5515625 0.659375 0.16953125 0.1953125
0 0.55234375 0.8671875 0.16484375 0.19921875
0 0.3953125 0.31953125 0.10859375 0.11640625
0 0.40078125 0.45234375 0.10859375 0.1234375
0 0.38125 0.61953125 0.13828125 0.15859375
0 0.38125 0.7859375 0.13828125 0.153125
0 0.24453125 0.91015625 0.0765625 0.05703125
0 0.03125 0.3515625 0.046875 0.16328125
0 0.10703125 0.5609375 0.19140625 0.24296875
0 0.10625 0.815625 0.19140625 0.246875