0 0.2296875 0.215625 0.0984375 0.096875
0 0.23984375 0.3109375 0.1015625 0.1015625
0 0.24765625 0.409375 0.103125 0.10625
0 0.25625 0.50546875 0.1078125 0.109375
0 0.26953125 0.6125 0.109375 0.1171875
0 0.28125 0.72890625 0.1078125 0.11875
0 0.29765625 0.8421875 0.1109375 0.1203125
0 0.39765625 0.82890625 0.115625 0.11875
0 0.38125 0.715625 0.109375 0.1171875
0 0.3671875 0.6 0.1125 0.115625
0 0.35234375 0.49375 0.109375 0.115625
0 0.340625 0.39375 0.103125 0.1046875
0 0.32890625 0.2984375 0.1015625 0.103125
0 0.31875 0.20546875 0.0984375 0.1015625
0 0.40625 0.19140625 0.0953125 0.103125
0 0.41953125 0.2859375 0.096875 0.103125
0 0.4328125 0.384375 0.1 0.10625
0 0.446875 0.48359375 0.103125 0.1140625
0 0.465625 0.58984375 0.109375 0.1171875
0 0.48125 0.703125 0.1109375 0.128125
0 0.49765625 0.81484375 0.1140625 0.1296875