0 0.45703125 0.6203125 0.384375 0.6265625
0 0.43203125 0.39921875 0.1578125 0.1640625
0 0.37578125 0.5203125 0.146875 0.1453125
0 0.32421875 0.63046875 0.146875 0.1484375
0 0.271875 0.7359375 0.1328125 0.1296875
0 0.4328125 0.11796875 0.16875 0.1703125
0 0.37890625 0.2390625 0.159375 0.1609375
0 0.31484375 0.36328125 0.1625 0.171875
0 0.2671875 0.48125 0.146875 0.1484375
0 0.22109375 0.58515625 0.146875 0.146875
0 0.17578125 0.69140625 0.1421875 0.1421875
0 0.3234375 0.075 0.171875 0.15
0 0.265625 0.19296875 0.159375 0.159375
0 0.2140625 0.30546875 0.1515625 0.1515625
0 0.16171875 0.42578125 0.15 0.14375
0 0.1125 0.5375 0.1453125 0.140625
0 0.07109375 0.64296875 0.1421875 0.1453125
0 0.8142804375000001 0.8513096328125 0.9032905421875 0.697842653125 0.8509657046875001 0.6769006640625 0.7631904546875 0.8241021140625 0.8142804375000001 0.8513096328125
0 0.729642465625 0.9931734296875 0.812200696875 0.8502952765625 0.7551199796875 0.8258891078125 0.671824990625 0.971841875 0.729642465625 0.9931734296875