0 0.3171875 0.60078125 0.0859375 0.0953125
0 0.31875 0.496875 0.08515625 0.09375
0 0.3171875 0.70625 0.0890625 0.1
0 0.32109375 0.40390625 0.0828125 0.0890625
0 0.04453125 0.31171875 0.08203125 0.084375
0 0.21796875 0.41171875 0.0828125 0.0875
0 0.21953125 0.31796875 0.08046875 0.08359375
0 0.32421875 0.30625 0.0828125 0.084375
0 0.21484375 0.503125 0.08671875 0.0875
0 0.128125 0.41640625 0.08046875 0.08359375
0 0.1203125 0.51015625 0.08515625 0.0921875
0 0.31484375 0.815625 0.090625 0.10078125
0 0.503125 0.49453125 0.08203125 0.090625
0 0.2125 0.60625 0.08984375 0.09453125
0 0.11484375 0.6109375 0.08515625 0.09140625
0 0.50703125 0.59765625 0.084375 0.09140625
0 0.2046875 0.709375 0.08828125 0.096875
0 0.4109375 0.30390625 0.08203125 0.08203125
0 0.4109375 0.5984375 0.09140625 0.09609375
0 0.50703125 0.703125 0.08671875 0.09375
0 0.0390625 0.4 0.078125 0.084375
0 0.109375 0.71484375 0.08671875 0.09453125
0 0.053125 0.21875 0.08125 0.08203125
0 0.03515625 0.49765625 0.06953125 0.09453125
0 0.4125 0.49609375 0.0921875 0.08984375
0 0.74140625 0.6125 0.121875 0.15625
0 0.22578125 0.2265625 0.07890625 0.08203125
0 0.4140625 0.81796875 0.0953125 0.103125
0 0.1390625 0.2328125 0.08046875 0.0828125
0 0.4125 0.70546875 0.09296875 0.09765625
0 0.13359375 0.32265625 0.0796875 0.08046875
0 0.41015625 0.3984375 0.08203125 0.0875
0 0.059375 0.13046875 0.0796875 0.07734375
0 0.5109375 0.81328125 0.0890625 0.10234375
0 0.73203125 0.453125 0.11484375 0.140625
0 0.88984375 0.79453125 0.140625 0.1390625
0 0.753125 0.7828125 0.12890625 0.16171875
0 0.22890625 0.14375 0.078125 0.07578125
0 0.8765625 0.64765625 0.13359375 0.1296875
0 0.86875 0.5078125 0.12890625 0.12890625
0 0.3265625 0.21640625 0.0734375 0.078125
0 0.20625 0.8203125 0.09453125 0.0984375
0 0.49765625 0.30390625 0.078125 0.08671875
0 0.14453125 0.14609375 0.07578125 0.0734375
0 0.103125 0.821875 0.09140625 0.09453125
0 0.50078125 0.39609375 0.08515625 0.08828125
0 0.03203125 0.6 0.0640625 0.08984375
0 0.49765625 0.209375 0.0796875 0.0859375
0 0.028125 0.70625 0.05625 0.1
0 0.35859375 0.1234375 0.07265625 0.08359375
0 0.4140625 0.2125 0.0828125 0.08203125
0 0.02578125 0.81875 0.05078125 0.09921875