0 0.69921875 0.646875 0.13515625 0.1875
0 0.70234375 0.83828125 0.140625 0.18984375
0 0.55859375 0.840625 0.14453125 0.18984375
0 0.5609375 0.646875 0.146875 0.2015625
0 0.55625 0.45703125 0.140625 0.1875
0 0.5578125 0.26484375 0.1484375 0.20625
0 0.4109375 0.26171875 0.15234375 0.20859375
0 0.41328125 0.45625 0.15078125 0.19921875
0 0.41484375 0.65625 0.1453125 0.1921875
0 0.41640625 0.8484375 0.14921875 0.2015625
0 0.26640625 0.8578125 0.153125 0.2015625
0 0.26484375 0.653125 0.15859375 0.19453125
0 0.2625 0.45859375 0.15703125 0.20390625
0 0.115625 0.8625 0.16015625 0.196875
0 0.11328125 0.66328125 0.1546875 0.2015625
0 0.1078125 0.4546875 0.1578125 0.2015625
0 0.10546875 0.253125 0.1625 0.2109375
0 0.2609375 0.253125 0.14609375 0.196875