0 0.41015625 0.69375 0.09453125 0.05234375
0 0.40703125 0.759375 0.09296875 0.06015625
0 0.4078125 0.82578125 0.0921875 0.05546875
0 0.40703125 0.88203125 0.090625 0.05
0 0.5546875 0.50078125 0.20625 0.175
0 0.5109375 0.63203125 0.09609375 0.065625
0 0.51328125 0.69609375 0.0984375 0.05625
0 0.4592346125 0.73271604375 0.46062290156249996 0.73271604375 0.4607964203125 0.7364197484375 0.46201125468750004 0.7870371078125 0.5605812953125 0.783333403125 0.5598871828124999 0.720370440625 0.4592346125 0.73271604375
0 0.50625 0.821875 0.1 0.0578125
0 0.503125 0.88203125 0.09921875 0.0546875
0 0.6140625 0.63359375 0.08671875 0.06171875
0 0.61015625 0.6953125 0.08984375 0.05703125
0 0.6078125 0.75546875 0.0859375 0.05625
0 0.6015625 0.81015625 0.08359375 0.046875
0 0.59765625 0.86640625 0.08203125 0.0453125
0 0.7025734046875 0.1584362109375 0.6955009765625 0.3153292453125 0.8395382453125 0.3225308765625 0.8499505781250001 0.1599794203125 0.7025734046875 0.1584362109375
0 0.69302479375 0.320473246875 0.6856671234375 0.4768518640625 0.827969003125 0.4768518640625 0.8366459484375 0.3256172953125 0.69302479375 0.320473246875
0 0.6810394390625001 0.47788065468749996 0.681740071875 0.48096707343749995 0.6764117 0.626028803125 0.8123505046874999 0.6219135921875 0.8187135796874999 0.4768518640625 0.6810394390625001 0.47788065468749996
0 0.6643789609375 0.626028803125 0.6590578125000001 0.7638889484375 0.795575096875 0.7577161078125 0.8025166531249999 0.6198559625 0.6643789609375 0.626028803125
0 0.6565664609375 0.77109053125 0.6509593484375 0.8924897390625001 0.7857411921875 0.88837448125 0.7926827484375 0.7597736890625 0.6565664609375 0.77109053125
0 0.82218435625 0.48096707343749995 0.822365071875 0.48405349375 0.8129289859375 0.61779838125 0.942504715625 0.6147119625 0.9534954765625001 0.4758230734375 0.82218435625 0.48096707343749995
0 0.8110803499999999 0.6244855921875 0.8002027828125 0.7546296890625 0.9292000328125001 0.75154326875 0.939612365625 0.6229423828125 0.8110803499999999 0.6244855921875
0 0.8006636828125 0.76337448125 0.7921043203125 0.88837448125 0.919366128125 0.8842593187500001 0.9268862171875 0.7566872703125 0.8006636828125 0.76337448125
0 0.2140625 0.4140625 0.115625 0.01640625
0 0.2140625 0.43203125 0.11484375 0.01484375
0 0.21484375 0.45234375 0.11484375 0.015625
0 0.21484375 0.46875 0.11484375 0.0140625
0 0.2171875 0.48671875 0.11484375 0.01640625
0 0.2171875 0.5046875 0.1140625 0.01484375
0 0.21875 0.521875 0.1140625 0.01328125
0 0.21953125 0.5390625 0.11328125 0.0140625
0 0.22109375 0.55703125 0.11484375 0.01328125
0 0.221875 0.5734375 0.1140625 0.0140625
0 0.328125 0.465625 0.08515625 0.17890625
0 0.1089022046875 0.5895061687500001 0.11303830156250001 0.6529982328124999 0.1943536453125 0.65035273125 0.1908828984375 0.5815696609375001 0.1089022046875 0.5895061687500001
0 0.11039030000000001 0.6596119890625001 0.1145257765625 0.71384479375 0.195841121875 0.70943565 0.1903870578125 0.65388009375 0.11039030000000001 0.6596119890625001
0 0.1096462515625 0.7217813015625001 0.1140299359375 0.7729277125 0.189395421875 0.7773368578125 0.1859246296875 0.7156085156249999 0.1096462515625 0.7217813015625001
0 0.19446768125 0.5908289203125 0.1963369625 0.652116453125 0.2746773546875 0.65476195625 0.27219824375 0.5886243890625 0.19446768125 0.5908289203125
0 0.23671875 0.6859375 0.07734375 0.05546875
0 0.2375 0.74609375 0.078125 0.05859375
0 0.31953125 0.73203125 0.07734375 0.165625