0 0.72421875 0.6328125 0.1546875 0.134375
0 0.59140625 0.57734375 0.1578125 0.1359375
0 0.62578125 0.49609375 0.159375 0.1375
0 0.66171875 0.41953125 0.15 0.128125
0 0.8171875 0.40390625 0.146875 0.125
0 0.38203125 0.67890625 0.1625 0.1421875
0 0.8484375 0.3296875 0.140625 0.1203125
0 0.81171875 0.77578125 0.15625 0.1375
0 0.33984375 0.765625 0.1671875 0.1484375
0 0.6953125 0.3484375 0.146875 0.125
0 0.75546875 0.55234375 0.1515625 0.13125
0 0.65234375 0.8 0.1625 0.1421875
0 0.47109375 0.83125 0.165625 0.1421875
0 0.61171875 0.8875 0.16875 0.146875
0 0.51328125 0.74375 0.165625 0.1453125
0 0.72890625 0.27421875 0.14375 0.121875
0 0.47109375 0.515625 0.165625 0.14375
0 0.428125 0.59921875 0.1671875 0.1421875
0 0.55390625 0.65859375 0.159375 0.1375
0 0.77734375 0.86015625 0.1578125 0.140625
0 0.7890625 0.47890625 0.15625 0.1328125
0 0.68671875 0.71796875 0.15625 0.1359375
0 0.74140625 0.9390625 0.1640625 0.121875
0 0.75859375 0.20546875 0.1421875 0.1171875
0 0.190625 0.65234375 0.1125 0.0953125
0 0.0734375 0.66640625 0.10625 0.090625
0 0.78828125 0.13828125 0.1390625 0.11875
0 0.1125 0.40703125 0.0890625 0.078125
0 0.2640625 0.50390625 0.103125 0.0859375
0 0.15859375 0.70390625 0.1140625 0.09375
0 0.2453125 0.55234375 0.10625 0.0890625
0 0.28671875 0.4546875 0.103125 0.0890625
0 0.221875 0.60390625 0.1125 0.0953125
0 0.321875 0.2125 0.0875 0.0765625
0 0.06328125 0.5015625 0.103125 0.0890625
0 0.15859375 0.5171875 0.1046875 0.090625
0 0.18125 0.46640625 0.1078125 0.0921875
0 0.0890625 0.45078125 0.090625 0.078125
0 0.1359375 0.36484375 0.0890625 0.078125
0 0.278125 0.29375 0.090625 0.075
0 0.20390625 0.41640625 0.103125 0.0875
0 0.2984375 0.25625 0.0859375 0.071875
0 0.10234375 0.61484375 0.1078125 0.090625
0 0.20078125 0.25234375 0.09375 0.0796875
0 0.3140625 0.40390625 0.1015625 0.0875
0 0.134375 0.56484375 0.1046875 0.0890625
0 0.25625 0.33125 0.0921875 0.075
0 0.01171875 0.63515625 0.0234375 0.0671875
0 0.2296875 0.36953125 0.096875 0.0828125
0 0.16015625 0.328125 0.0859375 0.071875
0 0.02109375 0.60078125 0.0421875 0.0640625
0 0.3375 0.3609375 0.0953125 0.0796875
0 0.9875 0.58203125 0.025 0.0796875
0 0.18046875 0.2890625 0.0828125 0.0640625
0 0.04453125 0.54609375 0.0875 0.075
0 0.03125 0.57578125 0.0625 0.0609375
0 0.3546875 0.321875 0.0828125 0.0640625
0 0.1265625 0.1671875 0.05 0.0546875
0 0.22109375 0.2265625 0.0703125 0.05