0 0.671875 0.6 0.07109375 0.18125
0 0.5953125 0.59609375 0.071875 0.1875
0 0.596875 0.40546875 0.078125 0.18828125
0 0.6796875 0.40546875 0.06875 0.18203125
0 0.6640625 0.215625 0.06875 0.16015625
0 0.7375 0.2140625 0.07578125 0.1515625
0 0.51796875 0.59765625 0.0828125 0.1859375
0 0.2 0.60078125 0.11484375 0.18671875
0 0.3453125 0.55234375 0.103125 0.159375
0 0.3359375 0.38125 0.1 0.171875
0 0.246875 0.3875 0.06875 0.171875
0 0.08671875 0.59140625 0.109375 0.18046875
0 0.1703125 0.37734375 0.0640625 0.16328125
0 0.1015625 0.3859375 0.065625 0.1703125
0 0.77578125 0.96484375 0.00546875 0.00078125
0 0.7127304453125001 0.692208990625 0.7856165359375 0.6872726109375 0.7953346234375 0.5095636578125 0.717589596875 0.5144999453125 0.7127304453125001 0.692208990625
0 0.8015820578125 0.305938684375 0.7211262921875 0.3111111078125 0.7127305515625 0.5009249687499999 0.7911697734375001 0.5083294921875 0.8015820578125 0.305938684375