0 0.2875 0.503125 0.159375 0.178125
0 0.36796875 0.8296875 0.175 0.203125
0 0.51171875 0.80546875 0.184375 0.18125
0 0.47421875 0.659375 0.178125 0.171875
0 0.43671875 0.5203125 0.1671875 0.1640625
0 0.32734375 0.66328125 0.16875 0.190625
0 0.04140625 0.41953125 0.0828125 0.1046875
0 0.053125 0.5125 0.10625 0.109375
0 0.790625 0.51640625 0.41875 0.5546875
0 0.11796875 0.81796875 0.1125 0.121875
0 0.03203125 0.328125 0.0640625 0.1125
0 0.1453125 0.92734375 0.1078125 0.1234375
0 0.0953125 0.7125 0.115625 0.1203125
0 0.075 0.6125 0.1125 0.115625
0 0.00859375 0.52734375 0.0171875 0.0890625
0 0.63515625 0.27265625 0.1640625 0.0828125
0 0.8953125 0.20703125 0.0796875 0.053125