0 0.24949300624999998 0.7438133328125 0.4061288625 0.75135139375 0.4080015640625 0.1964963296875 0.2398626203125 0.19448751875 0.2393066203125 0.1935517484375 0.24949300624999998 0.7438133328125
0 0.238030009375 0.26668875625 0.018196934375 0.2693340234375 0.037872040625 0.69474219375 0.2449812359375 0.7039136984375001 0.238030009375 0.26668875625
0 0.5328125 0.26015625 0.1328125 0.0859375
0 0.540625 0.5734375 0.140625 0.521875
0 0.63984375 0.278125 0.0421875 0.103125
0 0.68671875 0.28125 0.05 0.103125
0 0.6671875 0.39375 0.1 0.1125
0 0.6625 0.50625 0.103125 0.103125
0 0.65703125 0.61171875 0.1015625 0.0984375
0 0.6609375 0.71484375 0.1 0.1
0 0.65703125 0.81640625 0.096875 0.090625
0 0.74140625 0.396875 0.0421875 0.05
0 0.7390625 0.4484375 0.04375 0.046875
0 0.73515625 0.5 0.0421875 0.046875
0 0.73203125 0.5515625 0.0421875 0.0453125
0 0.73046875 0.6 0.0453125 0.0484375
0 0.73203125 0.65078125 0.040625 0.0453125
0 0.73203125 0.7 0.0421875 0.0484375
0 0.73046875 0.74609375 0.040625 0.0390625
0 0.72734375 0.79140625 0.040625 0.04375
0 0.725 0.8390625 0.0390625 0.046875
0 0.7875 0.396875 0.04375 0.05
0 0.78359375 0.45 0.04375 0.046875
0 0.755688090625 0.5216715703125 0.7980495125 0.5292799406250001 0.8025061828125001 0.4833886140625 0.7600458828125001 0.47630689843749996 0.755688090625 0.5216715703125
0 0.7564871046875 0.5269693234374999 0.7529928671875 0.5739342125 0.7955075578125 0.57784659375 0.7986159953125 0.530874971875 0.7564871046875 0.5269693234374999
0 0.7521261781249999 0.6235868671875 0.794273509375 0.626436075 0.797730865625 0.581584065625 0.7559174859375 0.5766271656249999 0.7521261781249999 0.6235868671875
0 0.755060015625 0.6257516015625 0.7521414828124999 0.6737833 0.79433154375 0.67927515625 0.7980801234375 0.6296728046875 0.755060015625 0.6257516015625
0 0.7544535171875 0.6775223218749999 0.7521567874999999 0.72397973125 0.7913795 0.7241359859375 0.7933146171875001 0.681370928125 0.7544535171875 0.6775223218749999
0 0.7527324921874999 0.725046540625 0.7505279640625 0.766221753125 0.78946810625 0.7706001203125 0.7907484765625 0.7262384921875 0.7527324921874999 0.725046540625
0 0.7507881546874999 0.76833981875 0.74705216875 0.8121302015625 0.7880624875 0.8170730859375 0.7908375421875 0.772209165625 0.7507881546874999 0.76833981875
0 0.747590990625 0.8153098906249999 0.7452942625000001 0.8617673015625 0.7863413078125 0.8645973031249999 0.7879282296875 0.8197126453125 0.747590990625 0.8153098906249999
0 0.787515353125 0.86039075 0.8861708875 0.8605276484375001 0.902305340625 0.5490646765625 0.7995524875 0.5504414015625 0.787515353125 0.86039075
0 1 0.2134276140625 0.9218521718750001 0.22524367656250002 0.917301346875 0.346890825 1 0.3332757734375 1 0.2134276140625
0 1 0.335596603125 0.9158997296875 0.3476888359375 0.9134423765624999 0.461970234375 0.9129656031250001 0.46278438906249997 1 0.45123300000000005 1 0.335596603125
0 1 0.456904753125 0.9143098125 0.4652752828125 0.91118495 0.5713202625 0.997716253125 0.5629609484375 1 0.4582807921875 1 0.456904753125
0 0.9985693359375001 0.567088225 0.9110137296874999 0.57460718125 0.9069923234375 0.6789915546875 0.9966748703125001 0.675622109375 0.9985693359375001 0.567088225
0 0.9086424890625 0.683955221875 0.9040596031250001 0.78750731875 0.9032334953125 0.788315375 0.9942318703125 0.78908128125 0.995663915625 0.6805393234375 0.9086424890625 0.683955221875
0 0.904450265625 0.791626521875 0.895357978125 0.8885200921875 0.89545566875 0.8893442734375 0.992900290625 0.891867653125 0.9941744625 0.7923701859375 0.904450265625 0.791626521875