0 0.7390625 0.42265625 0.19375 0.1609375
0 0.6859375 0.525 0.2 0.1703125
0 0.634375 0.62421875 0.1875 0.1578125
0 0.58359375 0.71484375 0.1875 0.1578125
0 0.5359375 0.80625 0.1765625 0.1453125
0 0.4921875 0.89140625 0.178125 0.1484375
0 0.925 0.39375 0.15 0.16875
0 0.896875 0.49921875 0.2 0.171875
0 0.83984375 0.59765625 0.184375 0.1546875
0 0.784375 0.6953125 0.1875 0.15625
0 0.7328125 0.78359375 0.1796875 0.1515625
0 0.684375 0.87265625 0.1828125 0.15
0 0.634375 0.94453125 0.16875 0.1109375
0 0.5203125 0.4578125 0.2015625 0.1671875
0 0.47265625 0.55859375 0.196875 0.1640625
0 0.4234375 0.65546875 0.1890625 0.153125
0 0.378125 0.74921875 0.1828125 0.1484375
0 0.3359375 0.8359375 0.1828125 0.15
0 0.31796875 0.4765625 0.190625 0.1546875
0 0.27421875 0.575 0.19375 0.1625
0 0.23203125 0.66796875 0.1859375 0.1515625
0 0.18984375 0.75703125 0.184375 0.15
0 1 0.5213395609375 0.953368996875 0.6005909578125 0.9954072171874999 0.6248506968750001 1 0.615434096875 1 0.5213395609375
0 0.8832475890625 0.722978884375 0.9348055375 0.749102553125 0.992016440625 0.63180281875 0.94959289375 0.6111114734374999 0.8832475890625 0.722978884375
0 0.816625903125 0.827500184375 0.8788227296875 0.8638843203125001 0.9319433578125 0.754970890625 0.879221128125 0.7292565421874999 0.816625903125 0.827500184375
0 0.756585871875 0.94347306875 0.822415734375 0.979535796875 0.8747115687499999 0.8723134484375 0.81684 0.8440875968749999 0.756585871875 0.94347306875
0 0.8124346765625001 1 0.81955750625 0.985396034375 0.752402596875 0.9496742453125 0.72168665625 1 0.8124346765625001 1