0 0.8421875 0.2640625 0.1671875 0.190625
0 0.83515625 0.45703125 0.159375 0.175
0 0.83828125 0.65078125 0.159375 0.18359375
0 0.8390625 0.846875 0.159375 0.18359375
0 0.6671875 0.83828125 0.1625 0.178125
0 0.665625 0.6546875 0.15234375 0.178125
0 0.66015625 0.46171875 0.16328125 0.171875
0 0.66328125 0.2609375 0.15859375 0.1859375
0 0.49296875 0.26171875 0.15859375 0.190625
0 0.49453125 0.45546875 0.1578125 0.1796875
0 0.49921875 0.64921875 0.1578125 0.18203125
0 0.5 0.84140625 0.15859375 0.1765625
0 0.33515625 0.8484375 0.16015625 0.184375
0 0.32890625 0.64921875 0.16484375 0.18671875
0 0.32734375 0.4515625 0.16484375 0.18984375
0 0.3296875 0.253125 0.1609375 0.18359375
0 0.15 0.45078125 0.16328125 0.18203125
0 0.1578125 0.65546875 0.17109375 0.17421875
0 0.1609375 0.8578125 0.16328125 0.184375
0 0.1359375 0.25703125 0.16015625 0.19375