0 0.35703125 0.3921875 0.109375 0.12265625
0 0.36015625 0.51875 0.1140625 0.1203125
0 0.3578125 0.6421875 0.11015625 0.12734375
0 0.35859375 0.77109375 0.109375 0.125
0 0.3609375 0.884375 0.10625 0.125
0 0.178125 0.903125 0.11328125 0.125
0 0.1796875 0.771875 0.11328125 0.12265625
0 0.18046875 0.63984375 0.1171875 0.13671875
0 0.1796875 0.51640625 0.11796875 0.1296875
0 0.06640625 0.90546875 0.11328125 0.134375
0 0.06796875 0.77578125 0.109375 0.125
0 0.0625 0.6484375 0.115625 0.1296875
0 0.0640625 0.5125 0.1171875 0.13671875
0 0.0578125 0.3796875 0.115625 0.11875
0 0.4609375 0.26015625 0.10625 0.12265625
0 0.46484375 0.3875 0.109375 0.12734375
0 0.4640625 0.5140625 0.10390625 0.1203125
0 0.4671875 0.63984375 0.1 0.12265625
0 0.46328125 0.7546875 0.10234375 0.1109375
0 0.46953125 0.884375 0.10078125 0.115625
0 0.60703125 0.70859375 0.171875 0.42578125
0 0.721875 0.76171875 0.04375 0.34296875
0 0.84765625 0.45859375 0.19765625 0.17578125
0 0.8453125 0.65390625 0.19453125 0.196875
0 0.84609375 0.8390625 0.2015625 0.1875