0 0.9643078921875 0.482421875 0.9621106640624999 0.4384765625 0.8797072296874999 0.4443359375 0.8802565843749999 0.490234375 0.9643078921875 0.482421875
0 0.8862994890625 0.5 0.8852007796875 0.541015625 0.96815356875 0.5390625 0.9615611171875 0.49609375 0.8862994890625 0.5
0 0.8917930390625 0.5478515625 0.8912883624999999 0.6015625 0.9714495062499999 0.59375 0.9676040218749999 0.546875 0.8917930390625 0.5478515625
0 0.8939904578125001 0.6015625 0.8912875984375 0.646484375 0.9714495062499999 0.6455078125 0.9736469265625001 0.595703125 0.8939904578125001 0.6015625
0 0.8961880687500001 0.6494140625 0.8945398125 0.6943359375 0.9807887328125 0.697265625 0.9818872515624999 0.6474609375 0.8961880687500001 0.6494140625
0 0.8971419296875001 0.701171875 0.8983854890625 0.7529296875 0.98243660625 0.751953125 0.9829859609374999 0.69921875 0.8971419296875001 0.701171875
0 0.9011320734374999 0.759765625 0.9038788468750001 0.8095703125 0.9818872515624999 0.814453125 0.9846340265625001 0.76171875 0.9011320734374999 0.759765625
0 0.9060762671875 0.81640625 0.9071749765625 0.85546875 0.983535315625 0.869140625 0.9840846703125001 0.8173828125 0.9060762671875 0.81640625
0 0.792389940625 0.4296875 0.7962052765625 0.478515625 0.8758617453124999 0.470703125 0.8780591640625 0.423828125 0.792389940625 0.4296875
0 0.8016988265625 0.4873046875 0.797882246875 0.533203125 0.8846470265624999 0.529296875 0.8846470265624999 0.48046875 0.8016988265625 0.4873046875
0 0.8049949562500001 0.533203125 0.8033745531250001 0.5771484375 0.8917890234374999 0.58203125 0.8923383781249999 0.53125 0.8049949562500001 0.533203125
0 0.8060892687500001 0.5869140625 0.804446078125 0.6396484375 0.893441103125 0.6396484375 0.8906903140625 0.5849609375 0.8060892687500001 0.5869140625
0 0.8055443109375 0.6416015625 0.8055706359375 0.6875 0.893441103125 0.6845703125 0.893441103125 0.640625 0.8055443109375 0.6416015625
0 0.8066430203125 0.7001953125 0.8055447890625 0.7451171875 0.8956390015625001 0.748046875 0.8972865875 0.6953125 0.8066430203125 0.7001953125
0 0.8104841078125 0.7548828125 0.8093853984375 0.8037109375 0.898934653125 0.80859375 0.901681428125 0.7509765625 0.8104841078125 0.7548828125
0 0.8143339890625001 0.8046875 0.8154567296874999 0.8525390625 0.9049775578125001 0.8564453125 0.9066256218750001 0.810546875 0.8143339890625001 0.8046875
0 0.713252678125 0.4873046875 0.716549 0.5302734375 0.8016990171874999 0.5224609375 0.8027977265624999 0.478515625 0.713252678125 0.4873046875
0 0.7220425484375 0.5341796875 0.7198451296874999 0.5791015625 0.8006003078124999 0.5751953125 0.8016990171874999 0.5234375 0.7220425484375 0.5341796875
0 0.7198451296874999 0.587890625 0.7181970640625 0.6376953125 0.8055445015625 0.6328125 0.8049951468750001 0.5791015625 0.7198451296874999 0.587890625
0 0.71599964375 0.642578125 0.7154977406249999 0.6962890625 0.8027977265624999 0.6923828125 0.8016990171874999 0.6357421875 0.71599964375 0.642578125
0 0.7143515796875 0.6962890625 0.7149476203125 0.7509765625 0.8044457921875001 0.748046875 0.8027977265624999 0.6923828125 0.7143515796875 0.6962890625
0 0.7170981624999999 0.75390625 0.71879253125 0.7998046875 0.8082866875000001 0.802734375 0.8099393421875 0.751953125 0.7170981624999999 0.75390625
0 0.720439640625 0.8056640625 0.71874641875 0.8544921875 0.8115832 0.8525390625 0.810488696875 0.8076171875 0.720439640625 0.8056640625
0 0.624838590625 0.73046875 0.6242573671875 0.779296875 0.7061066671875 0.771484375 0.7055619 0.72265625 0.624838590625 0.73046875
0 0.6484287937500001 0.7802734375 0.6583171828125 0.9287109375 0.6807770953125 0.9248046875 0.6709523468749999 0.7802734375 0.6484287937500001 0.7802734375
0 0.6506221984375 0.7939453125 0.6308454203125 0.794921875 0.6335921953125 0.9404296875 0.653922534375 0.9365234375 0.6506221984375 0.7939453125
0 0.619862528125 0.724609375 0.6215429390625 0.6748046875 0.5435021890625 0.6845703125 0.5446008984375 0.7333984375 0.619862528125 0.724609375
0 0.5418541234375 0.7353515625 0.5418724187499999 0.7822265625 0.6187638171875001 0.77734375 0.619862528125 0.732421875 0.5418541234375 0.7353515625
0 0.5435273406250001 0.7861328125 0.544617759375 0.8369140625 0.6226093015624999 0.8369140625 0.624806721875 0.7822265625 0.5435273406250001 0.7861328125
0 0.550643803125 0.8388671875 0.547897028125 0.8916015625 0.6297467109375 0.88671875 0.6281028515625 0.8359375 0.550643803125 0.8388671875
0 0.550643803125 0.892578125 0.547913125 0.943359375 0.6330469515625 0.9443359375 0.6292015609375 0.8876953125 0.550643803125 0.892578125
0 0.48621488749999997 0.28662109375 0.48786323906250006 0.28271484375 0.4919841171875 0.21826171875 0.490335765625 0.20947265625 0.48429181093749996 0.2080078125 0.3620390625 0.20751953125 0.3598412609375 0.2119140625 0.358467634375 0.22802734375 0.3543467546875 0.28271484375 0.35489620624999996 0.28759765625 0.4820940078125 0.2880859375 0.48621488749999997 0.28662109375
0 0.487587175 0.361328125 0.4897849765625 0.34765625 0.49198277968750004 0.3193359375 0.49198277968750004 0.29931640625 0.49060915312500003 0.29443359375 0.487587175 0.291015625 0.4798948671875 0.2890625 0.358741021875 0.28759765625 0.35654321875 0.2890625 0.3554443171875 0.2939453125 0.3515981640625 0.34033203125 0.3507739875 0.3671875 0.353521240625 0.37060546875 0.48456519687500005 0.37060546875 0.487587175 0.361328125
0 0.48456338125 0.5458984375 0.48758535937499997 0.52392578125 0.4859370078125 0.46435546875 0.3485743703125 0.46142578125 0.34692601875 0.4638671875 0.3408820625 0.5380859375 0.3408820625 0.5478515625 0.34500294062500003 0.55078125 0.4809919515625 0.55078125 0.48456338125 0.5458984375
0 0.48703485625000004 0.64208984375 0.48868320781249996 0.62451171875 0.489782109375 0.60009765625 0.48868320781249996 0.55712890625 0.48676013124999995 0.5546875 0.34912276875 0.55322265625 0.346375515625 0.556640625 0.340056834375 0.61181640625 0.3381337578125 0.642578125 0.3430788125 0.64697265625 0.483463428125 0.64697265625 0.48703485625000004 0.64208984375
0 0.4809894671875 0.84375 0.486209246875 0.84130859375 0.4875828734375 0.8359375 0.4903301265625 0.75830078125 0.4870334234375 0.75244140625 0.46780265312499997 0.75048828125 0.348297159375 0.75244140625 0.3444510046875 0.7568359375 0.3400554015625 0.78564453125 0.336758696875 0.84130859375 0.3384070484375 0.845703125 0.38483562031249996 0.8466796875 0.4809894671875 0.84375
0 0.4876373625 0.4599609375 0.4887362640625 0.44677734375 0.4898351640625 0.3798828125 0.4868131875 0.3759765625 0.4832417578125 0.375 0.350274725 0.3740234375 0.3486263734375 0.375 0.34807692343749996 0.37841796875 0.346703296875 0.41650390625 0.3453296703125 0.4609375 0.346978021875 0.462890625 0.48461538437499996 0.46337890625 0.4876373625 0.4599609375
0 0.4873626375 0.748046875 0.490109890625 0.744140625 0.490384615625 0.6611328125 0.4898351640625 0.65185546875 0.48818681249999996 0.6494140625 0.34313186875 0.650390625 0.3417582421875 0.65234375 0.3395604390625 0.69140625 0.3376373625 0.7373046875 0.3376373625 0.7431640625 0.33928571406249997 0.74755859375 0.4873626375 0.748046875
0 0.34505494531249997 0.27587890625 0.3543956046875 0.2724609375 0.35604395625 0.26953125 0.35934065937500004 0.21240234375 0.3571428578125 0.19677734375 0.35357142812500003 0.193359375 0.3071428578125 0.18603515625 0.274725275 0.18603515625 0.23049450624999998 0.1904296875 0.2208791203125 0.19287109375 0.21950549375 0.197265625 0.2167582421875 0.25244140625 0.21730769218749998 0.2724609375 0.21950549375 0.275390625 0.34505494531249997 0.27587890625
0 0.34450549375 0.3583984375 0.346703296875 0.35546875 0.3486263734375 0.33349609375 0.3489010984375 0.2890625 0.3453296703125 0.27783203125 0.2131868125 0.2763671875 0.21098901093750003 0.2783203125 0.209065934375 0.29736328125 0.20659340624999997 0.35595703125 0.209615384375 0.3603515625 0.3359890109375 0.361328125 0.34450549375 0.3583984375
0 0.3387362640625 0.4453125 0.340659340625 0.4423828125 0.34395604375 0.373046875 0.3425824171875 0.36376953125 0.3376373625 0.36083984375 0.2046703296875 0.36083984375 0.2013736265625 0.36328125 0.19945055 0.38720703125 0.1978021984375 0.4453125 0.2 0.447265625 0.328571428125 0.447265625 0.3387362640625 0.4453125
0 0.2510989015625 0.5419921875 0.334615384375 0.53759765625 0.33708791250000003 0.53662109375 0.3387362640625 0.53173828125 0.340659340625 0.45947265625 0.3387362640625 0.45166015625 0.3329670328125 0.44677734375 0.196428571875 0.4482421875 0.19395604375 0.45849609375 0.1923076921875 0.48046875 0.1892857140625 0.5341796875 0.19175824218749998 0.53955078125 0.19587912031250002 0.5419921875 0.2510989015625 0.5419921875
0 0.3074175828125 0.64111328125 0.3329670328125 0.63916015625 0.334615384375 0.63671875 0.3365384609375 0.62353515625 0.3395604390625 0.54638671875 0.3365384609375 0.5400390625 0.3332417578125 0.53857421875 0.18846153906250002 0.54248046875 0.1862637359375 0.55712890625 0.1835164828125 0.6201171875 0.18296703281249999 0.63671875 0.18406593437500002 0.64013671875 0.1859890109375 0.640625 0.3074175828125 0.64111328125
0 0.23104395625000002 0.7470703125 0.32829670312500003 0.74560546875 0.3329670328125 0.7431640625 0.334065934375 0.7392578125 0.3376373625 0.64599609375 0.33269230781250003 0.64013671875 0.18406593437500002 0.642578125 0.18296703281249999 0.64404296875 0.18049450625000002 0.685546875 0.17829670312499998 0.73388671875 0.17829670312499998 0.74072265625 0.18049450625000002 0.74462890625 0.23104395625000002 0.7470703125
0 0.32335164843749997 0.85107421875 0.32774725312499997 0.8486328125 0.3291208796875 0.84521484375 0.3332417578125 0.74951171875 0.3260989015625 0.74658203125 0.178021978125 0.74755859375 0.1763736265625 0.7490234375 0.17445055 0.759765625 0.1728021984375 0.78271484375 0.1700549453125 0.8369140625 0.1703296703125 0.84765625 0.172252746875 0.849609375 0.32335164843749997 0.85107421875
0 0.14423076875000002 0.47509765625 0.15054945 0.46826171875 0.153296703125 0.4541015625 0.1612637359375 0.3671875 0.1637362640625 0.31689453125 0.15714285781249998 0.3095703125 0.1508241765625 0.30615234375 0.0489010984375 0.30615234375 0.0376373625 0.306640625 0.0299450546875 0.31005859375 0.025 0.31689453125 0.014010989062500001 0.44921875 0.0142857140625 0.46875 0.0239010984375 0.4755859375 0.1387362640625 0.4775390625 0.14423076875000002 0.47509765625