0 0.7407987421875 0.557932353125 0.7348715046875001 0.3902418265625 0.5328958687500001 0.40591231875 0.5404175515625 0.56988171875 0.7407987421875 0.557932353125
0 0.56273228125 0.6982675406250001 0.5571257562499999 0.642968321875 0.46417623125 0.6551402234375 0.4689596015625 0.7089499781249999 0.56273228125 0.6982675406250001
0 0.55558944375 0.7039235781250001 0.4678025734375 0.717281496875 0.468697484375 0.719797153125 0.47210852968749994 0.778859525 0.5617700906249999 0.767433121875 0.55558944375 0.7039235781250001
0 0.5645630749999999 0.8239603843750001 0.56097478125 0.7726453906249999 0.46975497343750006 0.7846962921875 0.47353211875 0.8323884937500001 0.5645630749999999 0.8239603843750001
0 0.56353495625 0.8755981859374999 0.5603054890625 0.829414665625 0.47254909375 0.8370981687500001 0.47510219062500003 0.8797194015625 0.56353495625 0.8755981859374999
0 0.653709078125 0.6393085140625 0.6501954375000001 0.5807690390625 0.5558820796874999 0.5853014187500001 0.5608751421875 0.6468314000000001 0.653709078125 0.6393085140625
0 0.6560685765625001 0.69792874375 0.653634365625 0.6465329546875 0.563216453125 0.6528555921875 0.5665505375000001 0.7114076234375 0.6560685765625001 0.69792874375
0 0.6600156984375001 0.75437520625 0.65621210625 0.6999813125000001 0.5630850546875 0.7131969312499999 0.568117665625 0.76698925625 0.6600156984375001 0.75437520625
0 0.6597051875 0.8162760499999999 0.6569839703125 0.76077511875 0.56522853125 0.7687382609375 0.5673766109375 0.8227322921875 0.6597051875 0.8162760499999999
0 0.6615594328125 0.8759629109375 0.65890993125 0.821488315625 0.56531243125 0.8321585031250001 0.5680767140625 0.882499859375 0.6615594328125 0.8759629109375
0 0.747912346875 0.6347838343750001 0.7470658218749999 0.58121441875 0.6611991875000001 0.5856718187500001 0.6620060546875 0.633571725 0.6621495875 0.635624340625 0.747912346875 0.6347838343750001
0 0.74695305 0.69569869375 0.74718890625 0.641022334375 0.6602018484375 0.6460737125 0.6601796796875 0.6986725218750001 0.74695305 0.69569869375
0 0.7474378546875 0.752387359375 0.74594255 0.6978320546875 0.66418485625 0.7030333875 0.6651374203125 0.7529858046875 0.7474378546875 0.752387359375
0 0.741434496875 0.799216503125 0.74188265 0.7558697734375001 0.66058969375 0.7636169390624999 0.66079045625 0.8069182906249999 0.741434496875 0.799216503125
0 0.742281021875 0.8527859171875001 0.7378257500000001 0.8056567640625 0.660678340625 0.8146610203125 0.663368196875 0.860366646875 0.742281021875 0.8527859171875001
0 0.9055015781250001 0.13801293125 0.76058931875 0.14711485625 0.760405659375 0.15022165625 0.7642860312499999 0.299491575 0.9042201015625 0.2938316921875 0.9055015781250001 0.13801293125
0 0.9045262562499999 0.4474768046875 0.9034966593749999 0.30007019218750003 0.764565965625 0.3092694984375 0.7662515796875 0.4519893 0.9045262562499999 0.4474768046875
0 0.8945948593749999 0.5873993171875 0.8908922609375001 0.45152414218750003 0.763207678125 0.46406230312499996 0.7650448125 0.600583596875 0.8945948593749999 0.5873993171875
0 0.8871180671875001 0.7209622718750001 0.88781374375 0.5899361046875 0.756658496875 0.6068422625000001 0.755908625 0.73529389375 0.8871180671875001 0.7209622718750001
0 0.75335778125 0.7463011125000001 0.754925934375 0.862214825 0.8853401156249999 0.8530953765625 0.8839428109374999 0.725309615625 0.752228115625 0.740707915625 0.7530175390625 0.7519971890625 0.75335778125 0.7463011125000001
0 0.4078125 0.46640625 0.090625 0.1828125
0 0.42265625 0.72265625 0.090625 0.165625
0 0.30078125 0.42421875 0.109375 0.0203125
0 0.30078125 0.44140625 0.10625 0.021875
0 0.3015625 0.459375 0.1078125 0.0234375
0 0.30390625 0.47578125 0.1078125 0.0203125
0 0.30625 0.49453125 0.109375 0.021875
0 0.30703125 0.5109375 0.109375 0.0234375
0 0.31015625 0.52734375 0.10625 0.01875
0 0.3109375 0.54296875 0.10625 0.0203125
0 0.31328125 0.559375 0.1078125 0.0234375
0 0.315625 0.5765625 0.1046875 0.01875
0 0.295907575 0.651780728125 0.288332634375 0.5876810859375 0.21244715625000002 0.599175428125 0.21906276406249997 0.6585293125 0.295907575 0.651780728125
0 0.2982441140625 0.7073085578125 0.29181939218749997 0.6541292390625 0.21631935000000002 0.6628464234375 0.2229381234375 0.7139495359375 0.2982441140625 0.7073085578125
0 0.2987042296875 0.7719057171875 0.292666146875 0.713198953125 0.219904478125 0.7224122203125 0.2271495578125 0.7769093078125 0.2987042296875 0.7719057171875
0 0.3700606515625 0.6479705109375 0.36522648593749996 0.58436678125 0.29197019687500003 0.5915519984375 0.2981691453125 0.6536852203125 0.3700606515625 0.6479705109375
0 0.37518581093750003 0.7046784734375 0.370347715625 0.6520757109375 0.29778957031250003 0.6581807890625 0.3026205609375 0.7118153687500001 0.37518581093750003 0.7046784734375
0 0.377954903125 0.7608635609375 0.3739340859375 0.7088912796875 0.301302934375 0.7167202859375 0.3061590828125 0.7679466515625 0.377954903125 0.7608635609375
0 0.1627824265625 0.3391034046875 0.153132475 0.24463903281250002 0.0653464046875 0.24458970781249997 0.07584755625 0.33976805312499997 0.1627824265625 0.3391034046875
0 0.1747017578125 0.4411439640625 0.16467286875 0.347479603125 0.0747225453125 0.3506755625 0.08484503125000001 0.4435599359375 0.1747017578125 0.4411439640625
0 0.18159349375 0.5334807406250001 0.1734550015625 0.448192546875 0.08540115937500001 0.4473884703125 0.0947124484375 0.5349151203125 0.18159349375 0.5334807406250001
0 0.18648272500000002 0.6282780156250001 0.17894072187500001 0.5390806875 0.09348195000000001 0.5442830359374999 0.10068258593749999 0.6327307890625 0.18648272500000002 0.6282780156250001
0 0.194890303125 0.7174148859375 0.1847515515625 0.6283990703125 0.0994529 0.6390046671875 0.1094669296875 0.7272556906250001 0.194890303125 0.7174148859375
0 0.2047599296875 0.8025820250000001 0.193320640625 0.7198451125 0.10859039374999999 0.732344640625 0.1159280734375 0.8134346875 0.2047599296875 0.8025820250000001