0 0.36640625 0.43046875 0.0734375 0.02890625
0 0.3671875 0.4734375 0.0765625 0.03671875
0 0.36875 0.521875 0.0828125 0.0328125
0 0.36796875 0.571875 0.0796875 0.034375
0 0.365625 0.62421875 0.0859375 0.04296875
0 0.36484375 0.675 0.08203125 0.03671875
0 0.36328125 0.7265625 0.08125 0.0484375
0 0.36015625 0.7828125 0.07578125 0.046875
0 0.359375 0.840625 0.0875 0.04765625
0 0.39593824375 0.30978733125 0.40191714218749997 0.35156251250000004 0.4800286890625 0.3385416796875 0.47087499062499993 0.29513891875 0.39593824375 0.30978733125
0 0.40143275 0.3569878515625 0.405578621875 0.3949652734375 0.4855209078125 0.38085938750000004 0.4800286890625 0.34179688750000004 0.40143275 0.3569878515625
0 0.40692725625000004 0.399305559375 0.40924010156249996 0.44704860625 0.49040291874999997 0.42751735625 0.4849106984375 0.37868923125 0.40692725625000004 0.399305559375
0 0.41150601093750006 0.44650608125 0.412291315625 0.49262152343750004 0.49162339375 0.48177084531250003 0.48979265312500003 0.43185766875000003 0.41150601093750006 0.44650608125
0 0.41425326250000005 0.49533420625 0.413511846875 0.538194440625 0.491013128125 0.52951391875 0.49040291874999997 0.48719620937499997 0.41425326250000005 0.49533420625
0 0.41168110625 0.5468750124999999 0.41107084218749995 0.59353298125 0.4928438671875 0.5805121484375 0.49528487343750005 0.53493923125 0.41168110625 0.5468750124999999
0 0.412291315625 0.5902777734375 0.41290158125 0.6412760546875 0.4922336578125 0.62717016875 0.491013128125 0.5794270953125 0.412291315625 0.5902777734375
0 0.4124217609375 0.6499566015625 0.41107084218749995 0.69118923125 0.4971156125 0.6890191265625 0.49528487343750005 0.633680584375 0.4124217609375 0.6499566015625
0 0.40784300625 0.69552951875 0.4080196265625 0.7465277734375 0.4946746078125 0.7421875625000001 0.49345413281250006 0.6933594375000001 0.40784300625 0.69552951875
0 0.40601150468749997 0.750868059375 0.40679909687500004 0.8040365203125001 0.4928438671875 0.7964410015625 0.49345413281250006 0.743272565625 0.40601150468749997 0.750868059375
0 0.410590259375 0.8159722265625 0.41168110625 0.8669704812499999 0.4891823875 0.8658854781249999 0.49040291874999997 0.8062066265625001 0.410590259375 0.8159722265625
0 0.4902605890625 0.360243059375 0.4922336578125 0.40364584531250003 0.5611915062499999 0.39279516875 0.560581240625 0.35156251250000004 0.4902605890625 0.360243059375
0 0.4930078421875 0.41232639375 0.49528487343750005 0.4448785015625 0.567293990625 0.43402777343750004 0.5636325109375 0.399305584375 0.4930078421875 0.41232639375
0 0.49392359218750004 0.44487847656249996 0.496505346875 0.48611110625 0.5715656796874999 0.4741753765625 0.56912473125 0.4296875125 0.49392359218750004 0.44487847656249996
0 0.4994180984375 0.48882378906249996 0.5013873578125 0.5316840234375 0.5703452046875 0.5230035015625 0.5679042 0.4741753765625 0.4994180984375 0.48882378906249996
0 0.49833608749999997 0.53927954375 0.4995566171875 0.5826823046875 0.580719378125 0.5707465234375 0.5770578984375 0.526258709375 0.49833608749999997 0.53927954375
0 0.49850234687499995 0.5913628515625 0.4995566171875 0.6380208453125 0.5782784296875 0.6315104296875 0.575837425 0.5826823046875 0.49850234687499995 0.5913628515625
0 0.49850234687499995 0.64670139375 0.5001668265625 0.6933594375000001 0.5770578984375 0.6890191265625 0.5764476890625 0.6445312624999999 0.49850234687499995 0.64670139375
0 0.5003338484375 0.69552951875 0.503218096875 0.7389323531249999 0.58132964375 0.7389323531249999 0.5794989046875 0.6901042281249999 0.5003338484375 0.69552951875
0 0.5003338484375 0.7476128515625 0.5013873578125 0.8007813125000001 0.583160384375 0.7964410015625 0.58132964375 0.74435766875 0.5003338484375 0.7476128515625
0 0.5058283546875 0.8127170187500001 0.5062693125 0.858289959375 0.583160384375 0.8561198531249999 0.58255011875 0.809461834375 0.5058283546875 0.8127170187500001
0 0.567183665625 0.301649309375 0.5697349390625 0.3483073046875 0.6435747968750001 0.340711834375 0.6374723125 0.2983941265625 0.567183665625 0.301649309375
0 0.5644364125 0.3569878515625 0.5660734609375 0.3949652734375 0.6490670171875 0.39062501250000004 0.6441850625 0.3461371484375 0.5644364125 0.3569878515625
0 0.5697349390625 0.39822048125 0.575227159375 0.4394531375 0.651508021875 0.4351128765625 0.6496772828124999 0.391710065625 0.5697349390625 0.39822048125
0 0.5836671828125 0.448133684375 0.5837706484375 0.4882812625 0.6557797109375 0.49045141875000003 0.6539489703125 0.4448785015625 0.5836671828125 0.448133684375
0 0.5809199296875 0.49045139375 0.580719378125 0.5316840234375 0.665543675 0.53493923125 0.6624924609375 0.49153647031250003 0.5809199296875 0.49045139375
0 0.58275143125 0.5474175390625 0.583160384375 0.5902777734375 0.6643232 0.59353298125 0.6631026703125 0.545789959375 0.58275143125 0.5474175390625
0 0.58275143125 0.594618059375 0.5837706484375 0.6380208453125 0.664933409375 0.6412760546875 0.6643232 0.594618084375 0.58275143125 0.594618059375
0 0.5836671828125 0.643446184375 0.5837706484375 0.6868490203125 0.6637129359375 0.6901042281249999 0.6624924609375 0.6488715234375 0.5836671828125 0.643446184375
0 0.5873301859375 0.6987847265625 0.587432128125 0.7421875625000001 0.6698154203125 0.75412329375 0.671646159375 0.70529516875 0.5873301859375 0.6987847265625
0 0.5909931890625 0.7573784765625 0.5923140828125 0.79861110625 0.672866690625 0.8062066265625001 0.672866690625 0.75954860625 0.5909931890625 0.7573784765625
0 0.5900774390625 0.8062066015625 0.5904833421875 0.8550347515625001 0.6746974296875 0.868055584375 0.6753076390625 0.8181423562499999 0.5900774390625 0.8062066015625