0 0.43828125 0.46640625 0.22421875 0.18125
0 0.3921875 0.603125 0.10234375 0.0640625
0 0.39375 0.67109375 0.10234375 0.0546875
0 0.39453125 0.73671875 0.10703125 0.05546875
0 0.390625 0.7984375 0.10234375 0.05546875
0 0.3890625 0.8609375 0.10234375 0.05078125
0 0.50078125 0.609375 0.09375 0.059375
0 0.4984375 0.675 0.0921875 0.05546875
0 0.49609375 0.74140625 0.09453125 0.053125
0 0.490625 0.79375 0.0890625 0.05234375
0 0.48828125 0.85625 0.08671875 0.04765625
0 0.28984375 0.66015625 0.0953125 0.05625
0 0.28515625 0.7328125 0.096875 0.0546875
0 0.2890625 0.79765625 0.09140625 0.0484375
0 0.28671875 0.8515625 0.09375 0.05625
0 0.65625 0.19765625 0.165625 0.16640625
0 0.6546875 0.3703125 0.1546875 0.1625
0 0.6375 0.53359375 0.15546875 0.14375
0 0.628125 0.684375 0.146875 0.14296875
0 0.61953125 0.82734375 0.14765625 0.13359375
0 0.7108768515625 0.6059671328125 0.862434209375 0.612139971875 0.8738968109374999 0.4619341484375 0.8751602515625001 0.4516461453125 0.7189752625 0.44547330625 0.7108768515625 0.6059671328125
0 0.707406075 0.610082296875 0.7089662546875 0.6131687171875 0.703935296875 0.75823044375 0.8462371765625001 0.7561728624999999 0.856649509375 0.612139971875 0.707406075 0.610082296875
0 0.704145415625 0.75385801875 0.704145415625 0.7569445328125 0.6980715281250001 0.8927469078125 0.8360349359375 0.8942901640625 0.8447119859375001 0.7554012765625 0.704145415625 0.75385801875
0 0.039859823437500004 0.552469159375 0.03754600625 0.552469159375 0.031882921875 0.5576131609375 0.031761306249999996 0.6224279765625 0.10811841250000001 0.62037039375 0.10580459687499999 0.5504115781250001 0.039859823437500004 0.552469159375
0 0.0271336734375 0.6183128124999999 0.0271336734375 0.62037039375 0.0301468109375 0.6316872359375 0.0329182671875 0.6820987890625 0.11274615156250001 0.67798353125 0.10811841250000001 0.6141975546875 0.0271336734375 0.6183128124999999
0 0.11158919062499999 0.686214046875 0.03535514375 0.687242790625 0.0363890453125 0.7417696015625 0.11274615156250001 0.7376543437499999 0.11158919062499999 0.686214046875
0 0.1265625 0.378125 0.11328125 0.0234375
0 0.12734375 0.4 0.11171875 0.025
0 0.13046875 0.434375 0.11328125 0.01875