0 0.6671875 0.43515625 0.2375 0.21875
0 0.66953125 0.571875 0.1046875 0.0828125
0 0.76484375 0.54296875 0.0984375 0.0890625
0 0.59453125 0.65703125 0.10625 0.0890625
0 0.615625 0.71640625 0.10625 0.0796875
0 0.63203125 0.771875 0.103125 0.0828125
0 0.64375 0.821875 0.1 0.075
0 0.6921875 0.62890625 0.103125 0.08125
0 0.77890625 0.6 0.090625 0.078125
0 0.796875 0.653125 0.090625 0.0734375
0 0.80625 0.70703125 0.09375 0.0765625
0 0.815625 0.75859375 0.0921875 0.078125
0 0.71015625 0.68828125 0.1 0.0796875
0 0.7234375 0.74375 0.103125 0.0875
0 0.73984375 0.7953125 0.1109375 0.0875
0 0.878337215625 0.1818144953125 0.8432336734374999 0.0466396703125 0.7072320203125 0.0768607578125 0.743091465625 0.21699284375 0.878337215625 0.1818144953125
0 0.9150599765624999 0.3270084703125 0.881025215625 0.192279315625 0.74740079375 0.240056353125 0.7856167421875 0.3723930015625 0.9150599765624999 0.3270084703125
0 0.9403444593750001 0.46556426875 0.9142744140625 0.345991821875 0.78704848125 0.3851182546875 0.8136064515625 0.5108308421875 0.9403444593750001 0.46556426875
0 0.9712400140625 0.5964927078125 0.941921809375 0.4821067640625 0.8106589234375001 0.523493478125 0.8490521828125001 0.648328609375 0.9712400140625 0.5964927078125
0 1 0.7225276265625 0.9706799796875 0.6121439875 0.8476910406249999 0.6536790109374999 0.877852375 0.7718425250000001 1 0.7289805078125 1 0.7225276265625
0 0.575978246875 0.7789675796875 0.5297287640625 0.6313586390625 0.45769920312499995 0.655201209375 0.509473865625 0.8051212937500001 0.575978246875 0.7789675796875
0 0.43671875 0.48125 0.13125 0.1890625
0 0.33359375 0.6703125 0.090625 0.0796875
0 0.4046875 0.64765625 0.084375 0.0765625
0 0.35078125 0.72578125 0.090625 0.078125
0 0.42421875 0.70546875 0.0875 0.078125
0 0.44375 0.75859375 0.084375 0.071875
0 0.36953125 0.78203125 0.090625 0.078125
0 0.32578125 0.4671875 0.1046875 0.0546875
0 0.33125 0.484375 0.1046875 0.046875
0 0.33828125 0.5 0.103125 0.0453125
0 0.34140625 0.51484375 0.1078125 0.0546875
0 0.35078125 0.53515625 0.1046875 0.05
0 0.35546875 0.5484375 0.1015625 0.046875
0 0.36171875 0.5640625 0.1015625 0.046875
0 0.3671875 0.578125 0.1015625 0.0453125
0 0.371875 0.59453125 0.103125 0.046875
0 0.37890625 0.6078125 0.1015625 0.046875
0 0.27421875 0.825 0.1109375 0.1078125
0 0.24765625 0.74609375 0.10625 0.1078125
0 0.2171875 0.6625 0.1109375 0.1171875
0 0.18515625 0.5703125 0.1078125 0.10625
0 0.15546875 0.48046875 0.10625 0.1078125
0 0.1203125 0.384375 0.1171875 0.1203125
0 0.05 0.43828125 0.1 0.1328125
0 0.07265625 0.53984375 0.1265625 0.128125