0 0.48203125 0.25390625 0.15 0.1328125
0 0.6 0.29609375 0.146875 0.1265625
0 0.45 0.33515625 0.1515625 0.1234375
0 0.57109375 0.37734375 0.146875 0.1203125
0 0.30390625 0.7578125 0.165625 0.1421875
0 0.4421875 0.80234375 0.1640625 0.1484375
0 0.33203125 0.65546875 0.1625 0.14375
0 0.36015625 0.57734375 0.1609375 0.134375
0 0.39296875 0.4875 0.1546875 0.1328125
0 0.421875 0.41015625 0.153125 0.1234375
0 0.54140625 0.45625 0.1484375 0.11875
0 0.515625 0.5359375 0.1546875 0.115625
0 0.49375 0.6203125 0.15625 0.121875
0 0.47421875 0.70859375 0.1625 0.1375