0 0.54140625 0.4203125 0.1515625 0.32890625
0 0.5390625 0.6546875 0.134375 0.12734375
0 0.53984375 0.7984375 0.13046875 0.13359375
0 0.40078125 0.79609375 0.14453125 0.140625
0 0.2140625 0.53515625 0.1484375 0.13828125
0 0.221875 0.67890625 0.14765625 0.1234375
0 0.22890625 0.82265625 0.14140625 0.1265625
0 0.06796875 0.534375 0.1359375 0.15
0 0.0734375 0.67890625 0.14609375 0.1296875
0 0.08046875 0.81953125 0.13359375 0.1421875
0 0.809375 0.32734375 0.08046875 0.09921875
0 0.8046875 0.428125 0.0828125 0.09921875
0 0.8511151546875 0.2629362890625 0.8492436203124999 0.2579452875 0.8508032562500001 0.35831994218749996 0.9262896218750001 0.35831994218749996 0.93221621875 0.2607180671875 0.8511151546875 0.2629362890625
0 0.9194272343750001 0.45592180625 0.923482296875 0.3588744890625 0.852674790625 0.3549926140625 0.845812403125 0.445385253125 0.9194272343750001 0.45592180625
0 0.9150602250000001 0.5391052203125 0.9237941953125001 0.4625765265625 0.8461243484375001 0.452039909375 0.8445647125000001 0.5407689062500001 0.9150602250000001 0.5391052203125
0 0.9085097828125 0.6433617828125 0.9147483265625 0.5529691234375 0.841757340625 0.5485326984375 0.8330234171875001 0.633934303125 0.9085097828125 0.6433617828125
0 0.8350441140625 0.637986225 0.8295921999999999 0.722663278125 0.8972803859375 0.7215542687500001 0.9041427734375 0.640589003125 0.8350441140625 0.637986225
0 0.8901060515625 0.80695583125 0.89823595625 0.7267495265624999 0.8295921999999999 0.7282088390625 0.8239775015624999 0.8052921453125 0.8901060515625 0.80695583125
0 0.724263353125 0.50206741875 0.68080295 0.8108377062500001 0.6945277265625001 0.8186015843750001 0.7394452671875 0.5025045265625 0.724263353125 0.50206741875
0 0.7398662765624999 0.503454346875 0.694215828125 0.81194684375 0.706069021875 0.8174924046875001 0.752858096875 0.5025045265625 0.7398662765624999 0.503454346875
0 0.7656471296875 0.5069409921875 0.753908909375 0.5062281984375 0.707940603125 0.811392253125 0.7204176906249999 0.81028324375 0.7656471296875 0.5069409921875
0 0.7818673328125 0.5113774156249999 0.7703260375000001 0.5063864031249999 0.7210415359375 0.8091740625 0.7357021031250001 0.8197105953125 0.7818673328125 0.5113774156249999
0 0.7987114296875 0.5097137734375 0.7851147562499999 0.5062281984375 0.7357021031250001 0.8174924046875001 0.7503627171875 0.8136104874999999 0.7987114296875 0.5097137734375
0 0.81087656875 0.5130411015624999 0.8030783906250001 0.5063864031249999 0.7503627171875 0.814165034375 0.7637755484375 0.8197105953125 0.81087656875 0.5130411015624999
0 0.8261609812499999 0.5158138812499999 0.8171151125 0.5080500875 0.7650232859375 0.8152741718750001 0.7768765265625001 0.8180469515625 0.8261609812499999 0.5158138812499999
0 0.839573859375 0.5119319625000001 0.8303632375 0.503454346875 0.7799957984375 0.8091740625 0.7930967296875 0.8147196234375 0.839573859375 0.5119319625000001
0 0.9146190265625 0.6046999875 0.9103813171875 0.6705350390625 0.9849319390625 0.6649894781250001 0.9861796281249999 0.6084247328125 0.9146190265625 0.6046999875
0 0.9053905109375 0.6705350390625 0.9022712390625 0.72210873125 0.9690236343749999 0.7248815125 0.97838145 0.6649894781250001 0.9053905109375 0.6705350390625
0 0.9021366875 0.7239756734375 0.8922895796875 0.7803371218749999 0.962785090625 0.78699181875 0.9683998375 0.725436059375 0.9021366875 0.7239756734375