0 0.77890625 0.4375 0.21875 0.2671875
0 0.6765625 0.63828125 0.1984375 0.2375
0 0.57734375 0.8265625 0.1984375 0.2359375
0 0.703125 0.8828125 0.19375 0.228125
0 0.7959529796875 0.5715981359375 0.6919655140625001 0.7662597859375 0.8141207484375 0.8222000609375 0.9228239328125 0.6276940953125 0.7959529796875 0.5715981359375
0 1 0.4006737171875 0.9093080296875 0.3547418625 0.7987609265625 0.5606477484375 0.92462303125 0.623424796875 1 0.485847321875 1 0.4006737171875
0 0.3502154921875 0.8214448390625 0.4638874546875 0.879559178125 0.5572856921875 0.6952843843750001 0.44062072968750005 0.6337310953124999 0.3502154921875 0.8214448390625
0 0.22765705937499997 0.76020831875 0.3458066328125 0.8173456625 0.43638066249999996 0.630732271875 0.318211690625 0.5684776515625 0.22765705937499997 0.76020831875
0 0.4152004984375 0.3715741203125 0.3216647546875 0.5660012578125 0.4413108296875 0.6248580765625 0.53759765 0.43069214375 0.4152004984375 0.3715741203125
0 0.32224949375 0.3404901125 0.3748917234375 0.2128122984375 0.30710363281249997 0.1893753625 0.256498609375 0.3139165546875 0.32224949375 0.3404901125
0 0.254622684375 0.31917167343749997 0.2073094453125 0.43911797343750003 0.270052075 0.4673536953125 0.3204542078125 0.3468044796875 0.254622684375 0.31917167343749997
0 0.22190271562500002 0.5889533984375 0.2731528578125 0.47288620000000003 0.205364765625 0.44944926250000006 0.1590641875 0.5647595421875 0.22190271562500002 0.5889533984375
0 0.1534932765625 0.5693133078125 0.10703141875 0.6825050890625 0.169559271875 0.708597365625 0.21623689062499998 0.5975494890624999 0.1534932765625 0.5693133078125
0 0.0994801671875 0.67898388125 0.1817696734375 0.4803341859375 0.0952798171875 0.4440898875 0.016255128125 0.6381321171875001 0.0994801671875 0.67898388125
0 0.17773672812500002 0.2240636828125 0.0940551359375 0.4343239953125 0.1819071796875 0.47018184375 0.2688924453125 0.2614620609375 0.17773672812500002 0.2240636828125
0 0.2660080875 0 0.181799253125 0.2116550234375 0.2747740296875 0.25500987343750003 0.36572929374999996 0.026686760937499998 0.3056935125 0 0.2660080875 0
0 0 0.6288929000000001 0.0169571140625 0.63539451875 0.0931495109375 0.4400315703125 0.00707824375 0.40398246562500006 0 0.42235840468749997 0 0.6288929000000001
0 0.09615305625000001 0.1829517734375 0.0898251890625 0.19652192968749999 0.0023572875 0.39565116875 0.0891862109375 0.4361401609375 0.1764702625 0.21938653593750002 0.09615305625000001 0.1829517734375
0 0.1814648703125 0 0.098514425 0.17788780312500002 0.180464034375 0.2120540453125 0.2639241953125 0 0.1814648703125 0