0 0.6703125 0.853125 0.1359375 0.1140625
0 0.671875 0.72265625 0.13671875 0.1234375
0 0.6796875 0.5875 0.153125 0.1265625
0 0.53515625 0.27734375 0.10546875 0.10390625
0 0.64921875 0.27734375 0.11328125 0.10859375
0 0.53359375 0.38515625 0.10703125 0.1046875
0 0.64765625 0.39453125 0.115625 0.1109375
0 0.8453125 0.5875 0.15078125 0.1453125
0 0.853125 0.43671875 0.1703125 0.140625
0 0.828125 0.72578125 0.14765625 0.11484375
0 0.82265625 0.84921875 0.15390625 0.109375
0 0.53046875 0.8578125 0.13125 0.109375
0 0.5359375 0.72734375 0.1375 0.14140625
0 0.35703125 0.8234375 0.1484375 0.21015625
0 0.353125 0.584375 0.14921875 0.25546875
0 0.3734375 0.30859375 0.1359375 0.221875
0 0.15 0.3203125 0.25625 0.246875
0 0.7402235140625 0.2216049359375 0.7321668359375 0.35036596875 0.8730797578124999 0.351600040625 0.8814094578124999 0.2170841609375 0.7402235140625 0.2216049359375
0 0.0664747890625 0.89583410625 0.276802934375 0.9044725140625 0.2788854125 0.6835703953125 0.0505092671875 0.6786340140625 0.0664747890625 0.89583410625
0 0.277497128125 0.67493170625 0.2740263671875 0.4404545171875 0.0352379390625 0.44415682656250005 0.05189765625 0.67493170625 0.277497128125 0.67493170625