0 0.76015625 0.28984375 0.153125 0.0640625
0 0.75234375 0.36796875 0.153125 0.06875
0 0.74140625 0.446875 0.1515625 0.08125
0 0.74375 0.52265625 0.153125 0.0796875
0 0.74375 0.59921875 0.1546875 0.0765625
0 0.73828125 0.678125 0.1546875 0.084375
0 0.73046875 0.7578125 0.1578125 0.0890625
0 0.725 0.83359375 0.15625 0.0765625
0 0.71328125 0.90625 0.15 0.0734375
0 0.56328125 0.90234375 0.1578125 0.0671875
0 0.56796875 0.828125 0.165625 0.0828125
0 0.575 0.74609375 0.1625 0.0734375
0 0.58203125 0.6671875 0.165625 0.08125
0 0.58515625 0.5921875 0.1625 0.08125
0 0.59140625 0.51328125 0.15625 0.0890625
0 0.59375 0.4375 0.1546875 0.0765625
0 0.59921875 0.35234375 0.159375 0.075
0 0.5232028609375 0.2964931875 0.685287903125 0.3226782703125 0.6898709734375 0.24967198124999998 0.5329837140625 0.2173530546875 0.5232028609375 0.2964931875
0 0.684999065625 0.24469036875 0.69347689375 0.1682436796875 0.5328206515625 0.1300920796875 0.526418471875 0.2131812203125 0.684999065625 0.24469036875
0 0.696526446875 0.161959615625 0.7050042734375 0.085512928125 0.5464854984375 0.0456544203125 0.5367721609375 0.11737377812500001 0.696526446875 0.161959615625
0 0.3390625 0.62734375 0.1609375 0.1984375
0 0.32421875 0.83828125 0.1625 0.2