0 0.56640625 0.46953125 0.2484375 0.2265625
0 0.4953125 0.69921875 0.1078125 0.0828125
0 0.51328125 0.7625 0.1078125 0.0875
0 0.53359375 0.8234375 0.1078125 0.084375
0 0.55078125 0.8765625 0.103125 0.0828125
0 0.56953125 0.61015625 0.1109375 0.0859375
0 0.6428236218750001 0.6751232953125 0.625128965625 0.6252572875 0.5384663984375 0.6611597734375 0.5583138046875 0.7144814375 0.6428236218750001 0.6751232953125
0 0.6630257890625 0.7353176515625 0.6443644703125 0.681121246875 0.5570268609375 0.7219194140625 0.5739805609374999 0.7706415859375 0.6630257890625 0.7353176515625
0 0.65761083125 0.7409127843750001 0.571483834375 0.7770971515625 0.5728883625 0.779411471875 0.5899343781249999 0.8276355625 0.6752291234375 0.793603025 0.65761083125 0.7409127843750001
0 0.6957947328125 0.8518068875000001 0.67695170625 0.7986057671875 0.5907453140625 0.8404133515625001 0.6070365671875 0.88796465 0.6957947328125 0.8518068875000001
0 0.71521725 0.5914394656249999 0.6992633890625 0.5344455046875 0.6129995375 0.559951621875 0.6306202843750001 0.616837925 0.71521725 0.5914394656249999
0 0.7147774640625 0.5962540984375 0.6314052593749999 0.6221635125 0.6328519375 0.6244633187499999 0.6491289250000001 0.6766827765625 0.7321377171875 0.6527638015624999 0.7147774640625 0.5962540984375
0 0.74730660625 0.7044321734375 0.7320614 0.6555880171874999 0.65055110625 0.6827215875 0.6669579921875 0.7330310109375 0.74730660625 0.7044321734375
0 0.75515620625 0.75768810625 0.740848609375 0.7085211046875 0.6637136515625001 0.736946065625 0.6797828328125 0.7855065046874999 0.75515620625 0.75768810625
0 0.7681627265625 0.80916836875 0.751587403125 0.7579842703125 0.6775797046875 0.7909283046875 0.6943011484375 0.8383314765625001 0.7681627265625 0.80916836875
0 0.778236928125 0.21541225625 0.735071365625 0.06162183125 0.5947900109375001 0.107748384375 0.638731434375 0.25800739687499996 0.778236928125 0.21541225625
0 0.8135884125 0.364276640625 0.776540928125 0.22470089999999998 0.6416645062499999 0.26787831562500003 0.685602709375 0.40834565312500004 0.8135884125 0.364276640625
0 0.8444074671875 0.5070850734375 0.8062999515625 0.37331478125 0.6835148015625 0.413416909375 0.7244478515624999 0.5549190046875 0.8444074671875 0.5070850734375
0 0.714723875 0.5582672890625 0.7546861781249999 0.6924870453125 0.8759516296875001 0.6431153578125001 0.8368732203125001 0.5118555640625 0.7161207859375 0.5556101515625 0.7164557281249999 0.5565828921875 0.714723875 0.5582672890625
0 0.9113794515625001 0.769103578125 0.8759515796875 0.643115375 0.7488749125 0.6912236640625 0.78549251875 0.8157141875 0.9113794515625001 0.769103578125
0 0.9649890437499999 0.45675200625 0.9310765249999999 0.3241486609375 0.8078260515625001 0.3711571578125 0.8451744703124999 0.5032302718749999 0.9649890437499999 0.45675200625
0 0.997843328125 0.588414015625 0.9652841296875 0.46187319843749997 0.844018496875 0.5114625312500001 0.8788122656249999 0.63396965625 0.997843328125 0.588414015625
0 1 0.600944234375 0.880581125 0.637791634375 0.88113608125 0.6416565703125 0.9137754906250001 0.75576555625 1 0.7283941640625 1 0.600944234375
0 0.3421875 0.51640625 0.1453125 0.2046875
0 0.41953125 0.765625 0.128125 0.18125
0 0.21953125 0.5046875 0.115625 0.053125
0 0.2265625 0.52109375 0.1109375 0.05
0 0.23203125 0.53828125 0.1109375 0.0515625
0 0.2390625 0.55546875 0.1109375 0.05
0 0.2453125 0.5703125 0.1109375 0.05
0 0.2515625 0.58671875 0.1109375 0.05
0 0.2578125 0.603125 0.1109375 0.05
0 0.26484375 0.61875 0.109375 0.05
0 0.2703125 0.634375 0.109375 0.046875
0 0.278125 0.65 0.1109375 0.053125
0 0.27937164999999997 0.7340519578125 0.25408888125 0.67280905625 0.18202025625 0.7069507203125001 0.20248648125000002 0.7605256453125 0.27937164999999997 0.7340519578125
0 0.2747889296875 0.7374952218749999 0.2012908171875 0.764667915625 0.20269125 0.766983646875 0.2222961828125 0.8180571984375 0.297851278125 0.7892435546875001 0.2747889296875 0.7374952218749999
0 0.31513519843750004 0.8485774359375 0.2920437984375 0.7921758624999999 0.222500953125 0.8245151999999999 0.24153168749999998 0.8739211578124999 0.31513519843750004 0.8485774359375
0 0.3539127734375 0.7083853906249999 0.330792359375 0.6473305625 0.260497909375 0.674332821875 0.28250066875 0.7385704265624999 0.3539127734375 0.7083853906249999
0 0.3729665984375 0.7652445828125 0.35451601093749996 0.7147061890625 0.28418342343749997 0.743120546875 0.301994225 0.7906149625000001 0.3729665984375 0.7652445828125
0 0.392823578125 0.8152987171875001 0.37419130156249997 0.765755515625 0.301997678125 0.7971422828125 0.32216738125 0.8461560609375001 0.392823578125 0.8152987171875001