0 0.49140625 0.12578125 0.18125 0.2234375
0 0.6171875 0.371875 0.1609375 0.2140625
0 0.53984375 0.53203125 0.15625 0.2
0 0.6625 0.734375 0.1390625 0.184375
0 0.29375 0.621875 0.15 0.18125
0 0.35625 0.46796875 0.159375 0.1875
0 0.696875 0.190625 0.1640625 0.221875
0 0.7421875 0.76328125 0.134375 0.175
0 0.82734375 0.60703125 0.153125 0.203125
0 0.57109375 0.7171875 0.140625 0.1703125
0 0.47109375 0.6859375 0.1453125 0.18125
0 0.73984375 0.5734375 0.1484375 0.1984375
0 0.8265625 0.7984375 0.1375 0.165625
0 0.8265625 0.39921875 0.15625 0.21875
0 0.90859375 0.428125 0.1515625 0.209375
0 0.07890625 0.5015625 0.1578125 0.221875
0 0.62421875 0.61875 0.0875 0.071875
0 0.4609375 0.54453125 0.0796875 0.1375
0 0.8828125 0.28125 0.0890625 0.06875
0 0.421875 0.30390625 0.1703125 0.2046875
0 0.96015625 0.47734375 0.0796875 0.1421875
0 0.4296875 0.52890625 0.075 0.1328125
0 0.40625 0.6625 0.0796875 0.1375
0 0.903125 0.234375 0.0875 0.0703125
0 0.23359375 0.26875 0.184375 0.3015625
0 0.95546875 0.31171875 0.0890625 0.0734375
0 0.1375 0.2484375 0.246875 0.3578125
0 0.378125 0.65078125 0.071875 0.128125
0 0.19921875 0.02265625 0.0765625 0.0453125
0 0.5453125 0.0265625 0.109375 0.053125
0 0.16640625 0.51953125 0.1703125 0.2703125
0 0.1859375 0.05625 0.084375 0.065625