0 0.6421875 0.40625 0.0828125 0.18125
0 0.634375 0.58828125 0.0890625 0.1671875
0 0.61640625 0.7640625 0.0796875 0.16875
0 0.70859375 0.76953125 0.084375 0.165625
0 0.2859375 0.7875 0.09375 0.1703125
0 0.37734375 0.78359375 0.0875 0.178125
0 0.39765625 0.378125 0.071875 0.153125
0 0.14453125 0.42734375 0.0796875 0.125
0 0.14160062499999998 0.8678751703125 0.140541521875 0.7196859703125 0.040576414062499996 0.7188671390625 0.0478327328125 0.869016646875 0.14160062499999998 0.8678751703125
0 0 0.8681859093750001 0.031756806250000005 0.8650317734374999 0.026613014062500003 0.71306700625 0 0.7126024734375 0 0.8681859093750001
0 0.328732740625 0.6201774265625 0.3552633046875 0.5622982984375 0.353315421875 0.46502726718750004 0.2789196625 0.46372868437500003 0.281808396875 0.6230626265625 0.328732740625 0.6201774265625
0 0.76810995625 0.5120884125 0.6864789171875 0.50418106875 0.6752389828124999 0.6780854656249999 0.7573427921875 0.6813707265625 0.76810995625 0.5120884125
0 0.692834825 0.3190786171875 0.6828019546874999 0.505969021875 0.768792215625 0.5028396515625 0.7772953390625 0.3224050140625 0.692834825 0.3190786171875
0 0.64453125 0.28984375 0.0765625 0.0453125
0 0.64375 0.2453125 0.075 0.0421875
0 0.64765625 0.2015625 0.0765625 0.04375
0 0.8234375 0.24375 0.071875 0.040625
0 0.82109375 0.2859375 0.0765625 0.034375
0 0.7783419125 0.49281960468749997 0.85647374375 0.49233126718750003 0.8695497953125001 0.3101243171875 0.7899206125 0.3068822515625 0.7783419125 0.49281960468749997
0 0.775625478125 0.4992546578125 0.7647451953125 0.6750174671875 0.844406696875 0.6764079640625 0.856976415625 0.5025267796875 0.775625478125 0.4992546578125
0 0.766779371875 0.677831175 0.7533927296875 0.8479938328125 0.828969721875 0.8446826984375001 0.8433940484375 0.6837988234375 0.766779371875 0.677831175
0 0.9809533421875001 0.7010170015625 0.9940814281250001 0.545666903125 0.8723764484375 0.54539466875 0.8601432734375001 0.6998343218749999 0.9809533421875001 0.7010170015625
0 0.969548840625 0.8471365171875 0.980400359375 0.7028594828125 0.8616083046874999 0.70541629375 0.8517657953125 0.851563075 0.969548840625 0.8471365171875
0 0.98110505625 0.8519685656249999 0.99386150625 0.8560375453125 0.99648459375 0.7057609484375 0.99079746875 0.7039670328125001 0.98110505625 0.8519685656249999
0 1 0.31801995625 0.918548953125 0.3174620703125 0.90402281875 0.54316885625 0.9889555937500001 0.5409470953125 1 0.3953823265625 1 0.31801995625