0 0.6019209875 0.400390625 0.6021957125 0.3232421875 0.6008220859375 0.3212890625 0.4815913171875 0.31787109375 0.4785693390625 0.3212890625 0.47719571250000004 0.39453125 0.47829461406249996 0.3984375 0.5752726359375 0.40185546875 0.6019209875 0.400390625
0 0.5997231859375 0.48583984375 0.6030198890625 0.484375 0.6027451640625 0.41748046875 0.6019209875 0.4072265625 0.5997231859375 0.40478515625 0.48378911875 0.40673828125 0.48021769062499997 0.40771484375 0.47911878906250005 0.41357421875 0.4780198890625 0.478515625 0.479668240625 0.4814453125 0.498899009375 0.48388671875 0.5997231859375 0.48583984375
0 0.5983496421875001 0.56787109375 0.601921071875 0.56298828125 0.603294696875 0.54296875 0.603294696875 0.49169921875 0.5945034890625001 0.48388671875 0.4788441484375 0.48828125 0.47747052187500005 0.490234375 0.476921071875 0.50244140625 0.47554744531250004 0.55810546875 0.47554744531250004 0.5634765625 0.476921071875 0.5654296875 0.5983496421875001 0.56787109375
0 0.601371453125 0.6591796875 0.6093384859375 0.654296875 0.6090637609375 0.57763671875 0.607964859375 0.57568359375 0.48516266249999995 0.5693359375 0.4802176078125 0.5693359375 0.47801980468750005 0.57177734375 0.4747231015625 0.64892578125 0.4747231015625 0.65771484375 0.47609672812500003 0.66015625 0.601371453125 0.6591796875
0 0.6222505734375 0.74462890625 0.622800025 0.73876953125 0.6211516734375 0.666015625 0.619503321875 0.662109375 0.49203079375 0.65771484375 0.4901077171875 0.65869140625 0.4895582671875 0.66162109375 0.488184640625 0.71240234375 0.48736046406250005 0.74609375 0.489008815625 0.74755859375 0.6186791453125 0.7470703125 0.6222505734375 0.74462890625
0 0.6195030703125 0.85302734375 0.6277448296875 0.8447265625 0.6244481265624999 0.74951171875 0.49230526875 0.75244140625 0.4912063671875 0.75439453125 0.4906569171875 0.79443359375 0.4903821921875 0.84716796875 0.49203054375 0.84912109375 0.6162063671875 0.85400390625 0.6195030703125 0.85302734375
0 0.476921321875 0.310546875 0.476921321875 0.2490234375 0.47637187187499996 0.244140625 0.47444879375 0.24169921875 0.3532949484375 0.2373046875 0.351646596875 0.23974609375 0.3508224203125 0.263671875 0.3499982453125 0.3115234375 0.4728004421875 0.31494140625 0.47637187187499996 0.31298828125 0.476921321875 0.310546875
0 0.4725254671875 0.39794921875 0.47582217031249996 0.39599609375 0.47444854375 0.326171875 0.4728001921875 0.32177734375 0.351921071875 0.318359375 0.3475254671875 0.32080078125 0.345877115625 0.388671875 0.345877115625 0.39208984375 0.3475254671875 0.39453125 0.4725254671875 0.39794921875
0 0.4700529390625 0.48388671875 0.4730749171875 0.48046875 0.47472326875000004 0.41064453125 0.47334964218750003 0.4033203125 0.3472507421875 0.3994140625 0.3453276640625 0.40380859375 0.3436793125 0.4765625 0.3436793125 0.4814453125 0.3450529390625 0.4833984375 0.4700529390625 0.48388671875
0 0.4725251328125 0.568359375 0.47499765937499994 0.56591796875 0.474722934375 0.4951171875 0.47444820937500004 0.490234375 0.4727998578125 0.4873046875 0.3453273296875 0.48388671875 0.343953703125 0.48681640625 0.343404253125 0.50537109375 0.34230535156249997 0.56591796875 0.3442284296875 0.568359375 0.46483282499999995 0.56884765625 0.4725251328125 0.568359375
0 0.473899009375 0.6591796875 0.4752726359375 0.57666015625 0.47362428437500004 0.57275390625 0.3412067015625 0.57275390625 0.33928362500000003 0.576171875 0.338734175 0.5986328125 0.3384594484375 0.65771484375 0.3401078015625 0.662109375 0.4728001078125 0.6611328125 0.473899009375 0.6591796875
0 0.47554719375000004 0.67822265625 0.4744482921875 0.66845703125 0.4711515890625 0.666015625 0.4021955453125 0.6640625 0.340657084375 0.66796875 0.3390087328125 0.67138671875 0.33708565625000003 0.7255859375 0.33736038125 0.75732421875 0.44587686406250004 0.7568359375 0.47747027031249994 0.75439453125 0.47554719375000004 0.67822265625
0 0.48653645624999997 0.85498046875 0.489558434375 0.8505859375 0.48736063124999995 0.76416015625 0.48653645624999997 0.75732421875 0.4851628296875 0.755859375 0.3445034890625 0.755859375 0.3414815109375 0.76025390625 0.340382609375 0.78271484375 0.3381848078125 0.84716796875 0.33900898281249997 0.85595703125 0.458789203125 0.85693359375 0.48653645624999997 0.85498046875
0 0.33378886875 0.201171875 0.33571194531250004 0.1962890625 0.33571194531250004 0.1416015625 0.33433831875000003 0.126953125 0.33159106718750003 0.125 0.2101624953125 0.123046875 0.20768996718750002 0.125 0.2043932640625 0.13623046875 0.20219546249999998 0.1728515625 0.2016460109375 0.20068359375 0.2046679890625 0.20361328125 0.3293932640625 0.2041015625 0.33378886875 0.201171875
0 0.323624284375 0.28515625 0.3274704375 0.28369140625 0.32939351562499997 0.27783203125 0.329668240625 0.21142578125 0.3282946140625 0.208984375 0.2060418671875 0.205078125 0.20137153749999998 0.20556640625 0.1999979109375 0.2080078125 0.19587703125 0.27734375 0.19587703125 0.28076171875 0.1975253828125 0.28271484375 0.323624284375 0.28515625
0 0.32444837656250003 0.365234375 0.3282945296875 0.29443359375 0.325547278125 0.2900390625 0.3101626625 0.28955078125 0.197800025 0.29052734375 0.1939538703125 0.29345703125 0.1909318921875 0.33349609375 0.189008815625 0.36474609375 0.19203079375 0.36767578125 0.3219758484375 0.3701171875 0.32444837656250003 0.365234375
0 0.3079646921875 0.45947265625 0.3192284296875 0.4580078125 0.32060205625 0.396484375 0.3203273296875 0.37841796875 0.318678978125 0.3759765625 0.2392833734375 0.3740234375 0.187360296875 0.37451171875 0.1851624953125 0.37646484375 0.1818657921875 0.4453125 0.1818657921875 0.455078125 0.1829646921875 0.45654296875 0.3079646921875 0.45947265625
0 0.308789203125 0.55517578125 0.31153645625 0.55126953125 0.31373425781250003 0.5263671875 0.314558434375 0.4658203125 0.31208590625 0.46337890625 0.27911887343749997 0.462890625 0.178294696875 0.4638671875 0.1758221703125 0.4697265625 0.17334964218749999 0.51171875 0.171701290625 0.5498046875 0.17499799375 0.5537109375 0.2071408515625 0.55615234375 0.308789203125 0.55517578125
0 0.3123604640625 0.6240234375 0.3129099140625 0.56005859375 0.3115362890625 0.55712890625 0.2609868375 0.55712890625 0.172800025 0.560546875 0.17032749687499998 0.564453125 0.16593189218749999 0.615234375 0.163734090625 0.64794921875 0.1648329921875 0.65283203125 0.3101626625 0.65380859375 0.3123604640625 0.6240234375
0 0.3021955453125 0.7529296875 0.303569171875 0.75 0.3046680734375 0.65966796875 0.3024702703125 0.65673828125 0.26263510624999997 0.65478515625 0.17582191875 0.65673828125 0.159338403125 0.65966796875 0.15659114999999998 0.6708984375 0.153294446875 0.7109375 0.15109664375 0.74609375 0.1513713703125 0.75146484375 0.153019721875 0.75244140625 0.3021955453125 0.7529296875
0 0.29175615312500003 0.857421875 0.292305603125 0.8544921875 0.293129778125 0.7568359375 0.2914814265625 0.75341796875 0.1434045046875 0.75341796875 0.141756153125 0.7548828125 0.1406572515625 0.76123046875 0.13378911875 0.84326171875 0.13433857031250002 0.85888671875 0.14587703125 0.86083984375 0.2884594484375 0.8603515625 0.29175615312500003 0.857421875
0 0.186261646875 0.27490234375 0.1914814265625 0.2265625 0.192030878125 0.19677734375 0.1914814265625 0.19384765625 0.1879099984375 0.19287109375 0.05796494375 0.19140625 0.056041867187500004 0.1953125 0.053844064062499995 0.2109375 0.048624284375 0.2724609375 0.0494484609375 0.27490234375 0.18378911874999998 0.27734375 0.186261646875 0.27490234375
0 0.1796684078125 0.36279296875 0.1807673078125 0.3544921875 0.1851629125 0.28173828125 0.1829651109375 0.279296875 0.17554752812500002 0.27880859375 0.0456024734375 0.2783203125 0.043679396875 0.28125 0.0420310453125 0.29150390625 0.0368112640625 0.3505859375 0.0365365390625 0.36181640625 0.037910165625 0.36328125 0.17774533125 0.36474609375 0.1796684078125 0.36279296875
0 0.171976015625 0.451171875 0.17527271875 0.44287109375 0.1799430484375 0.3740234375 0.177195796875 0.36572265625 0.171976015625 0.36376953125 0.03653645625 0.36474609375 0.034338653125 0.3681640625 0.0324155765625 0.376953125 0.026921071875 0.43994140625 0.026921071875 0.44921875 0.0288441484375 0.451171875 0.1692287640625 0.453125 0.171976015625 0.451171875
0 0.1609866703125 0.5458984375 0.162360296875 0.53564453125 0.165657 0.45556640625 0.024722934375 0.45361328125 0.02197568125 0.46240234375 0.015656999999999997 0.52294921875 0.015382275 0.54296875 0.0200526046875 0.54736328125 0.15961304375000002 0.54736328125 0.1609866703125 0.5458984375
0 0.603846153125 0.31787109375 0.603571428125 0.2734375 0.6016483515625 0.25 0.59945055 0.24658203125 0.584340659375 0.244140625 0.48186813125 0.24169921875 0.4799450546875 0.244140625 0.4791208796875 0.25634765625 0.478846153125 0.314453125 0.4802197796875 0.31787109375 0.5802197796875 0.31982421875 0.603846153125 0.31787109375
0 0.152472528125 0.65234375 0.15659340625 0.646484375 0.1574175828125 0.642578125 0.1618131875 0.56494140625 0.159340659375 0.5576171875 0.1513736265625 0.5537109375 0.0120879125 0.5537109375 0.0101648359375 0.55615234375 0.0085164828125 0.56396484375 0.0043956046875000005 0.60693359375 0.003021978125 0.640625 0.003846153125 0.64892578125 0.006868131249999999 0.6513671875 0.152472528125 0.65234375