0 0.3734375 0.38671875 0.13046875 0.1671875
0 0.36953125 0.5765625 0.12890625 0.17890625
0 0.365625 0.765625 0.13203125 0.171875
0 0.22578125 0.57109375 0.128125 0.17890625
0 0.21484375 0.7609375 0.128125 0.1828125
0 0.53828125 0.228125 0.125 0.07421875
0 0.53359375 0.31796875 0.1328125 0.07734375
0 0.53671875 0.40234375 0.1328125 0.075
0 0.540625 0.490625 0.13828125 0.08046875
0 0.54296875 0.5859375 0.13984375 0.09140625
0 0.5453125 0.69375 0.14765625 0.09140625
0 0.546875 0.7984375 0.15390625 0.09921875
0 0.67421875 0.24453125 0.1265625 0.07734375
0 0.675 0.33203125 0.1296875 0.071875
0 0.67890625 0.41640625 0.13671875 0.07890625
0 0.68359375 0.50625 0.1359375 0.08359375
0 0.68671875 0.6015625 0.1359375 0.0828125
0 0.69921875 0.69765625 0.1390625 0.08515625
0 0.696875 0.796875 0.13203125 0.07890625
0 0.85390625 0.70546875 0.0671875 0.0609375
0 0.85390625 0.7578125 0.07109375 0.034375
0 0.85859375 0.8109375 0.06796875 0.0421875
0 0.86796875 0.865625 0.0671875 0.0359375
0 0.871875 0.91953125 0.075 0.0421875
0 0.9390625 0.75 0.078125 0.0453125