0 0.68171565 0.42426281406250005 0.732124684375 0.4443891015625 0.734753540625 0.4436131875 0.7508400640625 0.41289232968749995 0.750582 0.409957890625 0.6876855109375 0.38402625156250003 0.6816962906249999 0.3834977640625 0.6641751984375001 0.414539984375 0.68171565 0.42426281406250005
0 0.63678251875 0.46918862343749995 0.6218511578125 0.49329217812500004 0.619731315625 0.498816471875 0.6883589625 0.5223421593750001 0.691471934375 0.5223928734375 0.694563565625 0.5190820875 0.7120917703125 0.4891603671875 0.7094415765625001 0.486574784375 0.6422520546875 0.46328798281249994 0.63678251875 0.46918862343749995
0 0.758993953125 0.5391646406249999 0.7351208578125 0.5125328875 0.7095978125 0.4900110578125 0.707679128125 0.4895057921875 0.7038737703125 0.49353750781250005 0.6996091921875001 0.5006643453125 0.698213746875 0.5071484578125001 0.710775890625 0.52471905625 0.7576127359375 0.5478897515625001 0.7604712 0.545566275 0.7614145359375 0.5432977828125 0.758993953125 0.5391646406249999
0 0.61279351875 0.7054417265625 0.6175635546875 0.7025030171875 0.6402890046875 0.66150521875 0.6395539390625 0.6588646515625001 0.6063988359375 0.64104475625 0.5692016515625 0.6276836390625 0.5576966578125 0.62577254375 0.5387730078125 0.662178375 0.5373704515625 0.6675419859375 0.5385967484374999 0.6721296828125001 0.5479747890625 0.678444571875 0.5933557234375 0.6985751296875 0.61279351875 0.7054417265625
0 0.4952069296875 0.777598890625 0.49042622187499996 0.77885685 0.482826175 0.788601034375 0.46505768906249995 0.8183895640625 0.4650790296875 0.8217510640624999 0.541491671875 0.8646655609374999 0.5484277843750001 0.8634858062499999 0.5716266828125 0.8216338875 0.5662942828124999 0.8114204703125001 0.55018484375 0.800816028125 0.4952069296875 0.777598890625
0 0.4902928796875 0.8334942156249999 0.4696359015625 0.823160421875 0.464611359375 0.8237249437499999 0.44025018437499996 0.8710736640625001 0.43979452031250005 0.874729034375 0.48280822187499994 0.899130196875 0.51667349375 0.915668909375 0.5209771984375 0.9147048218749999 0.546335059375 0.8734913578124999 0.5448649265625 0.868210221875 0.4902928796875 0.8334942156249999
0 0.6739288296875 0.5542483453125 0.6955773640625 0.53219334375 0.624034346875 0.502027134375 0.6185256859375 0.501765025 0.605505896875 0.525253346875 0.6069618046875 0.5282934828125 0.65187640625 0.5503986624999999 0.6739288296875 0.5542483453125
0 0.6449208625 0.4341716765625 0.5853705109375 0.40730344062499996 0.58274165625 0.40807935625 0.5777740203125 0.41760787343750005 0.6394940046875 0.446795315625 0.6449208625 0.4341716765625
0 0.58871399375 0.5581074234375001 0.57525475 0.5500885640625001 0.5229341421875 0.530577509375 0.5200685640625 0.5317804859375 0.5150867015625 0.5390680046874999 0.5015756828125 0.5606091984375 0.49707793593750005 0.5687233468749999 0.49756916718750005 0.570670475 0.5633632453125 0.6004413875 0.5652712578125 0.5992659031249999 0.5889720578125 0.5610418625 0.58871399375 0.5581074234375001
0 0.5450525765625 0.6399783921875 0.56302933125 0.6052808015625 0.56253454375 0.6027734234375 0.5457078203125 0.5923296609375 0.5000901609375 0.5726261625 0.49435900468750005 0.5750321140625 0.490557203125 0.57962408125 0.47443866874999996 0.6053026906250001 0.47160154375 0.6109876640625 0.47209277343749995 0.61293479375 0.5371660125 0.6423061375 0.5421976671875 0.6428621171875 0.5450525765625 0.6399783921875
0 0.47867787812499996 0.6188420156250001 0.47485473593750005 0.620072484375 0.461092765625 0.6397997375 0.4516096015625 0.6546411546875001 0.4523411109375 0.6567214734375 0.497506665625 0.6806405921875001 0.5181494171875001 0.6887333859375 0.5226685015625 0.6839807375 0.5444684 0.6480526796875 0.5233273031250001 0.63689225625 0.47867787812499996 0.6188420156250001
0 0.381947409375 0.8023342281250001 0.3636948078125 0.8312961296875001 0.36347586718749997 0.8345244390625 0.42619609843750006 0.8704073875 0.43171187031249997 0.87178999375 0.43433361093749995 0.8698935796875 0.4497348625 0.844375653125 0.45041302187500004 0.8380522218750001 0.38600371875 0.8001164484375 0.381947409375 0.8023342281250001
0 0.6596533124999999 0.6147363578125 0.60200741875 0.5861323890625 0.5844954234374999 0.5808915578125 0.58162273125 0.5809740328124999 0.57948155 0.583136828125 0.5617379609375 0.61684710625 0.5610526874999999 0.6220500375 0.6304651953125 0.6560597921875 0.638581071875 0.6558707125 0.65088945625 0.631559384375 0.6552943296875 0.624314921875 0.6596533124999999 0.6147363578125
0 0.6665961515625 0.4254205265625 0.6596422546875 0.4237990328125 0.6546319390625001 0.42660455312499995 0.6425554859375 0.4478243828125 0.6387821375 0.4568983484375 0.702653975 0.48560374531250006 0.7057669468750001 0.48565445937499996 0.7090953 0.48191661249999995 0.7221008640625 0.4561872921875 0.7218392421875001 0.45269260312500004 0.6665961515625 0.4254205265625
0 0.6175215921875 0.50261610625 0.6167758546875 0.49829478906249997 0.5641722875 0.4719275484375 0.5545824234375 0.46996146875000006 0.5510208999999999 0.47468662500000003 0.5432054703125 0.48821936875 0.541082071875 0.4931834109375 0.5415733031250001 0.49513054062500006 0.5980177953125 0.5230685625 0.6006537640625 0.5234131484375 0.605900803125 0.5201805671875 0.6175215921875 0.50261610625
0 0.4275047265625 0.7445371734374999 0.42079822343749995 0.74416936875 0.4129543375 0.7532201125 0.4079831453125 0.76218838125 0.442862890625 0.7876636015625 0.4688167015625 0.8026083125 0.47167872343750006 0.8008450859374999 0.480925165625 0.7864307296875 0.4806599875 0.782375790625 0.47414041406249996 0.773737428125 0.4275047265625 0.7445371734374999
0 0.46456990625000005 0.8125363984374999 0.46500067187500005 0.8049592796875 0.40563369531250004 0.769260234375 0.40275388906250004 0.7682222109375 0.39752463437499996 0.774256040625 0.3882746359375 0.788110146875 0.38330344375 0.7970784156249999 0.38355439375 0.7988923546875 0.4460379 0.8352023624999999 0.45272662031250005 0.83276891875 0.45629169843749995 0.8286040124999999 0.46456990625000005 0.8125363984374999
0 0.7421746875 0.818471478125 0.7371359187500001 0.8167949999999999 0.734288125 0.820799225 0.7011397265625 0.8794671812500001 0.69309824375 0.895107734375 0.6928864171875 0.8994565437500001 0.8139769375 0.96490328125 0.854403296875 0.883472203125 0.8539120656250001 0.8815250750000001 0.840201871875 0.8716922765625 0.7421746875 0.818471478125
0 0.7288686109375 0.6508699124999999 0.7413204984374999 0.651072765625 0.7510190453125001 0.6324427890625001 0.7592474609375001 0.6085316781250001 0.758992953125 0.6061574890625 0.702842090625 0.586756403125 0.6838990828125 0.582397184375 0.6774328609375 0.58216256875 0.6731540546875 0.58704840625 0.6584843140625 0.61464665 0.6578203796875 0.6232110796875 0.6789721453124999 0.6360522515625 0.7044133875 0.6456883343750001 0.7288686109375 0.6508699124999999
0 0.6485700484375 0.6370650015625 0.641231621875 0.6503038734375 0.6344057656250001 0.6688513734375 0.7057013890625 0.6977638953125 0.715750475 0.6966348531250001 0.736299178125 0.65219735 0.7362636109375 0.6465948515625 0.66766441875 0.6275511625 0.6554528125 0.6274814984375 0.6485700484375 0.6370650015625
0 0.71391334375 0.7090151953125 0.713881334375 0.703972946875 0.6512037828125 0.674812996875 0.6387483390625001 0.67404989375 0.633275246875 0.6793902843749999 0.618128503125 0.7072824 0.616485665625 0.7125128234375 0.6177084078124999 0.71654026875 0.6635805734375 0.7386179562499999 0.6938238609375 0.7503575796875 0.6976470015625 0.7491271109375 0.71391334375 0.7090151953125
0 0.6769145921875 0.8023952375000001 0.6950925031249999 0.7616680875 0.6971838906250001 0.7516617953125 0.6647496296875001 0.73424146875 0.6477110796875001 0.7281465171875 0.6201499984375001 0.7240347265625 0.6165742484375001 0.7265188828125 0.599523046875 0.7561467328125 0.6019614140625 0.7630811265624999 0.6322687234375 0.784905246875 0.6690102437500001 0.801921734375 0.6740490140625 0.8035982125000001 0.6769145921875 0.8023952375000001
0 0.6767841515625 0.8196295609375 0.682677340625 0.805031303125 0.6137631781249999 0.7740891765625 0.6027316328125 0.7713239609375 0.6003466140625 0.772793315625 0.5835107953125 0.7986326046875 0.5754657546875 0.813712909375 0.5752503718749999 0.81750146875 0.6427548640625 0.8526867062499999 0.6542705265625 0.8562785515625 0.6590405640625 0.8533398421875 0.6767841515625 0.8196295609375
0 0.5799872390624999 0.8848874453125 0.6244390640625 0.9095274953124999 0.63015955 0.9054407937500001 0.65263760625 0.8631893046875 0.6528565484375 0.859960996875 0.6196836625000001 0.8393398515625 0.5752602890625 0.8191818 0.5511251671874999 0.8644227125 0.5799872390624999 0.8848874453125
0 0.576827778125 0.8775533453125 0.5581179374999999 0.872206815625 0.5466271703125 0.8725367203125 0.5286077359375 0.9005113124999999 0.52483083125 0.9090250281250001 0.52532561875 0.9115324062499999 0.59699311875 0.9613073625 0.6053211203125 0.9530832468750001 0.6289899078125 0.90981695625 0.628251284375 0.9066161390625 0.576827778125 0.8775533453125
0 0.572610428125 0.816596403125 0.5778503546875 0.8122433234375 0.5989187421875 0.7742349468749999 0.6005686921875 0.7701250234375 0.5991021140624999 0.7654041390625 0.5589717734375 0.7426012484375 0.5267955765625 0.7281153609375 0.518891228125 0.7276418578125 0.5077332171875 0.7426714484375 0.493533365625 0.7688553234375 0.49379498593750004 0.7723500109375 0.4986254859375 0.77893555 0.5661477609375 0.8169220359375 0.572610428125 0.816596403125
0 0.620781753125 0.71042795625 0.578277065625 0.690775171875 0.547083328125 0.6801835406250001 0.5401543281250001 0.6824837953125 0.532791003125 0.6918009171875 0.5188243203125 0.71699748125 0.51741109375 0.72068034375 0.51886344375 0.7231602296874999 0.55658386875 0.7435107249999999 0.59714853125 0.75929674375 0.61751030625 0.7231297999999999 0.620781753125 0.71042795625
0 0.6565443734375 0.61077993125 0.6702956734375001 0.589371928125 0.6759343546875 0.5723994796875 0.674227496875 0.5675454046875 0.6191855625 0.53424376875 0.612712225 0.532888653125 0.606755015625 0.537402415625 0.5917774171875 0.5542227234375 0.58730456875 0.5662586203125 0.5923824625 0.5740978484375 0.6231667734374999 0.595628096875 0.6534349578125 0.61128946875 0.6565443734375 0.61077993125
0 0.64116123125 0.4504012046875 0.5777699546874999 0.4219621875 0.5720210140625 0.42156688906250006 0.567035596875 0.42829415937500004 0.5526096921875 0.45658584218750004 0.551677025 0.460535084375 0.616036534375 0.490627359375 0.6191530640625 0.49123832187499994 0.6222518078125 0.4890480359375 0.6371796125 0.46438422968750004 0.64116123125 0.4504012046875
0 0.5858174875 0.5581766984375001 0.5995652312499999 0.5362084453125 0.60001378125 0.531432575 0.5949465578125 0.525274096875 0.5411095796875001 0.49319865937499996 0.534417303125 0.49507185312499996 0.5220507765625 0.508314996875 0.518022921875 0.5150147734375 0.5116633984375001 0.531587653125 0.5121581843749999 0.53409503125 0.5767508625 0.563199996875 0.5791465515625001 0.5634113921874999 0.5858174875 0.5581766984375001
0 0.51287645625 0.68522833125 0.460983059375 0.6575799078125 0.45044274375000004 0.6567618203125 0.4478174453125 0.6580979859375 0.4437824765625 0.6636772625 0.42103568593749996 0.7013135625 0.4215375859375 0.7049414406250001 0.4993456703125 0.7413718265625 0.501493965625 0.74032953125 0.5254065906250001 0.69775668125 0.5251449703125 0.6942619921875 0.51287645625 0.68522833125
0 0.4821870265625 0.3008697453125 0.514635515625 0.32053107187499996 0.5441721890625 0.334112125 0.56050255 0.3040847078125 0.5604812109374999 0.30072320937499997 0.512891515625 0.272110696875 0.499209775 0.266759896875 0.48169579531249995 0.2989226171875 0.4821870265625 0.3008697453125
0 0.5452074140625001 0.34640980625 0.5415925421875001 0.34273121406249996 0.5259707765625 0.33351365 0.4801270640625 0.31591796250000004 0.47180261874999996 0.324702328125 0.4602031703125 0.34562828749999996 0.46046123437500003 0.3485627265625 0.5248598671875 0.38481774999999996 0.529626346875 0.381318790625 0.5336613171875 0.3757395140625 0.5454868187499999 0.35270574374999997 0.5452074140625001 0.34640980625
0 0.486261784375 0.4147840921875 0.5047349015625 0.42055768125000004 0.5203550921875 0.39181144375 0.4562002953125 0.356249859375 0.45476217031250005 0.356010971875 0.436534465625 0.38889462343750003 0.4370221390625 0.390281503125 0.486261784375 0.4147840921875
0 0.40249796875 0.45879414374999994 0.3925520265625 0.4761704296875 0.3923295296875 0.478838490625 0.45937835937499993 0.5176790984374999 0.4821180359375 0.4789222984375 0.4804218484375 0.47574897343749994 0.43645413906249997 0.4519355515625 0.41485738124999993 0.4444305 0.41174796562499993 0.4449400359375 0.40249796875 0.45879414374999994
0 0.39260529375000003 0.48457413281250006 0.390220275 0.4860434859375 0.377168475 0.504489559375 0.369370828125 0.520823553125 0.3698833984375 0.52613218125 0.4237452734375 0.5621293671875 0.43644099843750006 0.563025659375 0.4596719046875 0.5262159890625 0.459406728125 0.52216105 0.4533819421875 0.516030065625 0.39260529375000003 0.48457413281250006
0 0.3548914078125 0.540711396875 0.341857390625 0.5619587187499999 0.34404480937500004 0.5670791734375 0.404892590625 0.609740103125 0.40849679375000003 0.6117379453125 0.41040480781250005 0.6105624609375 0.433363425 0.5685773515625 0.36893278125 0.5272800796875 0.363671515625 0.5282716609375 0.3548914078125 0.540711396875
0 0.341458634375 0.5745780875000001 0.3371371484375 0.5727409265625 0.3340384046875 0.5749312125 0.3119768859375 0.6073645812499999 0.3759589796875 0.6534377250000001 0.37908262187499997 0.6551691875000001 0.38338276875 0.6536448484374999 0.4052324578125 0.6255602890625 0.4080660265625 0.6193150640625 0.4068468421875 0.6158478671875 0.341458634375 0.5745780875000001
0 0.37913496874999997 0.6635723796875 0.375523653125 0.6604540375 0.31372542187499997 0.6189411 0.307054484375 0.6241757921875 0.2954301375 0.641180003125 0.287374428125 0.6545795578125 0.2878621015625 0.6559664359374999 0.35188331875 0.7082023265624999 0.35426833750000003 0.706732971875 0.370634265625 0.682308053125 0.377258965625 0.6697901125 0.37913496874999997 0.6635723796875
0 0.3422451515625 0.7363565046875 0.3521875359375 0.7184199671875 0.3538232609375 0.7120690453125 0.3040746015625 0.6828180781250001 0.2822304484375 0.6740593375 0.27960514999999997 0.6753955031250001 0.2665462375 0.6927210765625 0.260144034375 0.7025709578125 0.25944809062499996 0.7060931375 0.3082818671875 0.7420945953125 0.3289352875 0.7518681390624999 0.3346522171875 0.7472211875 0.3422451515625 0.7363565046875
0 0.263808115625 0.7140927234375 0.2602039125 0.71209488125 0.257345446875 0.71441835625 0.23670427031250002 0.7442893625 0.23221363906249998 0.7535240109375 0.2829909953125 0.7939524828125 0.3014961234375 0.8047683203125 0.3031603015625 0.8028993984374999 0.318113 0.782157340625 0.32662793125 0.7656626671875 0.263808115625 0.7140927234375
0 0.40001676875000003 0.29384323437500004 0.38722303125 0.315223746875 0.38844577343750003 0.3192511921875 0.45125129062499997 0.3490403546875 0.4573850109375 0.3345754234375 0.470050528125 0.3125655609375 0.44195909218749996 0.30034389375 0.4054898609375 0.28850284375 0.403338009375 0.2889848890625 0.40001676875000003 0.29384323437500004
0 0.382261840625 0.32587239375 0.381063996875 0.3257666953125 0.3682809296875 0.3488279578125 0.41105079531250005 0.37253568125 0.4357818671875 0.3834529453125 0.45329940156250004 0.3518504765625 0.382261840625 0.32587239375
0 0.3984664015625 0.42697065624999997 0.381887071875 0.417780584375 0.3384532734375 0.402637290625 0.3237586375 0.4263137859375 0.3252145453125 0.4293539234375 0.3766309390625 0.4572962171875 0.38646464062499997 0.459955734375 0.3895633859375 0.45776544843750006 0.3990358796875 0.44124328281249997 0.4003993125 0.429716921875 0.3984664015625 0.42697065624999997
0 0.3699821640625 0.5038557921875 0.3785077640625 0.48904186875000005 0.38794825 0.467477453125 0.3713653625 0.45772713125 0.3305568625 0.44124767187499997 0.3171189578125 0.4365903109375 0.3125820890625 0.4385417109375 0.2948385015625 0.47225199062499995 0.295828075 0.477266746875 0.3013687453125 0.4825711046875 0.345332896875 0.5058242749999999 0.3630851734375 0.5111982953124999 0.3699821640625 0.5038557921875
0 0.340359471875 0.5521959562500001 0.3491431359375 0.5403164703125001 0.364070940625 0.5156526640625 0.3313928421875 0.4975388984375 0.304527703125 0.4899049265625 0.29014290468750004 0.48695580781250003 0.2858392015625 0.487919896875 0.2711125546875 0.5065541437500001 0.26473880625 0.520886025 0.2649897546875 0.5226999625000001 0.333190190625 0.5543630203125 0.3375010078125 0.5545194312499999 0.340359471875 0.5521959562500001
0 0.3294486859375 0.5684791421875001 0.3217561640625 0.5636568296875 0.2689229875 0.5388371484375 0.2612553640625 0.5379365843749999 0.252948703125 0.5495222 0.24607660937500003 0.5607864515625 0.2465785109375 0.5644143296874999 0.2518789 0.569585496875 0.3109913703125 0.602910353125 0.3141043421875 0.6029610671875 0.331632546875 0.573039346875 0.3294486859375 0.5684791421875001
0 0.3055319203125 0.61049141875 0.30741503593749997 0.6053941859374999 0.248804465625 0.5756972078125 0.2348931140625 0.57189396875 0.2116728765625 0.6103843890625 0.21074376718750001 0.6148938796875 0.2789655421875 0.6499184359375 0.3055319203125 0.61049141875
0 0.27430204062499997 0.6696645484375 0.2778279953125 0.65933689375 0.2773296515625 0.656269265625 0.25977853125 0.6448656859375 0.21750345312500002 0.623665340625 0.20527761875 0.6213546765625 0.20053248125 0.6282151359375 0.181089146875 0.658191840625 0.183025615625 0.6614983546875 0.24552334843749998 0.7000493624999999 0.2517564046875 0.7012712890625 0.2598441265625 0.692913984375 0.27430204062499997 0.6696645484375
0 0.24681680625000002 0.715281575 0.2463149046875 0.711653696875 0.232594040625 0.7001401484375 0.1886298875 0.676886978125 0.181923384375 0.676519171875 0.17667278749999998 0.679191503125 0.1631510984375 0.6990519468749999 0.1543887734375 0.7142929328125 0.1544136703125 0.71821468125 0.2200314890625 0.7579369015624999 0.22194305937499997 0.7573216671874999 0.235694359375 0.7359136640624999 0.24681680625000002 0.715281575
0 0.090936128125 0.6383662359375 0.078386228125 0.6604401875 0.0762735015625 0.66708498125 0.124630271875 0.703380309375 0.14356616718749998 0.706619028125 0.1677581953125 0.6703421140625 0.15164164375 0.658617171875 0.1081509375 0.63450988125 0.10168471406249999 0.6342752640625 0.090936128125 0.6383662359375
0 0.12986530624999998 0.5851357328125 0.11037573593750001 0.6078291890624999 0.10521050000000001 0.6239475156250001 0.11221774843750001 0.633972759375 0.155496628125 0.6624288609375 0.1684717546875 0.669621090625 0.1730086234375 0.6676696921875 0.202634621875 0.6198896390625 0.1432960984375 0.5886725937499999 0.12986530624999998 0.5851357328125
0 0.1542060609375 0.5344260234375 0.134808965625 0.5716859750000001 0.1362755421875 0.5764068609375 0.1788157984375 0.6016621453125001 0.1977872578125 0.6105033625 0.2044830921875 0.6091904171875 0.2289011734375 0.5708056953125 0.1803396890625 0.539979675 0.158029203125 0.5331955546875 0.1542060609375 0.5344260234375
0 0.2845600546875 0.4749287296875 0.2317446625 0.4529102984375 0.213041934375 0.44868426875 0.196449953125 0.4752169984375 0.1950438390625 0.4800203609375 0.20974360937499997 0.494867915625 0.223206409375 0.503447025 0.2592484296875 0.5234254421875 0.26234717500000004 0.52123515625 0.2812886078125 0.487630575 0.2845600546875 0.4749287296875
0 0.307272784375 0.4316907671875 0.31612046875 0.429895778125 0.31897893437499997 0.427572303125 0.3338889546875 0.40010724687500004 0.33387472812499996 0.397866246875 0.301931696875 0.38239305 0.263289275 0.3676725453125 0.2585014546875 0.36781000625 0.25328286875 0.375524584375 0.24191303125000002 0.394902984375 0.2419414828125 0.3993849828125 0.252058146875 0.4089006890625 0.2967289125 0.43031242968749994 0.307272784375 0.4316907671875
0 0.3634924421875 0.34896504687499996 0.3394786546875 0.3378871015625 0.311659509375 0.330840871875 0.2812257359375 0.32681155781250004 0.2644183703125 0.357132846875 0.306707675 0.38057419062500003 0.3357424484375 0.3905273671875 0.3383784171875 0.3908719515625 0.34243116875 0.3880939234375 0.363528009375 0.3545675453125 0.3634924421875 0.34896504687499996
0 0.3267031234375 0.248738590625 0.32029025 0.256907721875 0.3160398984375 0.266275559375 0.3165453546875 0.2704636859375 0.338407290625 0.282023678125 0.387593584375 0.29812251875 0.40390972031250005 0.2658541015625 0.336260978125 0.24566242031250002 0.3297983109375 0.2459880546875 0.3267031234375 0.248738590625
0 0.8919249546874999 0.7970813546875 0.8573103874999999 0.7756610734375 0.7770710484375 0.73341679375 0.7742232515625 0.73742101875 0.7465941875000001 0.7980318343749999 0.739997940625 0.8150317734374999 0.8491064640625 0.8788612859375 0.8538836125 0.8770430765624999 0.8869964421875001 0.8127726203125001 0.8924268546875 0.8007092328125 0.8919249546874999 0.7970813546875
0 0.8158403421875 0.6549751406250001 0.7945423453125 0.694531075 0.7784842750000001 0.72973393125 0.8909460499999999 0.793747346875 0.8935713484375001 0.79241118125 0.9321217031250001 0.7171978375 0.9155245890625 0.705206515625 0.8242039109375 0.6523535234375 0.8201298171875001 0.6517700515625 0.8158403421875 0.6549751406250001
0 0.6801765203125 0.5568860421874999 0.673322209375 0.57095154375 0.6800891765625 0.580843596875 0.692103184375 0.5875030703124999 0.740059625 0.598453965625 0.7453244484375 0.598022634375 0.7502814124999999 0.5868133656250001 0.7468179046875 0.5692617171875 0.6861479562499999 0.5546132796875 0.6801765203125 0.5568860421874999
0 0.43601114531249996 0.7168722140625 0.4265386515625 0.73339438125 0.4234861453125 0.742867915625 0.4729767390625 0.7691844437500001 0.4887889921875 0.7706917 0.5017981109375 0.745522628125 0.5019921546874999 0.73837256875 0.44677040312500005 0.71446199375 0.44269630937500004 0.713878521875 0.43601114531249996 0.7168722140625
0 0.43034050781250005 0.3893692046875 0.4028805875 0.4389082125 0.40242492343749997 0.44256358125000006 0.4787806578125 0.47651408125000005 0.4809325078125 0.4760320359375 0.48711932812500003 0.46997071406249996 0.5008315046875 0.4423999625 0.5005556578125 0.4366642734375 0.451467375 0.39828862656249997 0.43034050781250005 0.3893692046875
0 0.348022025 0.39677576875 0.3795058359375 0.4153440875 0.397272340625 0.4229591078125 0.4042191234375 0.42346010312500004 0.41066045000000007 0.41977296875 0.42392407656250003 0.3969780859375 0.4246200203125 0.39345590625 0.42171531875 0.388496134375 0.38062385781249997 0.3651604859375 0.3628644671875 0.358665965625 0.3590413265625 0.359896434375 0.3538369671875 0.3698520125 0.3470182234375 0.3895200125 0.34608911249999996 0.39402950312499996 0.348022025 0.39677576875
0 0.41244479375000004 0.2482540359375 0.4197334265625 0.22717166562500002 0.41611855468750003 0.22349307343749997 0.34295048281249996 0.2013585359375 0.334629596875 0.21070315156250002 0.3272876109375 0.22338177343750001 0.327065115625 0.22604983281250002 0.3280440203125 0.229383840625 0.33981774531250003 0.2359101234375 0.40292250625000003 0.25693270468749996 0.40770321249999997 0.2556747453125 0.41244479375000004 0.2482540359375
0 0.3020791296875 0.28812573124999996 0.2881266734375 0.3155632953125 0.30830665 0.326190959375 0.36231633125 0.3477548390625 0.3666093625 0.3451100015625 0.3872434265625 0.31411849375 0.3872220859375 0.3107569953125 0.3704131453125 0.3031144828125 0.30829084687499997 0.285986159375 0.3020791296875 0.28812573124999996
0 0.29439448437500004 0.473122425 0.3059548109375 0.44603371718749996 0.30473206875000003 0.44200627031249995 0.2564571 0.4185966890625 0.2372773703125 0.41466452968749995 0.23225638437499999 0.41578930156249994 0.22916830781250003 0.41966033593749996 0.21732502343750001 0.43989285625 0.21950532812499998 0.4438928125 0.24209166093749998 0.4564126203125 0.2730593453125 0.4691120609375 0.2874583703125 0.47430217968750005 0.29439448437500004 0.473122425
0 0.20405585781250002 0.499531040625 0.1903847875 0.49586099062500005 0.1779364578125 0.4962183875 0.161609653125 0.5268060546875 0.1616274359375 0.5296073046875 0.2341529140625 0.563667771875 0.23750972343750001 0.564411925 0.24012790781249999 0.561955259375 0.2576383296875 0.5292322890625 0.25641203125 0.5246445937499999 0.20405585781250002 0.499531040625
0 0.2856705234375 0.30582765312500004 0.30273239531249996 0.27788055312500004 0.23483270312500001 0.2558749328125 0.23245124062500003 0.25790453750000003 0.21897223124999998 0.2844879796875 0.22930427656250002 0.29021512656250004 0.2792078546875 0.3061532859375 0.2856705234375 0.30582765312500004
0 0.284766309375 0.31425889375 0.23578117187499997 0.2921304921875 0.21254513125000002 0.2904161125 0.2065772515625 0.293249125 0.18883010625000002 0.32639915468749997 0.18908105625 0.32821309374999996 0.26614340468750003 0.36032216250000004 0.284766309375 0.31425889375
0 0.1852508015625 0.3283230625 0.1641753 0.3652109375 0.1627691875 0.3700143 0.22879998750000002 0.3993581515625 0.23551360468750002 0.40084645781250006 0.2395699140625 0.3986286796875 0.257560896875 0.3661720890625 0.2517230390625 0.35177054375 0.19745885000000002 0.327832475 0.1852508015625 0.3283230625
0 0.190506121875 0.439542134375 0.209689409375 0.44403454218749994 0.21351255156249999 0.442804075 0.21612717812499999 0.43978715937499996 0.2336340453125 0.40650394062500006 0.23409326406250003 0.4034088203125 0.182705325 0.379948525 0.1647127671875 0.3744413140625 0.15993561875 0.376259525 0.145961821875 0.40033558906250005 0.14171146875 0.409703425 0.1419695328125 0.4126378640625 0.1590436515625 0.42433531562500004 0.190506121875 0.439542134375
0 0.1209920453125 0.4272489359375 0.10512801875 0.45530173281249997 0.1709612203125 0.49123539374999997 0.18078780781249998 0.49277441250000004 0.1879535328125 0.490047096875 0.206841615625 0.4480387671875 0.206350384375 0.4460916390625 0.13911106875 0.414961340625 0.1283447 0.41625106250000005 0.1209920453125 0.4272489359375
0 0.153715975 0.5280133015625 0.168389271875 0.5009753078125 0.1683465921875 0.49425230937500003 0.10470080781249999 0.4634391015625 0.100874109375 0.46410931875 0.0833494609375 0.49459128906250005 0.0814627859375 0.499128271875 0.0822014109375 0.502329090625 0.08990460156249999 0.5088321515625001 0.1302325421875 0.5250452328125 0.1479812609375 0.529859003125 0.153715975 0.5280133015625
0 0.059630879687500006 0.5300140828125001 0.051342003125 0.544400946875 0.053038190625 0.5475742718750001 0.12269809062499999 0.582837715625 0.1279558 0.581285884375 0.1494691796875 0.5379413890625 0.0939680234375 0.5077348734375 0.0810142375 0.5039041421875 0.07529019375 0.50743059375 0.059630879687500006 0.5300140828125001
0 0.0645858640625 0.556208365625 0.0487451578125 0.5502191109375001 0.04444856875 0.5523036984374999 0.026454029687500002 0.5842000406250001 0.0241116921875 0.5923923921875 0.0903898875 0.6229899343749999 0.09997263906250001 0.6238355140625 0.1170025015625 0.590846165625 0.11601648281250002 0.5863916578125 0.10686449687499999 0.5779689593749999 0.0645858640625 0.556208365625
0 0 0.6457418671874999 0.035128604687499995 0.6682839609375 0.0519411015625 0.6764867234375 0.06318803125 0.6754633796875 0.0873195953125 0.62966221875 0.01738740625 0.5892233390625 0.011896528125 0.5917624796875 0 0.6106775609375 0 0.6457418671874999
0 0.1228506734375 0.3428626015625 0.10849788593750001 0.34495573125 0.0731442890625 0.3957019859375 0.0451540140625 0.437131115625 0.032858621875 0.46157925625 0.055688790625 0.47479250312500004 0.0637942953125 0.469236446875 0.0723412375 0.45778402187499995 0.10220751406249999 0.41013715937499995 0.13630636093749998 0.3503212109375 0.1228506734375 0.3428626015625
0 0 0.55062276875 0.0357186609375 0.49721958125 0.0404531296875 0.488678371875 0.04185213125 0.48275451093750005 0.021406978125 0.46807190781249997 0.005454034375 0.482118459375 0 0.49082844843749995 0 0.55062276875