0 1 0.482756353125 0.9538788953124999 0.47906380625 0.9509700578125001 0.521757896875 1 0.5265348796875 1 0.482756353125
0 0.9440510124999999 0.454188171875 0.9493854046875001 0.41517704218749996 0.8729743734375001 0.40986794531250004 0.865746728125 0.451404815625 0.9440510124999999 0.454188171875
0 0.9483183296875 0.49981611875 0.955169240625 0.45514526718750004 0.873831265625 0.457615109375 0.8665989125 0.4991507171875 0.9483183296875 0.49981611875
0 0.9460155203125 0.548738665625 0.9546859609375 0.5015223203125 0.87349718125 0.5009991031250001 0.8703782703125 0.5423694375 0.9460155203125 0.548738665625
0 0.9418680484375 0.5981779484375 0.9495274796875 0.5547347515625 0.8693245812500001 0.548409628125 0.8590665625 0.5891345125 0.9418680484375 0.5981779484375
0 0.9329699843749999 0.6483663375 0.9430047109374999 0.6045485875 0.861134515625 0.5917106421875 0.8536880484375 0.64286399375 0.9329699843749999 0.6483663375
0 0.92455229375 0.6946393953125 0.934612153125 0.652850403125 0.8514781906250001 0.6447288921875 0.8427871328125001 0.68385161875 0.92455229375 0.6946393953125
0 0.9251805484375 0.7453583312500001 0.9364539125 0.6947953890624999 0.8519807937499999 0.6853040390625 0.84050899375 0.7348027984375001 0.9251805484375 0.7453583312500001
0 0.9171161328125 0.79880313125 0.9283894953124999 0.7482401890625 0.8446997656249999 0.7379477375 0.8326722921874999 0.7852755796875 0.9171161328125 0.79880313125
0 0.9069794328125 0.8557367125 0.91878343125 0.8053159546875 0.8355489484374999 0.7890794125 0.8227629375 0.8392370421875001 0.9069794328125 0.8557367125
0 0.899748665625 0.9124379250000001 0.9120079109375 0.8560730765625 0.82318175625 0.8373272406250001 0.8122188328125001 0.8910064 0.899748665625 0.9124379250000001
0 0.8904553249999999 0.9746525421875001 0.9029673218750001 0.9173444078124999 0.8181158 0.8986525593750001 0.803812903125 0.9544698109375 0.8904553249999999 0.9746525421875001
0 0.8090557921875 0.9558746390625 0.823412453125 0.89804976875 0.7349349859375 0.880408375 0.720995325 0.9343009312499999 0.8090557921875 0.9558746390625
0 0.8098937968750001 0.8954384687499999 0.8227339375 0.84327331875 0.7359499171875 0.834173778125 0.7234754953125 0.878348825 0.8098937968750001 0.8954384687499999
0 0.82192541875 0.8420456656249999 0.829812471875 0.7956304234375 0.7505488890625001 0.7794468703125 0.7368965328125 0.830383375 0.82192541875 0.8420456656249999
0 0.8281451734375 0.7891176015625 0.840757690625 0.739924496875 0.7583969515625 0.7249330859375 0.7462498453124999 0.774250896875 0.8281451734375 0.7891176015625
0 0.8412129359374999 0.7339804078125 0.8520310546875001 0.6893615546875 0.7694175640625 0.67531343125 0.7557036765625 0.72623345 0.8412129359374999 0.7339804078125
0 0.8427574874999999 0.6878877218749999 0.853272590625 0.6401546406249999 0.7767338859375 0.6307672875 0.7651323796875 0.67618724375 0.8427574874999999 0.6878877218749999
0 0.851124915625 0.6375571484375 0.8639901875 0.5874207578124999 0.7811997953125001 0.5804023171875 0.776936378125 0.6257664859375 0.851124915625 0.6375571484375
0 0.858961709375 0.58708439375 0.8702350734375001 0.5365214515625001 0.7877322671875 0.536657153125 0.7787373734374999 0.5787315015625001 0.858961709375 0.58708439375
0 0.8590917125 0.533535596875 0.8642487437499999 0.5015540265625 0.78962085 0.49166766093750003 0.777877803125 0.530983621875 0.8590917125 0.533535596875
0 0.690980578125 0.49657845 0.679631825 0.54105511875 0.762841178125 0.555262903125 0.7720927015625 0.51224630625 0.690980578125 0.49657845
0 0.750809740625 0.6086557546875 0.7627140765625 0.5663499765625 0.681854890625 0.5497388828124999 0.67017799375 0.5890725671875 0.750809740625 0.6086557546875
0 0.7350634796875 0.6610532234375001 0.751365321875 0.610826646875 0.67000063125 0.5961021265625 0.6556117375 0.6478522890625 0.7350634796875 0.6610532234375001
0 0.7245986359375001 0.7128438187499999 0.7396115828125 0.6653049203125 0.661152825 0.6503480296874999 0.6469154265625 0.693039678125 0.7245986359375001 0.7128438187499999
0 0.71653440625 0.7662886703125 0.7304858953125 0.718465353125 0.6472013359375001 0.6981713468749999 0.6339826078125 0.7411359453124999 0.71653440625 0.7662886703125
0 0.6994238609375001 0.81528754375 0.716003584375 0.7661464359375 0.6325791125 0.745814940625 0.6203843906250001 0.7961310046875 0.6994238609375001 0.81528754375
0 0.6906765765625 0.8776484765625 0.7069784171875 0.8274219 0.6241742343750001 0.8032125625000001 0.609372325 0.8518190203125 0.6906765765625 0.8776484765625
0 0.6762445265625 0.929387075 0.690171071875 0.8795350515625 0.6073667031250001 0.8553256640625 0.5941230265625 0.8962615546875 0.6762445265625 0.929387075
0 0.6833226 0.5187907859374999 0.6975772859375 0.47408174687500004 0.613310653125 0.4575686421875 0.5974851953125 0.5059008421875 0.6833226 0.5187907859374999
0 0.6731313906249999 0.5716657140625 0.6857690390625 0.5245013671875001 0.603877959375 0.5096358015625 0.5883120374999999 0.552982484375 0.6731313906249999 0.5716657140625
0 0.6590529843749999 0.630576153125 0.672726775 0.581667415625 0.5878540015625 0.5609478484375 0.5749149296875 0.6029763703125 0.6590529843749999 0.630576153125
0 0.6486171484375001 0.6843965453124999 0.66011425625 0.6308605203125001 0.577890415625 0.6108507328125 0.5626545562499999 0.6613629390625 0.6486171484375001 0.6843965453124999
0 0.6351961109375 0.732361996875 0.647328253125 0.6870842234375 0.5584843968750001 0.66631161875 0.546630434375 0.7106529187499999 0.6351961109375 0.732361996875
0 0.618970121875 0.7886749703125 0.6342102281249999 0.7381639015625 0.5453915015625 0.7194200546875 0.5327040546874999 0.7625270109375 0.618970121875 0.7886749703125
0 0.604916015625 0.84961394375 0.6224816203125 0.79467093125 0.5333807625 0.7748404765625 0.519681840625 0.8217204562499999 0.604916015625 0.84961394375
0 0.59255625 0.8978637609375 0.6060275468749999 0.8539558250000001 0.5183971953125 0.824409271875 0.50709678125 0.8709209187500001 0.59255625 0.8978637609375
0 0.7198702703125 0.7580834046875 0.7461493234375001 0.7661358671875 0.7771393328125 0.6207658078125 0.75142260625 0.6108419953124999 0.7198702703125 0.7580834046875
0 0.7219901375 0.7626954687499999 0.6801870640625001 0.9274104390625 0.7091439671875001 0.938202453125 0.7506974265624999 0.7703875640625 0.7219901375 0.7626954687499999
0 0.5858838734375 0.551320846875 0.5983190281249999 0.5091573015625 0.5156381031249999 0.4910470625 0.5016132484375 0.536828696875 0.5858838734375 0.551320846875
0 0.576455171875 0.6013670531249999 0.5909123515625 0.5516572125 0.5111898296875 0.5414167578125 0.497440646875 0.5842392234375 0.576455171875 0.6013670531249999
0 0.5596729546875 0.6555089609375 0.5730437312500001 0.603485996875 0.4885203546875 0.5899371328125 0.4740380453125 0.637618215625 0.5596729546875 0.6555089609375
0 0.54769159375 0.7129592796875001 0.5612899921875 0.65796426875 0.4767414859375 0.6423866484375 0.46235526875 0.694137528125 0.54769159375 0.7129592796875001
0 0.5324761546875 0.76549898125 0.545291165625 0.7113050750000001 0.45884773437500004 0.6921866750000001 0.4452693015625 0.7451650109375 0.5324761546875 0.76549898125
0 0.51515886875 0.8194975187500001 0.5298983640625 0.7708743359375 0.443960440625 0.7498693624999999 0.4294724109375 0.793504865625 0.51515886875 0.8194975187500001
0 0.5038607453124999 0.8680318015624999 0.5144301734375001 0.8243573234375001 0.4279549703125 0.7991643390625 0.41368179375 0.8458904484374999 0.5038607453124999 0.8680318015624999
0 0.4304107703125 0.7664589765625001 0.44252221562500005 0.719153634375 0.3625274625 0.7058072 0.34932839375 0.7528211140625001 0.4304107703125 0.7664589765625001
0 0.36871275468750003 0.9137109703125 0.40638434375 0.769120221875 0.37805813593750004 0.766585296875 0.3420360484375 0.9116180281249999 0.36871275468750003 0.9137109703125
0 0.3121681921875 0.9127140671875 0.3328168046875 0.9142027984375 0.3665308609375 0.775628715625 0.34717520468749996 0.7714533953125 0.3121681921875 0.9127140671875
0 0.2993036203125 0.642359875 0.28772724375 0.6898085890625001 0.362699171875 0.7007981484375 0.3772127265625 0.6531254375 0.2993036203125 0.642359875
0 0.3476610953125 0.7463082921875 0.36034900468750003 0.703201459375 0.2842404140625 0.685841259375 0.2721259421875 0.7311237671875 0.3476610953125 0.7463082921875
0 0.33009548906249997 0.801251303125 0.3463722 0.74899596875 0.2711183265625 0.73691985 0.25476144375 0.78106560625 0.33009548906249997 0.801251303125
0 0.3230882828125 0.8549793828125001 0.334643590625 0.8055030000000001 0.2590656375 0.7882849828125 0.2427637953125 0.8385115609374999 0.3230882828125 0.8549793828125001
0 0.304490596875 0.9116678734375 0.3223340875 0.85781033125 0.245189353125 0.842194521875 0.229408565625 0.8905386921874999 0.304490596875 0.9116678734375
0 0.383598128125 0.1690451859375 0.3781392453125 0.16606596406250002 0.2601785359375 0.13395298125 0.25691823281250004 0.1376289390625 0.2514209875 0.152837653125 0.2332863578125 0.2045951609375 0.2325533203125 0.209453803125 0.3552905859375 0.242846659375 0.3596501796875 0.2424982921875 0.3622533765625 0.23915176875 0.3829155375 0.1779613921875 0.383598128125 0.1690451859375
0 0.3361312515625 0.3185938828125 0.3417927078125 0.30595669999999997 0.3512454578125 0.2791702109375 0.35642689375000003 0.2598328296875 0.3563638375 0.2547608734375 0.354329465625 0.2506772234375 0.3474047734375 0.246799734375 0.2307582734375 0.21402788125 0.2282562296875 0.21487397812500003 0.225931009375 0.21930599687500002 0.2102101421875 0.26311666875 0.20246334375 0.288843746875 0.20423235 0.2928562921875 0.3308110921875 0.3267729640625 0.3361312515625 0.3185938828125
0 0.29929323124999996 0.40830783750000005 0.3035138375 0.40741672187500005 0.314962859375 0.3922862640625 0.33247821875 0.343901365625 0.33207413125 0.332671959375 0.3285739515625 0.32769004218750003 0.2017298453125 0.293702265625 0.1954872171875 0.302139678125 0.17770649375 0.350453471875 0.1725124453125 0.36877646249999996 0.173775946875 0.3746755828125 0.17778163281249998 0.3777709265625 0.2498343296875 0.39758289375 0.29929323124999996 0.40830783750000005
0 0.1435979671875 0.44696486249999995 0.14107043749999998 0.45639773281249996 0.14429264375 0.4602941546875 0.275647940625 0.4954907015625 0.280361440625 0.4916986203125 0.2889673890625 0.471256809375 0.302793134375 0.41328968125000004 0.170869275 0.374907753125 0.16864520624999998 0.376839346875 0.1435979671875 0.44696486249999995
0 0.276658503125 0.5023330578125 0.2754328359375 0.4994771125 0.1428644828125 0.46243901093749995 0.1393262046875 0.46502947343749995 0.11894228437500001 0.516689790625 0.10912301718749999 0.5459056 0.112762184375 0.551430265625 0.248363309375 0.587764478125 0.253076809375 0.583972396875 0.2592185484375 0.56741985625 0.26659882968750004 0.5441220999999999 0.276658503125 0.5023330578125
0 0.227169075 0.680659159375 0.2480083203125 0.6124391499999999 0.2499294546875 0.5967777265625 0.2487037875 0.5939217796875 0.11336802500000001 0.557658671875 0.10886944531250001 0.5574642921875 0.10549537812500001 0.5626262859375 0.07799653906250001 0.6376554640625 0.0766063984375 0.6428435421875001 0.0777056890625 0.64617113125 0.216225821875 0.6832874890625 0.223908771875 0.6843351171875 0.227169075 0.680659159375
0 0.19812832656249998 0.76993485625 0.22087583125000002 0.6956545859375 0.21920797812499998 0.689141615625 0.20113798593749999 0.6822777515625 0.08519903749999999 0.653234028125 0.0803465484375 0.6564833609375 0.0686445078125 0.683172659375 0.0510532171875 0.736086765625 0.051508014062499996 0.74075818125 0.09610181875 0.7537180671875 0.1897375609375 0.7757746531249999 0.19541136406249998 0.7747674140624999 0.19812832656249998 0.76993485625
0 0.1058009234375 0.160325421875 0.1102109609375 0.1640346171875 0.1379730515625 0.17400097812499998 0.200068284375 0.19063934531249999 0.23068632500000003 0.19631589375 0.2347805546875 0.195896421875 0.23844520781249998 0.192834315625 0.261495646875 0.1322838765625 0.25924661875 0.12157113281250001 0.24940292187500002 0.1169114984375 0.1983013890625 0.10170236562499999 0.1315938109375 0.086355653125 0.1284346625 0.0875311859375 0.1249468296875 0.0941792140625 0.11268857343750001 0.1293130765625 0.1045626453125 0.156455084375 0.1058009234375 0.160325421875
0 0.202441840625 0.27518932500000004 0.20659938906250003 0.269226253125 0.21914823125 0.23619227656250003 0.2263516921875 0.2093086 0.2251767328125 0.19989466250000001 0.22114582343750003 0.1947705375 0.097675521875 0.16623632187499998 0.09114230625 0.1725738484375 0.0884379546875 0.178420796875 0.0667776578125 0.23378315624999998 0.069115228125 0.240981084375 0.0752564390625 0.24565965156249997 0.197462975 0.27891030156249996 0.202441840625 0.27518932500000004
0 0.1959212359375 0.28254124062499997 0.1950746984375 0.2782703640625 0.1910816234375 0.2761894109375 0.0609267703125 0.2418200296875 0.0581719734375 0.24360941406249997 0.047758920312499994 0.26761105937499996 0.035374289062499994 0.303216565625 0.030306618749999997 0.3210679125 0.0376356625 0.3255592546875 0.16725978749999998 0.359786428125 0.17439966406250001 0.349061903125 0.19367168125 0.2930596046875 0.1959212359375 0.28254124062499997