0 0.1796875 0.25078125 0.1125 0.1125
0 0.14140625 0.3453125 0.121875 0.1234375
0 0.3109375 0.19140625 0.10625 0.109375
0 0.19375 0.4796875 0.121875 0.128125
0 0.2328125 0.378125 0.115625 0.1203125
0 0.259375 0.0734375 0.109375 0.109375
0 0.22109375 0.159375 0.1078125 0.10625
0 0.271875 0.28359375 0.1125 0.1140625
0 0.34453125 0.10390625 0.1 0.1078125
0 0.09921875 0.44609375 0.1203125 0.125
0 0.15234375 0.584375 0.128125 0.1359375
0 0.1375 0.13046875 0.096875 0.10625
0 0.10859375 0.696875 0.128125 0.134375
0 0.171875 0.04921875 0.10625 0.0984375
0 0.1 0.221875 0.0890625 0.10625
0 0.05859375 0.55078125 0.1171875 0.1328125
0 0.06171875 0.32109375 0.0828125 0.1078125
0 0.03515625 0.66328125 0.0703125 0.1328125
0 0.03203125 0.42109375 0.0640625 0.1078125
0 0.63203125 0.653125 0.5515625 0.58125
0 0.01171875 0.52734375 0.0234375 0.1140625