0 0.838138765625 0.5298353828125 0.8391745890625 0.532921803125 0.8323540656249999 0.6265432328125 0.979283578125 0.6286008140625 0.9885390562499999 0.5298353828125 0.838138765625 0.5298353828125
0 0.83223014375 0.64094649375 0.8277264328125 0.7335390875 0.9688712468749999 0.7314815046875001 0.9781267234375 0.6347736546875 0.83223014375 0.64094649375
0 0.8235495890625 0.7335390875 0.81847095625 0.83436219375 0.9607728359375001 0.82818935625 0.9688712468749999 0.7355967625 0.8235495890625 0.7335390875
0 0.816157034375 0.83230451875 0.81660514375 0.8384773578125 0.8126862562499999 0.9207819484374999 0.9480465812500001 0.916666784375 0.952674425 0.8302470312500001 0.816157034375 0.83230451875
0 0.42109375 0.5015625 0.08359375 0.21796875
0 0.42734375 0.6890625 0.078125 0.1359375
0 0.43046875 0.82421875 0.07890625 0.13671875
0 0.34140625 0.6765625 0.0796875 0.1484375
0 0.34609375 0.81796875 0.07734375 0.13125
0 0.1071716484375 0.2692901640625 0.10854760781249999 0.2746913515625 0.1132455359375 0.406635796875 0.231252 0.408179053125 0.2286489171875 0.2692901640625 0.1071716484375 0.2692901640625
0 0.12026635781249999 0.41589505625 0.12539323125 0.5362654265625 0.2373258078125 0.5362654265625 0.230384278125 0.41589505625 0.12026635781249999 0.41589505625
0 0.125474690625 0.5501543140625 0.12973175625 0.66589505625 0.24513505625 0.6643518687500001 0.2433996953125 0.548611128125 0.125474690625 0.5501543140625
0 0.130683025 0.6751543140625 0.1358055640625 0.7862654265625 0.25207666562500003 0.7862654265625 0.24773814062500002 0.6674383125000001 0.130683025 0.6751543140625
0 0.13927636875 0.7970679421875 0.1397976078125 0.8001543140624999 0.1410117296875 0.9020061671875 0.25207666562500003 0.8973765374999999 0.24947358125000002 0.7893519390625 0.13927636875 0.7970679421875
0 0.0117252921875 0.8109568312500001 0.014797607812499999 0.814043203125 0.024740709375 0.9220679421875 0.1340702015625 0.9174383125000001 0.13320248125 0.7986111984375001 0.0117252921875 0.8109568312500001
0 0.005651406249999999 0.6875000171875 0.0069851078124999995 0.69135801875 0.016931459375 0.79398156875 0.13059939843749999 0.7893519390625 0.1262609515625 0.676697571875 0.005651406249999999 0.6875000171875