0 0.659375 0.63828125 0.1515625 0.115625
0 0.50546875 0.70859375 0.153125 0.1171875
0 0.64921875 0.734375 0.1625 0.121875
0 0.48984375 0.80703125 0.15625 0.1171875
0 0.55234375 0.43828125 0.146875 0.1078125
0 0.5359375 0.52578125 0.15 0.1078125
0 0.43359375 0.25390625 0.1515625 0.1046875
0 0.56796875 0.3546875 0.1453125 0.103125
0 0.4203125 0.33671875 0.1484375 0.1078125
0 0.5890625 0.1984375 0.1359375 0.096875
0 0.46875 0.10078125 0.1359375 0.096875
0 0.44921875 0.1765625 0.1390625 0.096875
0 0.63359375 0.83125 0.1546875 0.1203125
0 0.390625 0.509375 0.1484375 0.109375
0 0.403125 0.41875 0.153125 0.1109375
0 0.5203125 0.61796875 0.15 0.1109375
0 0.85625 0.4078125 0.1375 0.103125
0 0.33125 0.78984375 0.159375 0.1171875
0 0.5765625 0.275 0.140625 0.0984375
0 0.25546875 0.4796875 0.1546875 0.1125
0 0.35078125 0.69296875 0.159375 0.11875
0 0.84765625 0.4953125 0.1421875 0.1046875
0 0.48359375 0.03671875 0.1328125 0.0734375
0 0.8625 0.3265625 0.1375 0.1015625
0 0.37265625 0.59921875 0.153125 0.1109375
0 0.20859375 0.6671875 0.153125 0.1140625
0 0.23203125 0.571875 0.15 0.1078125
0 0.1875 0.76484375 0.15625 0.11875
0 0.95703125 0.35625 0.0859375 0.09375
0 0.95390625 0.43828125 0.0921875 0.0953125
0 0.83515625 0.58203125 0.1515625 0.1125
0 0.79921875 0.865625 0.1578125 0.121875
0 0.8109375 0.76953125 0.15 0.1125
0 0.95859375 0.27890625 0.0828125 0.0984375
0 0.9515625 0.521875 0.096875 0.09375
0 0.82578125 0.6765625 0.1484375 0.1140625
0 0.90390625 0.88359375 0.0859375 0.1015625
0 0.04296875 0.52734375 0.0859375 0.0703125
0 0.046875 0.471875 0.09375 0.075
0 0.9453125 0.60390625 0.1 0.09375
0 0.040625 0.5796875 0.08125 0.071875
0 0.0625 0.41640625 0.103125 0.06875
0 0.91875 0.7875 0.0890625 0.096875
0 0.93359375 0.69296875 0.09375 0.0984375
0 0.03984375 0.31953125 0.0359375 0.046875
0 0.0265625 0.696875 0.053125 0.075
0 0.03515625 0.634375 0.0703125 0.071875
0 0.08828125 0.36875 0.0921875 0.0625
0 0.03125 0.36484375 0.03125 0.0453125
0 0.0484375 0.28046875 0.0375 0.0453125
0 0.01796875 0.75859375 0.0359375 0.0734375
0 0.10625 0.32734375 0.08125 0.0453125
0 0.05859375 0.23046875 0.04375 0.0546875