0 0.746875 0.2296875 0.0828125 0.1296875
0 0.76484375 0.365625 0.0890625 0.140625
0 0.78359375 0.5015625 0.0859375 0.13125
0 0.7984375 0.62890625 0.0859375 0.125
0 0.81484375 0.75546875 0.078125 0.125
0 0.8859375 0.74765625 0.0828125 0.121875
0 0.87109375 0.62109375 0.0859375 0.1296875
0 0.85390625 0.49140625 0.0859375 0.1328125
0 0.83671875 0.359375 0.0875 0.134375
0 0.92421875 0.47734375 0.078125 0.1328125
0 0.93984375 0.60859375 0.0875 0.13125
0 0.95625 0.73359375 0.0796875 0.11875
0 0.63671875 0.38125 0.0890625 0.140625
0 0.65703125 0.51640625 0.0859375 0.134375
0 0.6734375 0.646875 0.0796875 0.125
0 0.69453125 0.77890625 0.0875 0.134375
0 0.62578125 0.79375 0.08125 0.1328125
0 0.603125 0.66015625 0.0875 0.134375
0 0.584375 0.53203125 0.090625 0.1296875
0 0.465625 0.5390625 0.13125 0.2515625
0 0.50625 0.77578125 0.1265625 0.240625
0 0.3734375 0.61015625 0.121875 0.1546875
0 0.39921875 0.74921875 0.121875 0.146875
0 0.27421875 0.84609375 0.1109375 0.1953125
0 0.184375 0.8578125 0.1125 0.19375
0 0.14453125 0.6703125 0.1140625 0.2
0 0.12890625 0.5484375 0.0828125 0.0515625
0 0.08984375 0.8765625 0.1046875 0.16875
0 0.0453125 0.6796875 0.08125 0.234375
0 0.4296875 0.284375 0.065625 0.1015625
0 0.4875 0.27265625 0.071875 0.103125