0 0.16484375 0.23125 0.13046875 0.07109375
0 0.15234375 0.31640625 0.1328125 0.0796875
0 0.1421875 0.40234375 0.1375 0.07109375
0 0.1328125 0.49453125 0.1359375 0.084375
0 0.12578125 0.59140625 0.140625 0.09296875
0 0.115625 0.6921875 0.14296875 0.09375
0 0.109375 0.79453125 0.1515625 0.08359375
0 0.30078125 0.246875 0.12265625 0.07265625
0 0.29375 0.3328125 0.13046875 0.07734375
0 0.28828125 0.41796875 0.125 0.078125
0 0.28203125 0.5078125 0.134375 0.071875
0 0.28203125 0.60390625 0.13671875 0.0875
0 0.27890625 0.70078125 0.14453125 0.09609375
0 0.2765625 0.79921875 0.14296875 0.07421875
0 0.45390625 0.70546875 0.0796875 0.046875
0 0.45078125 0.76015625 0.07578125 0.0484375
0 0.44921875 0.81484375 0.078125 0.04609375
0 0.45390625 0.86796875 0.07734375 0.040625
0 0.4546875 0.91796875 0.07421875 0.05234375
0 0.5296875 0.75703125 0.075 0.0484375
0 0.5078125 0.87265625 0.0234375 0.1421875
0 0.62578125 0.49453125 0.075 0.0453125
0 0.6296875 0.559375 0.071875 0.046875
0 0.625 0.61328125 0.07421875 0.0484375
0 0.62265625 0.66640625 0.07734375 0.0515625
0 0.6265625 0.72578125 0.07890625 0.053125
0 0.62265625 0.78828125 0.071875 0.046875
0 0.6234375 0.83671875 0.08125 0.04765625
0 0.7109375 0.45 0.07734375 0.03828125
0 0.71015625 0.503125 0.0734375 0.03828125
0 0.71328125 0.55546875 0.0734375 0.05078125
0 0.7109375 0.615625 0.078125 0.05234375
0 0.71171875 0.671875 0.07421875 0.0484375
0 0.71484375 0.73125 0.08203125 0.05390625
0 0.71171875 0.78203125 0.07890625 0.04765625
0 0.7171875 0.840625 0.07109375 0.04375
0 0.78984375 0.46171875 0.0734375 0.04296875
0 0.79453125 0.51328125 0.07578125 0.04453125
0 0.7953125 0.56875 0.07890625 0.04140625
0 0.796875 0.61953125 0.08203125 0.040625
0 0.79921875 0.67265625 0.084375 0.040625
0 0.80625 0.7296875 0.090625 0.0515625
0 0.809375 0.79296875 0.09765625 0.0546875
0 0.809375 0.84609375 0.08828125 0.0359375