0 0.42265625 0.4578125 0.1984375 0.20625
0 0.57421875 0.50546875 0.1921875 0.2015625
0 0.3796875 0.6 0.1828125 0.1796875
0 0.52109375 0.65234375 0.1765625 0.184375
0 0.478125 0.79921875 0.1796875 0.178125
0 0.3359375 0.74375 0.175 0.171875
0 0.65546875 0.83515625 0.16875 0.16875
0 0.19140625 0.69453125 0.1890625 0.175
0 0.8880902015625001 0.8248043718750001 0.9361063875 0.6962413296875 0.7998170890625 0.64975725625 0.7520646625 0.7806361749999999 0.8880902015625001 0.8248043718750001
0 0.8457015859375 0.9705736343750001 0.8915966234375 0.8323287828125 0.749307709375 0.7991504640625 0.71148023125 0.9205049375 0.8457015859375 0.9705736343750001
0 1 0.46748976875 0.8735233718750001 0.420550921875 0.7987970546875001 0.63490448125 0.9489502203125 0.6898442171875 1 0.5521508296875 1 0.46748976875
0 0.7624761109375 0.5708903671875001 0.80103925 0.4613754265625 0.6879348640625 0.42190480625 0.6546918171875 0.5340660265625 0.7624761109375 0.5708903671875001
0 0.7234504265624999 0.700911621875 0.768089625 0.5738971484375 0.6489048859375 0.5387491734375 0.6116832671875 0.6628695984374999 0.7234504265624999 0.700911621875
0 0 0.7091200828125 0.0990763703125 0.7345645484375 0.12971753125000002 0.6058513609375 0 0.5726029453125 0 0.7091200828125
0 0 0.5596789578125 0.1312185421875 0.5985674171875 0.16204715 0.4763638296875 0.024564325 0.4227167875 0 0.5293022359374999 0 0.5596789578125
0 0.20984786249999998 0.3128920375 0.246435459375 0.1576062265625 0.0977534921875 0.1263448796875 0.065856490625 0.2662884421875 0.20984786249999998 0.3128920375
0 0.20641314843749997 0.3170037734375 0.05608659218749999 0.2697538765625 0.0336833625 0.4122992265625 0.1690321390625 0.4630136546875 0.20641314843749997 0.3170037734375