0 0.69296875 0.55859375 0.1609375 0.09609375
0 0.6890625 0.6625 0.15859375 0.09921875
0 0.6828125 0.76328125 0.153125 0.0953125
0 0.67890625 0.85546875 0.1484375 0.09296875
0 0.86015625 0.44921875 0.1546875 0.09609375
0 0.8546875 0.559375 0.1546875 0.10390625
0 0.84765625 0.659375 0.14453125 0.08671875
0 0.8390625 0.76015625 0.15 0.09609375
0 0.83203125 0.85390625 0.1484375 0.0890625
0 0.64375 0.39453125 0.11640625 0.075
0 0.21015625 0.50703125 0.08203125 0.15
0 0.22109375 0.6609375 0.07890625 0.1359375
0 0.22578125 0.80078125 0.07109375 0.13203125
0 0.1663015125 0.5851851859375 0.1683844828125 0.571296296875 0.0944661453125 0.58055555625 0.1012086734375 0.715740740625 0.17879933750000002 0.7148148140624999 0.1720296828125 0.5888888890625 0.1663015125 0.5851851859375
0 0.180361565625 0.7185185187500001 0.1058953578125 0.722222221875 0.1142578125 0.8546296296874999 0.1137064984375 0.85555555625 0.1860897359375 0.85555555625 0.180361565625 0.7185185187500001
0 0 0.8768065953124999 0.05173811406249999 0.8740740734375001 0.0470703125 0.7611111109375 0 0.7611111109375 0 0.8768065953124999
0 0 0.7600666796875 0.0460099453125 0.753703703125 0.0371744796875 0.6361111109375 0 0.6423609796874999 0 0.7600666796875
0 0 0.6351239468750001 0.040281775 0.6333333328124999 0.0288411453125 0.5129629625 0 0.5129629625 0 0.6351239468750001
0 0 0.5129032265625 0.0257161453125 0.5083333328124999 0.01841058125 0.38148148125 0 0.37980273124999997 0 0.5129032265625
0 1 0.2713462796875 0.9541852437499999 0.272222221875 0.9533203125 0.2759259265625 0.9474155874999999 0.3796296296875 1 0.3760677375 1 0.2713462796875
0 1 0.3852878140625 0.9448118734375001 0.3888888890625 0.9408203125 0.4888888890625 1 0.4853117328125 1 0.3852878140625
0 1 0.48989544843750005 0.9406459328125001 0.49444444374999996 0.9349177624999999 0.590740740625 1 0.58436236875 1 0.48989544843750005
0 1 0.5908702515625001 0.933355534375 0.5990740734375 0.9250236515625 0.6898148140625 1 0.6826086265625 1 0.5908702515625001
0 1 0.6865929671875 0.9234614234375 0.6944444437499999 0.916171025 0.7851851859375001 1 0.7779141984375 1 0.6865929671875
0 1 0.7807240265625001 0.9151295390625 0.7898148140625 0.9080078125 0.875 1 0.8667608937500001 1 0.7807240265625001