0 0.57421875 0.0984375 0.2234375 0.196875
0 0.634375 0.25625 0.2109375 0.2109375
0 0.6890625 0.41796875 0.20625 0.2125
0 0.36484375 0.16953125 0.1765625 0.1875
0 0.4203125 0.31171875 0.1671875 0.18125
0 0.4671875 0.440625 0.1734375 0.1859375
0 0.51875 0.5796875 0.1515625 0.16875
0 0.56328125 0.69140625 0.1421875 0.140625
0 0.609375 0.8171875 0.146875 0.153125
0 0.2390625 0.2125 0.178125 0.1859375
0 0.30078125 0.35859375 0.1609375 0.1703125
0 0.3546875 0.48828125 0.1609375 0.1671875
0 0.403125 0.61484375 0.1578125 0.165625
0 0.4515625 0.7359375 0.15625 0.153125
0 0.50234375 0.85859375 0.1421875 0.1484375
0 0.1265625 0.26953125 0.1640625 0.18125
0 0.17578125 0.39765625 0.1640625 0.16875
0 0.234375 0.525 0.1734375 0.178125
0 0.28671875 0.65234375 0.1625 0.165625
0 0.34296875 0.78125 0.1546875 0.1671875
0 0.39375 0.90078125 0.1484375 0.15
0 0.7831868171874999 0.4630079046875 0.6478677765625 0.5308147578125 0.6460531296875 0.5298915234375 0.6975234046875001 0.6756680046875 0.840711134375 0.6167377765625 0.7831868171874999 0.4630079046875
0 0.8802869484375 0.746953925 0.84094765 0.619290725 0.6997360265625 0.6745847421875 0.74310675625 0.798290596875 0.8802869484375 0.746953925
0 0.640287821875 0 0.694471784375 0.1427960546875 0.845939571875 0.08994049531250001 0.8195147046875 0 0.640287821875 0
0 0.8881165203125001 0.24823974999999998 0.8448800140625 0.0929909609375 0.691250709375 0.13896345000000002 0.7389124171875 0.28568549062500004 0.8881165203125001 0.24823974999999998
0 0.9402813859375 0.40931439999999997 0.8872319828125 0.2459354515625 0.7379356828125 0.289648925 0.7959113390625 0.455479678125 0.9402813859375 0.40931439999999997
0 0.935066309375 0.407350671875 0.7936170046875 0.4669354515625 0.84607065 0.6093928703125 0.9747955312500001 0.5573362796875 0.935066309375 0.407350671875
0 1 0.6540191937500001 0.9752071671874999 0.554534428125 0.8504703671874999 0.61672325 0.886355846875 0.7472680328125 1 0.702438971875 1 0.6540191937500001
0 0.251268303125 0.795415665625 0.1711671984375 0.6080517765625 0.10334856875000001 0.6324241875000001 0.188057496875 0.8302550796875 0.251268303125 0.795415665625