0 0.640625 0.43515625 0.2140625 0.2203125
0 0.7890625 0.3546875 0.2234375 0.2265625
0 0.8484375 0.5046875 0.2 0.2015625
0 0.9109375 0.6453125 0.178125 0.2
0 0.78125 0.71875 0.1984375 0.19375
0 0.70546875 0.57578125 0.221875 0.21875
0 0.628125 0.784375 0.20625 0.203125
0 0.52578125 0.5796875 0.1953125 0.2
0 0.48671875 0.86171875 0.2125 0.2125
0 0.40859375 0.73203125 0.209375 0.1984375
0 0.3328125 0.5921875 0.228125 0.21875
0 0.25390625 0.440625 0.2375 0.2375
0 0.15546875 0.27890625 0.2484375 0.25
0 0.33203125 0.9140625 0.2046875 0.171875
0 0.2484375 0.79453125 0.2140625 0.2171875
0 0.1703125 0.6546875 0.2140625 0.215625
0 0.1 0.51171875 0.2 0.2328125
0 0.059375 0.36484375 0.11875 0.2421875