0 0.39140625 0.52109375 0.084375 0.053125
0 0.5703125 0.7703125 0.08671875 0.0578125
0 0.39140625 0.6234375 0.0859375 0.0546875
0 0.390625 0.675 0.084375 0.05234375
0 0.39140625 0.57265625 0.08359375 0.05078125
0 0.659375 0.7828125 0.08828125 0.05546875
0 0.56953125 0.71640625 0.0859375 0.05234375
0 0.659375 0.721875 0.08671875 0.05703125
0 0.65390625 0.66796875 0.0859375 0.05390625
0 0.38984375 0.7296875 0.0828125 0.05546875
0 0.65234375 0.61875 0.08671875 0.053125
0 0.38671875 0.84296875 0.0796875 0.05703125
0 0.56640625 0.55625 0.0859375 0.05078125
0 0.56796875 0.66328125 0.08359375 0.0484375
0 0.64765625 0.5140625 0.0828125 0.04921875
0 0.0765625 0.61171875 0.0859375 0.0546875
0 0.16484375 0.67109375 0.09140625 0.05390625
0 0.18203125 0.44921875 0.08828125 0.05234375
0 0.6328125 0.36796875 0.08203125 0.0453125
0 0.65078125 0.5671875 0.0828125 0.0515625
0 0.39140625 0.471875 0.0796875 0.05234375
0 0.6625 0.84140625 0.08515625 0.0578125
0 0.38984375 0.78125 0.08203125 0.05234375
0 0.06875 0.66875 0.0859375 0.053125
0 0.5734375 0.83203125 0.08359375 0.05390625
0 0.6421875 0.46171875 0.0859375 0.05078125
0 0.63046875 0.31875 0.07734375 0.05
0 0.6375 0.4125 0.084375 0.0421875
0 0.56640625 0.609375 0.0875 0.0515625
0 0.2671875 0.4640625 0.084375 0.05546875
0 0.8453125 0.321875 0.0703125 0.05
0 0.790625 0.634375 0.08046875 0.04921875
0 0.0859375 0.50078125 0.08203125 0.05
0 0.478125 0.51328125 0.0796875 0.04765625
0 0.171875 0.5609375 0.090625 0.053125
0 0.79609375 0.68359375 0.09140625 0.05390625
0 0.78359375 0.584375 0.0796875 0.05
0 0.56328125 0.50234375 0.08203125 0.046875
0 0.1703125 0.6171875 0.0921875 0.0578125
0 0.06875 0.72421875 0.0875 0.05625
0 0.47109375 0.415625 0.08046875 0.0515625
0 0.46171875 0.325 0.08125 0.04921875
0 0.08359375 0.55546875 0.08203125 0.0484375
0 0.78125 0.5359375 0.07578125 0.04921875
0 0.5484375 0.3703125 0.07421875 0.04375
0 0.26484375 0.51640625 0.084375 0.05078125
0 0.90390625 0.7671875 0.08984375 0.05625
0 0.47890625 0.56328125 0.0796875 0.0453125
0 0.4765625 0.778125 0.09140625 0.05390625
0 0.90390625 0.82734375 0.09296875 0.05703125
0 0.97265625 0.71171875 0.0546875 0.053125
0 0.17890625 0.5015625 0.08671875 0.05546875
0 0.39296875 0.4265625 0.07109375 0.04296875
0 0.478125 0.61328125 0.08203125 0.05
0 0.9 0.71484375 0.09375 0.0546875
0 0.81484375 0.83984375 0.0796875 0.0359375
0 0.478125 0.7203125 0.0859375 0.053125
0 0.47265625 0.46328125 0.0796875 0.046875
0 0.465625 0.3671875 0.0796875 0.0453125
0 0.47890625 0.66484375 0.08359375 0.046875
0 0.26171875 0.5734375 0.08359375 0.0546875
0 0.55859375 0.453125 0.08203125 0.04921875
0 0.88984375 0.65859375 0.0875 0.05390625
0 0.9734375 0.76796875 0.053125 0.0578125
0 0.05859375 0.83984375 0.09375 0.05625
0 0.16015625 0.7296875 0.090625 0.059375
0 0.5546875 0.41171875 0.0796875 0.03828125
0 0.15390625 0.8421875 0.09453125 0.06328125
0 0.25234375 0.73359375 0.084375 0.0578125
0 0.84375 0.36875 0.06953125 0.04140625
0 0.8671875 0.55078125 0.08515625 0.05546875
0 0.76953125 0.40625 0.078125 0.0546875
0 0.2484375 0.7921875 0.08671875 0.05546875
0 0.84765625 0.41015625 0.06953125 0.04453125
0 0.06640625 0.78671875 0.08671875 0.04375
0 0.8125 0.7671875 0.07265625 0.03359375
0 0.25546875 0.68125 0.0828125 0.04765625
0 0.8640625 0.4984375 0.0859375 0.05390625
0 0.88125 0.60546875 0.08984375 0.05234375
0 0.15625 0.7828125 0.090625 0.04765625
0 0.96875 0.65546875 0.06171875 0.05
0 0.25859375 0.62734375 0.08671875 0.05
0 0.24375 0.853125 0.084375 0.06015625
0 0.95703125 0.54921875 0.08359375 0.05546875
0 0.77734375 0.490625 0.07421875 0.0453125
0 0.81171875 0.7296875 0.071875 0.0375
0 0.96171875 0.60390625 0.07578125 0.0515625
0 0.81484375 0.8015625 0.0703125 0.0359375
0 0.77578125 0.45234375 0.07421875 0.0390625
0 0.97578125 0.82578125 0.0484375 0.05546875
0 0.95390625 0.49296875 0.0859375 0.05390625
0 0.48046875 0.8375 0.10703125 0.05078125
0 0.8578125 0.45390625 0.0796875 0.046875
0 0.0109375 0.75390625 0.02109375 0.05703125
0 0.91015625 0.40859375 0.06640625 0.03671875
0 0.31484375 0.61796875 0.0328125 0.15703125
0 0.31015625 0.77734375 0.0421875 0.15390625
0 0.91484375 0.44375 0.06640625 0.040625