0 0.1921875 0.7390625 0.1671875 0.115625
0 0.32890625 0.53203125 0.1484375 0.103125
0 0.35 0.7234375 0.1625 0.115625
0 0.1828125 0.6375 0.1625 0.1125
0 0.31328125 0.359375 0.1421875 0.0984375
0 0.3390625 0.628125 0.15 0.1109375
0 0.36171875 0.82265625 0.1640625 0.1140625
0 0.32265625 0.44296875 0.15 0.1015625
0 0.30703125 0.27265625 0.140625 0.09375
0 0.175 0.4484375 0.146875 0.1015625
0 0.17734375 0.5390625 0.1546875 0.1078125
0 0.17265625 0.36328125 0.1453125 0.096875
0 0.1703125 0.27890625 0.140625 0.0953125
0 0.55078125 0.915625 0.0828125 0.0625
0 0.69921875 0.6984375 0.0953125 0.0703125
0 0.534375 0.809375 0.0875 0.0609375
0 0.54296875 0.86328125 0.0859375 0.0609375
0 0.5203125 0.70546875 0.0828125 0.0609375
0 0.80859375 0.80078125 0.0921875 0.065625
0 0.19921875 0.84453125 0.171875 0.1203125
0 0.6890625 0.6421875 0.0890625 0.065625
0 0.79765625 0.73984375 0.0890625 0.0640625
0 0.5265625 0.75703125 0.0828125 0.0578125
0 0.684375 0.5875 0.090625 0.0640625
0 0.60703125 0.740625 0.084375 0.0640625
0 0.71953125 0.81171875 0.103125 0.06875
0 0.6671875 0.48203125 0.084375 0.059375
0 0.77109375 0.5796875 0.090625 0.0625
0 0.78671875 0.68671875 0.0921875 0.065625
0 0.71015625 0.75234375 0.096875 0.0625
0 0.678125 0.53203125 0.090625 0.065625
0 0.88828125 0.73515625 0.1 0.0671875
0 0.76171875 0.525 0.090625 0.06875
0 0.7765625 0.63125 0.0890625 0.0640625
0 0.73671875 0.41640625 0.0875 0.0625
0 0.8265625 0.41796875 0.090625 0.0640625
0 0.7453125 0.46796875 0.0875 0.0609375
0 0.89609375 0.796875 0.0953125 0.06875
0 0.87421875 0.678125 0.1015625 0.0671875
0 0.834375 0.46953125 0.0921875 0.0609375
0 0.86171875 0.625 0.1 0.065625
0 0.84453125 0.52421875 0.0921875 0.0625
0 0.8546875 0.5765625 0.0921875 0.0625
0 0.59921875 0.85859375 0.0421875 0.146875
0 0.9046875 0.37265625 0.0890625 0.0578125
0 0.96796875 0.60859375 0.0640625 0.0546875
0 0.9609375 0.55390625 0.078125 0.0640625
0 0.975 0.659375 0.05 0.059375
0 0.6265625 0.84921875 0.0515625 0.1609375
0 0.96953125 0.35703125 0.0359375 0.0515625
0 0.95 0.51015625 0.0859375 0.059375
0 0.93515625 0.4578125 0.0859375 0.0625
0 0.9796875 0.7078125 0.040625 0.059375
0 0.92109375 0.4140625 0.0859375 0.05625
0 0.978125 0.39921875 0.03125 0.0515625
0 0.9140625 0.565625 0.05625 0.16875
0 0.98984375 0.45390625 0.0203125 0.0609375
0 0.9390625 0.2671875 0.0703125 0.0578125
0 0.990625 0.76953125 0.01875 0.0703125
0 0.99296875 0.4984375 0.0140625 0.05625
0 0.9578125 0.31171875 0.046875 0.05
0 0.9901526031250001 0.8186743218749999 0.95277048125 0.65135008125 0.9238756234375 0.6529455890625 0.9548607890625 0.8113072656250001 0.9901526031250001 0.8186743218749999