0 0.521875 0.115625 0.2140625 0.23125
0 0.6921875 0.0984375 0.209375 0.196875
0 0.72578125 0.23984375 0.2078125 0.21875
0 0.5671875 0.29296875 0.2015625 0.196875
0 0.60390625 0.45546875 0.1984375 0.20625
0 0.765625 0.4234375 0.1828125 0.1953125
0 0.64375 0.61953125 0.1890625 0.196875
0 0.79921875 0.578125 0.178125 0.184375
0 0.6890625 0.78125 0.196875 0.2015625
0 0.83671875 0.73984375 0.1765625 0.1921875
0 0.17109375 0.2109375 0.1640625 0.178125
0 0.3 0.1828125 0.1625 0.171875
0 0.34140625 0.32890625 0.1578125 0.1703125
0 0.21796875 0.36015625 0.1609375 0.1625
0 0.2625 0.496875 0.1546875 0.1578125
0 0.3828125 0.47109375 0.14375 0.15625
0 0.41640625 0.60625 0.140625 0.14375
0 0.4484375 0.725 0.1453125 0.15
0 0.48359375 0.85078125 0.1375 0.1390625
0 0.29453125 0.62890625 0.1546875 0.1578125
0 0.33359375 0.7609375 0.140625 0.1359375
0 0.371875 0.8796875 0.15 0.140625
0 0 0.282212046875 0.01970906875 0.3396304984375 0.128456665625 0.3002705859375 0.08798972499999999 0.1680198171875 0 0.1832741640625 0 0.282212046875
0 0.1681581140625 0.440392340625 0.13270402812499998 0.3080758890625 0.022615328125 0.347795053125 0.060719749999999996 0.4819566078125 0.1681581140625 0.440392340625
0 0.21366968281249998 0.570013846875 0.17243720468749998 0.44563388281250005 0.0554150546875 0.4817284 0.10358097031249999 0.6097329671875 0.21366968281249998 0.570013846875
0 0.21363804687500002 0.5725775343749999 0.10125015156249999 0.609079903125 0.1468884421875 0.72844651875 0.2490921203125 0.704893940625 0.21363804687500002 0.5725775343749999
0 0.2937721828125 0.8206844 0.254136634375 0.7022646625 0.14899757656249998 0.7470457453125 0.1814160265625 0.8546230546875 0.2937721828125 0.8206844
0 0.3331542328125 0.9596141328125001 0.290963425 0.8316580390625001 0.1836176984375 0.8595699 0.22769316874999998 0.9763738953125 0.3331542328125 0.9596141328125001