0 0.5328125 0.08046875 0.0890625 0.090625
0 0.63203125 0.16640625 0.0890625 0.096875
0 0.6546875 0.25703125 0.0890625 0.0953125
0 0.6765625 0.35 0.0921875 0.1015625
0 0.696875 0.45390625 0.0953125 0.10625
0 0.7203125 0.55234375 0.1 0.109375
0 0.74140625 0.6578125 0.0984375 0.1125
0 0.76484375 0.765625 0.1046875 0.1140625
0 0.67109375 0.7796875 0.1109375 0.11875
0 0.65 0.67265625 0.10625 0.1140625
0 0.628125 0.565625 0.1015625 0.109375
0 0.60625 0.46484375 0.103125 0.109375
0 0.5875 0.3640625 0.0984375 0.103125
0 0.56953125 0.26875 0.0921875 0.09375
0 0.54921875 0.1796875 0.09375 0.1015625
0 0.4640625 0.1921875 0.0953125 0.0953125
0 0.48203125 0.2828125 0.09375 0.1
0 0.49765625 0.3796875 0.1 0.1046875
0 0.5171875 0.47734375 0.0984375 0.10625
0 0.53515625 0.58046875 0.10625 0.1125
0 0.5546875 0.6859375 0.109375 0.1171875
0 0.575 0.79765625 0.1125 0.121875
0 0.7484375 0.103125 0.0765625 0.084375
0 0.77109375 0.1875 0.078125 0.0875
0 0.7921875 0.2703125 0.0796875 0.090625
0 0.81640625 0.35546875 0.084375 0.0953125
0 0.84140625 0.44765625 0.0859375 0.103125
0 0.8671875 0.540625 0.0875 0.10625
0 0.890625 0.63671875 0.090625 0.1078125
0 0.91640625 0.74296875 0.0890625 0.10625
0 0.825 0.1078125 0.071875 0.0828125
0 0.85078125 0.18515625 0.075 0.0890625
0 0.87421875 0.26796875 0.0734375 0.0875
0 0.89765625 0.35703125 0.071875 0.0953125
0 0.92578125 0.44296875 0.084375 0.09375
0 0.953125 0.53984375 0.08125 0.1
0 0.96640625 0.63203125 0.0671875 0.1046875
0 0.89765625 0.0921875 0.0765625 0.0859375
0 0.92265625 0.16953125 0.075 0.0953125
0 0.97734375 0.7296875 0.0453125 0.103125