0 0 0.5023164875 0.055122373437500004 0.487896775 0.049530479687500004 0.4683089390625 0.0495272765625 0.47216281875000005 0 0.4857227984375 0 0.5023164875
0 0 0.52258913125 0.05871518906249999 0.5042048765625 0.05923861406249999 0.5040547859375 0.0558880328125 0.490566946875 0 0.505878046875 0 0.52258913125
0 0 0.5413908046875 0.06583173437499999 0.5233555234375 0.0663554203125 0.523205359375 0.059991289062499994 0.5086551609375001 0 0.5250800609375 0 0.5413908046875
0 0 0.5562321046875 0.0742046390625 0.54310915625 0.07294827968749999 0.542506171875 0.0670880953125 0.5239585078125 0 0.54148604375 0 0.5562321046875
0 0 0.5702704171875 0.00152613125 0.5755926703124999 0.079558371875 0.5560226015625 0.07393954999999999 0.54029545 0 0.5579411296875 0 0.5702704171875
0 0.079544515625 0.5579530546875 0.0022936671875 0.578269384375 0.006400521875 0.5925916906250001 0.08566408125 0.573536621875 0.079544515625 0.5579530546875
0 0.08614075156249999 0.5733999390625 0.0071289453125 0.595132003125 0.012230225 0.6129222828125 0.0922704484375 0.59090708125 0.08614075156249999 0.5733999390625
0 0.093502646875 0.5915169953125 0.0122342765625 0.6129364078124999 0.01583815625 0.6255046328125 0.0996229109375 0.6071003609375001 0.093502646875 0.5915169953125
0 0.098587303125 0.6054708359375 0.0163085234375 0.627145 0.0201731109375 0.6406224171875 0.1052181796875 0.6228342671875 0.098587303125 0.6054708359375
0 0.0211763703125 0.644121196875 0.025782103125 0.6601832953125 0.111554165625 0.641245496875 0.111323890625 0.6403482875 0.105693978125 0.622697834375 0.0211763703125 0.644121196875
0 0.029380828125 0.6727335421875 0.051330625 0.7259411359375 0.10392008593749999 0.716640790625 0.10311494843749999 0.70627601875 0.11655138281249999 0.6870113375 0.10259662812499999 0.649593471875 0.027297871875 0.6654694078125 0.029380828125 0.6727335421875
0 0.051850934375000005 0.7296449 0.0757132890625 0.788302815625 0.12729174062499998 0.7773658921875 0.10593223593750001 0.7179902968749999 0.051850934375000005 0.7296449
0 0.0974150390625 0.8360762515625 0.1463542671875 0.8287309734375 0.12830275156249998 0.7790024703125 0.07748008906250001 0.7906859125000001 0.0974150390625 0.8360762515625
0 0.162629115625 0.8741527281250001 0.18817792656250001 0.870679684375 0.1574246375 0.787990228125 0.161910028125 0.7828511015624999 0.14129644375 0.7222983765625 0.158933440625 0.6912335625 0.1036253890625 0.7080561328125 0.16365285000000002 0.8738591765624999 0.162629115625 0.8741527281250001
0 0.1675094421875 0.6040092953125 0.1646822859375 0.590371365625 0.188620821875 0.566168778125 0.1368901640625 0.40087638437499995 0.06071437187499999 0.429453275 0.1221733125 0.6102665390625 0.1675094421875 0.6040092953125
0 0.14788435312499998 0.44299614062500003 0.2084687484375 0.62405133125 0.430015396875 0.5691930125 0.37803981875 0.38952224687500003 0.14788435312499998 0.44299614062500003
0 0.44873526718749995 0.6514800359375 0.433637821875 0.5912720640625 0.3357319671875 0.6106769546875 0.3515654640625 0.667784146875 0.44873526718749995 0.6514800359375
0 0.22054164531249998 0.632148365625 0.24269641718749999 0.6999650843749999 0.3448225734375 0.6726073609375 0.3222472796875 0.6087641859375 0.22054164531249998 0.632148365625
0 0.26834531250000004 0.7648533984375 0.36768378749999997 0.731552346875 0.3649158484375 0.7294563203125 0.346834721875 0.673956865625 0.24723115624999997 0.704444209375 0.26834531250000004 0.7648533984375
0 0.26384018125 0.7661452234375 0.284198546875 0.825807890625 0.383291671875 0.793540434375 0.36646690625 0.7386439640625 0.26384018125 0.7661452234375
0 0.2811951265625 0.8266691078124999 0.29905064062500003 0.88704945625 0.3987056046875 0.8546208937499999 0.38179983125 0.7958946921875001 0.2811951265625 0.8266691078124999
0 0.2985599390625 0.8891166437500001 0.3136080375 0.9397063640625 0.41399700156249997 0.9157364921875001 0.398683815625 0.8623330640625 0.2985599390625 0.8891166437500001
0 0.142808025 0.7237914187500001 0.16116410781249998 0.78402823125 0.258052928125 0.7533560875 0.23867211875 0.697266071875 0.142808025 0.7237914187500001
0 0.182072390625 0.8531656140624999 0.2744226265625 0.8257213703125 0.2751685453125 0.824544240625 0.2558014515625 0.7626708515625 0.158926346875 0.7875596203125 0.182072390625 0.8531656140624999
0 0.20266623749999998 0.9098710390625 0.29553678125 0.8861305578125 0.294771121875 0.8834603875000001 0.27793648593750003 0.8266402671874999 0.18307353125 0.8528785421875 0.20266623749999998 0.9098710390625
0 0.2046783859375 0.9112205437500001 0.2199718328125 0.9607766703125 0.3118609765625 0.9411705640625 0.2953013 0.889087803125 0.2046783859375 0.9112205437500001
0 0.3516049421875 0.6754787484375 0.3699511578125 0.7337919109375 0.4645983703125 0.71435818125 0.45035505625 0.658721490625 0.449010225 0.6562173953125 0.3516049421875 0.6754787484375
0 0.13606112343750001 0.23928975000000002 0.1594821265625 0.3096331046875 0.2325653515625 0.28867682656250004 0.2117371171875 0.22336945 0.13606112343750001 0.23928975000000002
0 0.4804325546875 0.7752363718749999 0.4658646 0.7168848140625 0.370461596875 0.7355720234375 0.3853038203125 0.7948899390624999 0.4804325546875 0.7752363718749999
0 0.38632469999999997 0.79845016875 0.4016378859375 0.8518535953124999 0.49476365156249996 0.8290031718750001 0.4799609046875 0.777379859375 0.38632469999999997 0.79845016875
0 0.40063674687499995 0.8521406671875 0.41821730312499994 0.9077836578125 0.5090954359375 0.8865409734374999 0.4927811109375 0.83342461875 0.40063674687499995 0.8521406671875
0 0.41796875 0.1796875 0.215625 0.228125
0 0.465625 0.3578125 0.203125 0.196875
0 0.50234375 0.5171875 0.1953125 0.1875
0 0.53984375 0.6703125 0.190625 0.1859375
0 0.575 0.8109375 0.1796875 0.165625
0 0.7296875 0.77109375 0.175 0.178125
0 0.69453125 0.62734375 0.1859375 0.1734375
0 0.6625 0.47265625 0.1890625 0.184375
0 0.48543787656250004 0.0861293671875 0.5207667703125 0.2301174046875 0.6364280546875001 0.20273150625 0.6030162171875 0.06493644374999999 0.48543787656250004 0.0861293671875
0 0.634219903125 0.212033846875 0.52454571875 0.2338500109375 0.5562916671875 0.363453596875 0.6637182203124999 0.3432451703125 0.634219903125 0.212033846875