0 0.77109375 0.76484375 0.0703125 0.16015625
0 0.77890625 0.59140625 0.07109375 0.16484375
0 0.68359375 0.77421875 0.07890625 0.15859375
0 0.69140625 0.59765625 0.078125 0.159375
0 0.696875 0.4125 0.08359375 0.175
0 0.7875 0.4015625 0.084375 0.17421875
0 0.60234375 0.41015625 0.0890625 0.1875
0 0.59765625 0.5953125 0.078125 0.1734375
0 0.58828125 0.77421875 0.07734375 0.1640625
0 0.33984375 0.79453125 0.0875 0.1640625
0 0.9566274281249999 0.7083412250000001 0.8336387703125 0.7113641187499999 0.831371734375 0.8534387140625 0.94642550625 0.8534387140625 0.9566274281249999 0.7083412250000001
0 0.8425270296875 0.5513821078125 0.8370394109375001 0.7022955125 0.9526599843750001 0.7022955125 0.9645621406249999 0.5481294921875 0.8425270296875 0.5513821078125
0 0.881247221875 0.31637661875 0.8708773437499999 0.5387819687500001 0.9628619078125 0.5370455953125 0.9730636562500001 0.3113385125 0.881247221875 0.31637661875
0 0.20112608281250002 0.70531840625 0.20889750937499998 0.8764657109374999 0.297476590625 0.8816521421875001 0.288408271875 0.7093489078124999 0.20112608281250002 0.70531840625
0 0.327968828125 0.46066110312499997 0.39552733125 0.4604663875 0.3972276515625 0.30932318593749997 0.3246813703125 0.3113385125 0.327968828125 0.46066110312499997
0 0.565791415625 0.272846340625 0.565791415625 0.3076389140625 0.63940190625 0.3135694671875 0.6396242734375 0.273637084375 0.565791415625 0.272846340625
0 0.566236184375 0.220262109375 0.5669774015625 0.258869896875 0.6407362140624999 0.26375282968749997 0.6414033859375 0.22500658593749998 0.566236184375 0.220262109375
0 0.5689048703124999 0.1803297265625 0.5692022203125 0.216351159375 0.6431824984375 0.220262109375 0.642737728125 0.17914361875 0.5689048703124999 0.1803297265625
0 0.7490392359375 0.26177597812500003 0.7505248609375 0.2964445953125 0.82109305 0.3017083765625 0.822204990625 0.2661250609375 0.7490392359375 0.26177597812500003
0 0.74996865625 0.21931758281249997 0.7503735781249999 0.2570315328125 0.8208706484375 0.259008384375 0.82020344375 0.22105288281250002 0.74996865625 0.21931758281249997
0 0.0142856046875 0.8825044406250001 0.105226184375 0.8879641828124999 0.0964520875 0.734437378125 0.0022456859375 0.742647365625 0.0142856046875 0.8825044406250001