0 0.48359375 0.3921875 0.096875 0.0984375
0 0.4703125 0.490625 0.096875 0.103125
0 0.2359375 0.18359375 0.0921875 0.0921875
0 0.6765625 0.80859375 0.1453125 0.18125
0 0.38125 0.4765625 0.1 0.1046875
0 0.321875 0.278125 0.096875 0.0953125
0 0.23671875 0.78203125 0.1015625 0.1125
0 0.26875 0.56953125 0.0984375 0.1078125
0 0.14140625 0.6609375 0.1 0.109375
0 0.4578125 0.58984375 0.096875 0.1046875
0 0.44375 0.69453125 0.1 0.1078125
0 0.4921875 0.29765625 0.0953125 0.096875
0 0.809375 0.84140625 0.159375 0.15625
0 0.2890625 0.46640625 0.096875 0.1046875
0 0.834375 0.55390625 0.1453125 0.1453125
0 0.43125 0.80703125 0.1046875 0.1140625
0 0.6921875 0.6359375 0.15 0.16875
0 0.25703125 0.67578125 0.0984375 0.1078125
0 0.8234375 0.69453125 0.1546875 0.153125
0 0.30703125 0.37265625 0.103125 0.1015625
0 0.33359375 0.79765625 0.103125 0.1109375
0 0.3640625 0.57734375 0.096875 0.10625
0 0.4953125 0.203125 0.10625 0.0984375
0 0.109375 0.359375 0.0953125 0.096875
0 0.0890625 0.06640625 0.075 0.0875
0 0.40625 0.2890625 0.090625 0.09375
0 0.14921875 0.17890625 0.0921875 0.09375
0 0.34765625 0.6859375 0.1 0.109375
0 0.16796875 0.09453125 0.090625 0.0859375
0 0.33125 0.18828125 0.0875 0.0890625
0 0.22109375 0.27421875 0.0953125 0.09375
0 0.20234375 0.3671875 0.0921875 0.09375
0 0.06796875 0.55390625 0.1 0.1046875
0 0.07265625 0.15625 0.06875 0.0859375
0 0.25390625 0.10234375 0.0875 0.084375
0 0.04921875 0.6546875 0.0984375 0.109375
0 0.165625 0.55703125 0.0984375 0.10625
0 0.39453125 0.38125 0.0859375 0.09375
0 0.08984375 0.4515625 0.0953125 0.1
0 0.125 0.771875 0.0984375 0.1078125
0 0.03828125 0.7609375 0.0765625 0.10625
0 0.13046875 0.26875 0.0890625 0.0921875
0 0.05703125 0.24453125 0.0625 0.0859375
0 0.184375 0.45703125 0.09375 0.096875
0 0.384375 0.09765625 0.0828125 0.0921875
0 0.40859375 0.19609375 0.075 0.0921875
0 0.02265625 0.434375 0.0453125 0.096875
0 0.70390625 0.4765625 0.1359375 0.1640625
0 0.04140625 0.3359375 0.05625 0.09375
0 0.0125 0.5296875 0.025 0.08125