0 0.649550753125 0.86851851875 0.6703804625 0.303703703125 0.5438399828125 0.3009259265625 0.5422777546875001 0.8703703703125001 0.649550753125 0.86851851875
0 0.5422777546875001 0.5101851859375001 0.5434244796875001 0.3851851859375 0.4271936140625 0.3796296296875 0.42667287031249995 0.5074074078125 0.5422777546875001 0.5101851859375001
0 0.5392578125 0.6388888890625 0.5401947828125 0.5175925921875 0.42615212812500003 0.5148148140625 0.42615212812500003 0.6379629625 0.5392578125 0.6388888890625
0 0.5382161453125 0.7611111109375 0.5407155265625 0.646296296875 0.4271936140625 0.64444444375 0.42771435625 0.7601851859375001 0.5382161453125 0.7611111109375
0 0.42615212812500003 0.872222221875 0.5340494796875 0.872222221875 0.5360288421875 0.7666666671875 0.42771435625 0.765740740625 0.42615212812500003 0.872222221875
0 0.36328125 0.18515625 0.11953125 0.13359375
0 0.23984375 0.18515625 0.12265625 0.1296875
0 0.24453125 0.3234375 0.11796875 0.121875
0 0.36640625 0.32421875 0.115625 0.1203125
0 0.365625 0.4578125 0.115625 0.11953125
0 0.2484375 0.45859375 0.11640625 0.121875
0 0.25078125 0.584375 0.10859375 0.11875
0 0.25625 0.70546875 0.10625 0.1109375
0 0.36640625 0.5875 0.11484375 0.11953125
0 0.37109375 0.70625 0.1078125 0.10859375
0 0.37265625 0.82109375 0.1078125 0.1015625
0 0.259375 0.8203125 0.11015625 0.10390625
0 0.1511999734375 0.38703703749999996 0.14498697968750002 0.2546296296875 0.025700978125000003 0.26203703749999996 0.0345536046875 0.39074074062499997 0.1511999734375 0.38703703749999996
0 0.1600526 0.5240740734375 0.15384114531249998 0.4 0.0361158328125 0.3990740734375 0.0454892015625 0.5240740734375 0.1600526 0.5240740734375
0 0.1673429984375 0.6564814812499999 0.16165364531249998 0.5370370375 0.0460099453125 0.5361111109375 0.0533003421875 0.6546296296875 0.1673429984375 0.6564814812499999
0 0.066839653125 0.7759259265625 0.1751953125 0.7787037031249999 0.1683844828125 0.6648148140625 0.0553833140625 0.6648148140625 0.066839653125 0.7759259265625
0 0.1809244796875 0.8916666671875 0.17567488125 0.7870370375 0.06736039687499999 0.7851851859375001 0.07204708125 0.897222221875 0.1809244796875 0.8916666671875
0 0 0.8846802 0.00018458593750000002 0.89444444375 0.06790364531250001 0.8953703703125001 0.063715196875 0.7861111109375 0 0.7843128390625 0 0.8846802
0 0.06217447968749999 0.7787037031249999 0.05173811406249999 0.6638888890625 0.00018458593750000002 0.6648148140625 0.00018458593750000002 0.7796296296875 0.06217447968749999 0.7787037031249999
0 0 0.6490860234375 0.0517578125 0.6509259265625 0.0423647453125 0.5287037031249999 0.00018458593750000002 0.5333333328125 0 0.57435956875 0 0.6490860234375
0 0 0.52128154375 0.0418619796875 0.51944444375 0.0314291484375 0.3916666671875 0.00018458593750000002 0.396296296875 0 0.44060463125 0 0.52128154375
0 0.0283203125 0.38148148125 0.0126824109375 0.24907407343750002 0.000705328125 0.24907407343750002 0.000705328125 0.3861111109375 0.0283203125 0.38148148125
0 0 0.24350494218750002 0.022591145312499998 0.24259259218749998 0.0095579546875 0.1074074078125 0.00018458593750000002 0.10833333281249999 0 0.1562519765625 0 0.24350494218750002
0 1 0.5083333328124999 0.9705078125 0.5083333328124999 0.952623015625 0.684259259375 0.9994898593749999 0.6879629625 1 0.5119905109375 1 0.5083333328124999
0 0.9356119796875 0.8546296296874999 0.9994898593749999 0.8601851859374999 0.9994898593749999 0.6925925921875 0.9515815296874999 0.6879629625 0.9356119796875 0.8546296296874999