0 0.49765625 0.79609375 0.1421875 0.1671875
0 0.48359375 0.625 0.153125 0.178125
0 0.47578125 0.4171875 0.1203125 0.2546875
0 0.634375 0.78046875 0.14375 0.1734375
0 0.61953125 0.578125 0.1265625 0.240625
0 0.38125 0.78515625 0.1046875 0.1875
0 0.34609375 0.40546875 0.1078125 0.2
0 0.24609375 0.42890625 0.109375 0.2109375
0 0.2671875 0.61875 0.1046875 0.1875
0 0.28515625 0.796875 0.103125 0.1828125
0 0.18828125 0.79921875 0.10625 0.1796875
0 0.17421875 0.615625 0.1046875 0.1890625
0 0.153125 0.425 0.0984375 0.19375
0 0.7951334359375 0.859137253125 0.7914469234375 0.67363891875 0.708788309375 0.6845870625 0.7152870046875 0.8624062718750001 0.7951334359375 0.859137253125
0 0.7888345796875 0.6676734468750001 0.7787093109375001 0.4802610484375 0.6948264671875 0.48853166718749996 0.7006286015625001 0.663002425 0.7888345796875 0.6676734468750001
0 0.796608728125 0.8441423765625 0.8890099046875 0.8410134640625 0.8795915531249999 0.669643715625 0.7934752703125 0.68089426875 0.796608728125 0.8441423765625
0 0.9313938374999999 0.6006937125 0.92461823125 0.46749567187499996 0.8188128062500001 0.47148785000000004 0.8264993437499999 0.61234845625 0.9313938374999999 0.6006937125
0 0.3609375 0.60546875 0.10625 0.18125
0 0.32421875 0.28515625 0.0953125 0.0515625
0 0.3171875 0.22734375 0.0875 0.0453125
0 0.13828125 0.29765625 0.090625 0.0515625
0 0.13125 0.25546875 0.0859375 0.04375
0 0.12734375 0.20859375 0.0875 0.0359375