0 0.75625 0.29921875 0.190625 0.2171875
0 0.71328125 0.49296875 0.2 0.2203125
0 0.68515625 0.68671875 0.196875 0.21875
0 0.64765625 0.875 0.1953125 0.2046875
0 0.4890625 0.8421875 0.1984375 0.2140625
0 0.51796875 0.65703125 0.19375 0.2171875
0 0.5484375 0.46171875 0.1890625 0.1921875
0 0.5859375 0.278125 0.190625 0.21875
0 0.41328125 0.2453125 0.2046875 0.221875
0 0.38125 0.43984375 0.1984375 0.2140625
0 0.35234375 0.628125 0.1953125 0.2171875
0 0.32734375 0.81640625 0.19375 0.209375
0 0.15625 0.79140625 0.196875 0.203125
0 0.1875 0.5984375 0.2046875 0.228125
0 0.21328125 0.4078125 0.2109375 0.234375
0 0.246875 0.2109375 0.20625 0.2265625
0 0.10625 0.17578125 0.1453125 0.21875
0 0.075 0.38125 0.15 0.228125
0 0.05625 0.571875 0.1125 0.21875
0 0.04140625 0.765625 0.0828125 0.203125