0 0.66484375 0.13125 0.16640625 0.18515625
0 0.6625 0.315625 0.16953125 0.16640625
0 0.65078125 0.48671875 0.15625 0.16171875
0 0.64296875 0.646875 0.15546875 0.1484375
0 0.6390625 0.8015625 0.14765625 0.14375
0 0.79296875 0.8015625 0.1375 0.146875
0 0.79765625 0.65078125 0.146875 0.13828125
0 0.43125 0.14140625 0.128125 0.153125
0 0.434375 0.2953125 0.121875 0.13125
0 0.43359375 0.4390625 0.11875 0.134375
0 0.4328125 0.578125 0.11953125 0.1234375
0 0.43125 0.709375 0.1171875 0.1234375
0 0.43125 0.8375 0.11328125 0.11796875
0 0.31328125 0.8328125 0.11796875 0.11796875
0 0.31328125 0.70859375 0.11328125 0.12109375
0 0.3078125 0.5734375 0.11796875 0.1265625
0 0.3109375 0.43828125 0.11796875 0.13046875
0 0.3046875 0.290625 0.12421875 0.13671875
0 0.3015625 0.14140625 0.1265625 0.14609375
0 0.171875 0.140625 0.12421875 0.14296875
0 0.17734375 0.28984375 0.12265625 0.13671875
0 0.184375 0.434375 0.11484375 0.13203125
0 0.18671875 0.571875 0.12109375 0.1296875
0 0.19375 0.70390625 0.1125 0.1140625
0 0.1984375 0.83046875 0.11015625 0.1234375
0 0.1006879296875 0.6916666671875 0.093918275 0.490740740625 0.0173690953125 0.4879629625 0.0319498921875 0.6888888890625 0.1006879296875 0.6916666671875
0 0.0647566828125 0.8435185187500001 0.132973978125 0.8453703703125001 0.12412135312499999 0.6731481484375 0.10485387187499999 0.6898148140625 0.0585077703125 0.6925925921875 0.0647566828125 0.8435185187500001
0 0 0.8702807578125 0.0475721734375 0.86851851875 0.0387369796875 0.7518518515625 0 0.75015186875 0 0.8702807578125
0 0 0.7416148640625 0.0408203125 0.740740740625 0.03715731875 0.6916666671875 0.028825435937499998 0.690740740625 0.0236180078125 0.627777778125 0 0.625400709375 0 0.7416148640625
0 0 0.6218739234374999 0.02413875 0.61944444375 0.015286125000000001 0.49444444374999996 0 0.492114725 0 0.6218739234374999
0 0.758906725 0.046296296875 0.7495333546875 0.225 0.9166917671875 0.2398148140625 0.93179330625 0.061111110937500004 0.758906725 0.046296296875
0 0.90315245625 0.40648148125 0.9182539953125 0.24259259218749998 0.7526578109375001 0.23611111093749998 0.7438051859375 0.403703703125 0.90315245625 0.40648148125
0 0.8870094328125001 0.5759259265625001 0.9012369796874999 0.41111111093749997 0.7417222140625 0.41018518593750003 0.7339110734375 0.5722222218749999 0.8870094328125001 0.5759259265625001
0 1 0.048734171874999996 0.9604341562500001 0.04444444375 0.9392578125 0.234259259375 1 0.2395855734375 1 0.048734171874999996
0 1 0.24619990781249998 0.9429036453125 0.24444444375000002 0.9297103359375001 0.42129629687500003 1 0.42041614687499995 1 0.24619990781249998
0 1 0.4248339828125 0.9297103359375001 0.4203703703125 0.9156502812499999 0.5879629625 1 0.5906898921875 1 0.4248339828125
0 1 0.59438135 0.9099221125 0.5916666671875 0.8991536453125001 0.7453703703125 1 0.747175428125 1 0.59438135
0 1 0.7525549890625001 0.900028 0.747222221875 0.8897786453125001 0.8870370375000001 1 0.8888628359374999 1 0.7525549890625001