0 0.478125 0.39296875 0.09375 0.0953125
0 0.4703125 0.4921875 0.0921875 0.1
0 0.21953125 0.19765625 0.0890625 0.0875
0 0.69296875 0.79921875 0.1375 0.175
0 0.3796875 0.4828125 0.0953125 0.1
0 0.3109375 0.2875 0.0921875 0.0921875
0 0.2515625 0.7953125 0.096875 0.109375
0 0.27265625 0.58125 0.09375 0.103125
0 0.15 0.6796875 0.0953125 0.1046875
0 0.4625 0.59140625 0.09375 0.1015625
0 0.45390625 0.69765625 0.0953125 0.1046875
0 0.48125 0.2984375 0.090625 0.09375
0 0.8265625 0.825 0.153125 0.15
0 0.2875 0.47734375 0.0921875 0.1
0 0.83671875 0.53671875 0.1390625 0.1390625
0 0.446875 0.81015625 0.1 0.1109375
0 0.69921875 0.62578125 0.1421875 0.1625
0 0.26640625 0.68828125 0.09375 0.103125
0 0.83359375 0.67734375 0.1484375 0.146875
0 0.30078125 0.3828125 0.1 0.096875
0 0.34921875 0.80625 0.0984375 0.1078125
0 0.36796875 0.584375 0.0921875 0.103125
0 0.4796875 0.20390625 0.103125 0.09375
0 0.10234375 0.3796875 0.0921875 0.09375
0 0.0671875 0.0890625 0.071875 0.084375
0 0.3953125 0.29375 0.0859375 0.0890625
0 0.1328125 0.1984375 0.0890625 0.0890625
0 0.3578125 0.69375 0.0953125 0.1046875
0 0.14765625 0.1125 0.0859375 0.08125
0 0.315625 0.19765625 0.084375 0.0859375
0 0.209375 0.28984375 0.090625 0.090625
0 0.19609375 0.3828125 0.0875 0.0890625
0 0.07109375 0.5765625 0.0953125 0.1015625
0 0.05546875 0.17890625 0.0640625 0.0828125
0 0.23359375 0.115625 0.0828125 0.08125
0 0.0546875 0.678125 0.1 0.1046875
0 0.16875 0.57421875 0.09375 0.103125
0 0.38828125 0.38671875 0.08125 0.090625
0 0.08828125 0.4734375 0.090625 0.096875
0 0.13984375 0.790625 0.09375 0.1046875
0 0.04453125 0.784375 0.0890625 0.103125
0 0.11875 0.28828125 0.0859375 0.0875
0 0.04453125 0.26796875 0.0578125 0.084375
0 0.18203125 0.4734375 0.0890625 0.0921875
0 0.36328125 0.1046875 0.078125 0.0890625
0 0.39296875 0.2015625 0.071875 0.0890625
0 0.0203125 0.459375 0.040625 0.096875
0 0.70234375 0.465625 0.1296875 0.1578125
0 0.03359375 0.36015625 0.0515625 0.0921875
0 0.01328125 0.55546875 0.0265625 0.0796875
0 0.00546875 0.66171875 0.0109375 0.1078125