0 0.34375 0.434375 0.178125 0.2
0 0.4015625 0.61484375 0.1796875 0.2109375
0 0.459375 0.79453125 0.18125 0.20625
0 0.2640625 0.65625 0.1796875 0.2109375
0 0.315625 0.83984375 0.18125 0.2140625
0 0.44765625 0.23046875 0.1421875 0.1109375
0 0.47265625 0.3171875 0.15 0.115625
0 0.503125 0.39609375 0.15 0.1140625
0 0.53515625 0.478125 0.15625 0.121875
0 0.56875 0.5671875 0.1625 0.13125
0 0.60625 0.66875 0.16875 0.134375
0 0.64140625 0.7671875 0.178125 0.14375
0 0.58125 0.2015625 0.1453125 0.1140625
0 0.6109375 0.284375 0.1453125 0.1109375
0 0.6421875 0.3625 0.1546875 0.11875
0 0.67578125 0.44609375 0.15625 0.1234375
0 0.709375 0.53515625 0.15625 0.121875
0 0.75234375 0.621875 0.159375 0.1265625
0 0.7828125 0.71640625 0.15 0.1171875
0 0.9015625 0.57890625 0.0828125 0.0796875
0 0.91875 0.62890625 0.078125 0.05625
0 0.940625 0.67734375 0.078125 0.0625
0 0.96484375 0.725 0.0703125 0.05625
0 0.97265625 0.77578125 0.0546875 0.0640625
0 0.97578125 0.59375 0.0484375 0.06875