0 0.64296875 0.56875 0.1640625 0.109375
0 0.634375 0.671875 0.16875 0.1046875
0 0.621875 0.77265625 0.159375 0.0984375
0 0.61171875 0.8625 0.153125 0.090625
0 0.81953125 0.46953125 0.159375 0.1015625
0 0.80625 0.58203125 0.1609375 0.1109375
0 0.79375 0.6828125 0.15625 0.1015625
0 0.7796875 0.7796875 0.1546875 0.103125
0 0.76640625 0.8734375 0.1484375 0.0953125
0 0.61328125 0.40390625 0.13125 0.0796875
0 0.17265625 0.48359375 0.0890625 0.1453125
0 0.17421875 0.63671875 0.08125 0.140625
0 0.1703125 0.77578125 0.084375 0.121875
0 0.09296875 0.61796875 0.0796875 0.1296875
0 0.09296875 0.75390625 0.0765625 0.1234375
0 0.959375 0.359375 0.08125 0.096875
0 0.95078125 0.4671875 0.0984375 0.0875
0 0.94453125 0.57265625 0.1078125 0.0875
0 0.93515625 0.67265625 0.1125 0.08125
0 0.921875 0.76875 0.1265625 0.103125
0 0.9125 0.85625 0.13125 0.09375