0 0.56953125 0.0953125 0.0796875 0.08125
0 0.48203125 0.1953125 0.08671875 0.084375
0 0.4859375 0.2859375 0.0796875 0.09296875
0 0.4859375 0.38359375 0.084375 0.09296875
0 0.48984375 0.48359375 0.0859375 0.0984375
0 0.490625 0.5875 0.08984375 0.1
0 0.4921875 0.6953125 0.090625 0.10546875
0 0.4921875 0.80703125 0.0921875 0.11015625
0 0.590625 0.80390625 0.09296875 0.0953125
0 0.58671875 0.69765625 0.08984375 0.10234375
0 0.58359375 0.58828125 0.0890625 0.09453125
0 0.57890625 0.4828125 0.084375 0.09453125
0 0.57734375 0.384375 0.0828125 0.08671875
0 0.57421875 0.28671875 0.08203125 0.08515625
0 0.56953125 0.1921875 0.0859375 0.07890625
0 0.6546875 0.1953125 0.075 0.08203125
0 0.66015625 0.2890625 0.084375 0.084375
0 0.6671875 0.38359375 0.08046875 0.09375
0 0.6703125 0.4875 0.08125 0.0984375
0 0.678125 0.590625 0.08359375 0.096875
0 0.6828125 0.6953125 0.0859375 0.103125
0 0.6875 0.8046875 0.0890625 0.1015625
0 0.84140625 0.80546875 0.084375 0.10078125
0 0.83203125 0.696875 0.07890625 0.09375
0 0.82578125 0.59921875 0.07421875 0.08125
0 0.8140625 0.5046875 0.07265625 0.0890625
0 0.80703125 0.4109375 0.0703125 0.084375
0 0.7953125 0.3203125 0.07265625 0.0796875
0 0.7890625 0.2375 0.06875 0.07734375
0 0.78125 0.153125 0.06328125 0.07109375
0 0.85859375 0.16953125 0.0609375 0.06953125
0 0.87109375 0.24921875 0.06484375 0.078125
0 0.87734375 0.33515625 0.065625 0.0828125
0 0.8859375 0.42265625 0.0625 0.0875
0 0.89921875 0.51640625 0.06953125 0.0890625
0 0.9125 0.6140625 0.07265625 0.09296875
0 0.9203125 0.709375 0.0734375 0.08984375
0 0.9296875 0.80546875 0.08046875 0.0921875
0 0.9265625 0.1640625 0.0703125 0.0640625
0 0.94296875 0.24296875 0.06875 0.07734375
0 0.95234375 0.33125 0.06328125 0.0765625
0 0.96328125 0.4203125 0.0625 0.0890625
0 0.9734375 0.5078125 0.053125 0.0859375
0 0.97734375 0.6015625 0.0453125 0.096875
0 0.98515625 0.70625 0.0296875 0.0984375