0 0.5046875 0.1203125 0.1859375 0.1921875
0 0.43046875 0.2546875 0.1765625 0.18125
0 0.3703125 0.38359375 0.1765625 0.1796875
0 0.3109375 0.50546875 0.171875 0.175
0 0.24765625 0.62265625 0.1625 0.1625
0 0.1875 0.73515625 0.159375 0.1578125
0 0.54765625 0.3140625 0.175 0.1828125
0 0.48046875 0.44296875 0.16875 0.175
0 0.42109375 0.56015625 0.1609375 0.1609375
0 0.359375 0.66875 0.1515625 0.15
0 0.29609375 0.77734375 0.1578125 0.1578125
0 0.4953125 0.6328125 0.159375 0.209375
0 0.83359375 0.31328125 0.178125 0.18125
0 0.8502566234375 0.4144874703125 0.742481690625 0.352982359375 0.7427737375000001 0.35843755 0.6706365640625 0.4790149265625 0.7753758984375 0.5388372968749999 0.8502566234375 0.4144874703125
0 0.7019270375 0.649865390625 0.7715599640625 0.5331931921875 0.6674672734375 0.47549367187499997 0.5979466625 0.5904636390625 0.7019270375 0.649865390625
0 0.6966254703125 0.6486910906250001 0.5941950625 0.5954418875 0.59217739375 0.5952056390625 0.529810075 0.704436371875 0.63075491875 0.762155421875 0.6966254703125 0.6486910906250001
0 0.6262552375 0.7684834109375 0.5283567312499999 0.7142173828125 0.5259815515625 0.7173118609375 0.46692146093750003 0.81073149375 0.567107275 0.8680298859375 0.6262552375 0.7684834109375
0 0.5559711375 0.8719142874999999 0.45823314687499994 0.8191486953125 0.45725402031250006 0.8228406015624999 0.4055280875 0.9085038546875 0.5014791328125 0.9659250343749999 0.5559711375 0.8719142874999999
0 1 0.3267587609375 0.9296491015624999 0.286462946875 0.85762911875 0.40816391249999995 0.9705796015624999 0.47500803124999996 1 0.425934278125 1 0.3267587609375
0 0.8823894343750001 0.59974385625 0.9585230687499999 0.482440446875 0.8523988812500001 0.4193802046875 0.7761344296875 0.5394342187500001 0.8823894343750001 0.59974385625
0 0.8110783906249999 0.7140742343750001 0.8835865046875 0.597584284375 0.77236240625 0.5422837281249999 0.703010640625 0.6541713031249999 0.8110783906249999 0.7140742343750001
0 0.7342516703124999 0.816878 0.7990046734375 0.718674071875 0.6968281765625 0.659213596875 0.6352822140625001 0.7606067421875 0.7342516703124999 0.816878
0 0.6683703875 0.9285719718750001 0.7306691078124999 0.82477296875 0.6312492984375 0.7710751953125 0.5700080171875 0.8726372281250001 0.6683703875 0.9285719718750001
0 0.6192512 1 0.662923471875 0.9283757515625 0.5633468203125 0.8717680484375 0.5574973953125 0.88264105625 0.50824773125 0.9654422828125 0.559444378125 1 0.6192512 1
0 0.290704415625 0 0.251084046875 0.0860659484375 0.40163312500000004 0.1666936109375 0.45248245000000004 0.07066356562500001 0.32500200156250003 0 0.290704415625 0
0 0.351416740625 0.267309084375 0.3986319265625 0.17067619218750002 0.24932877343749998 0.093562275 0.20392043750000002 0.19119672031249998 0.351416740625 0.267309084375
0 0.3024661328125 0.377095475 0.3472785859375 0.2833653734375 0.1973627625 0.20450031875 0.156149690625 0.295990946875 0.3024661328125 0.377095475
0 0.1526056484375 0.3067303859375 0.10836175781249999 0.397952596875 0.2540538765625 0.47588793906250004 0.2982850203125 0.3860702546875 0.15743267656249998 0.30799452656250004 0.154414240625 0.30914449843749997 0.1526056484375 0.3067303859375
0 0.2516339890625 0.4759580984375 0.1059504625 0.39943904531249996 0.10508881562500001 0.40319607343749997 0.06352352812499999 0.4874337671875 0.20980563281250003 0.562873025 0.2516339890625 0.4759580984375
0 0.20560730781249997 0.56901514375 0.0629507546875 0.492762509375 0.05943390625 0.5070458062500001 0.024166609375000002 0.5827763296875 0.1607518953125 0.6556637375000001 0.20560730781249997 0.56901514375
0 0 0.6748794640625 0.1182905671875 0.7379931562500001 0.1589648421875 0.66031939375 0.018754059375 0.5882453937500001 0.0172905796875 0.59166881875 0 0.62813689375 0 0.6748794640625