0 0 0.4990652421875 0.17879933750000002 0.497222221875 0.1710286453125 0.3453703703125 0 0.34628613124999996 0 0.4990652421875
0 0 0.5161213859375 0.0095579546875 0.6546296296875 0.1860897359375 0.646296296875 0.1819661453125 0.502777778125 0 0.5036993640625 0 0.5161213859375
0 0.1793200796875 0.7861111109375 0.1746744796875 0.6583333328125 0.001226071875 0.6574074078125001 0.0111201828125 0.7953703703125 0.1793200796875 0.7861111109375
0 0.187131221875 0.928703703125 0.1793619796875 0.79444444375 0.010599440625000001 0.7981481484375 0.018736045312499998 0.9277777781250001 0.187131221875 0.928703703125
0 0.970849009375 0.60555555625 0.8158203125 0.6 0.80134725625 0.7768518515625 0.9583511843749999 0.7816116890625 0.970849009375 0.60555555625
0 0.8048828125 0.7824074078125001 0.7958794578124999 0.9481481484375 0.9390837046874999 0.9481481484375 0.9521022718750001 0.784259259375 0.8048828125 0.7824074078125001
0 1 0.60338609375 0.9757161453125001 0.6009259265625 0.9604341562500001 0.7805555562500001 1 0.7766032234375 1 0.60338609375
0 1 0.7839323546875 0.9611328125 0.7888888890625 0.9448118734375001 0.95 1 0.952676253125 1 0.7839323546875
0 0.76828009375 0.3731481484375 0.758906725 0.51851851875 0.8838849765625 0.5240740734375 0.8948205734375 0.372222221875 0.76828009375 0.3731481484375
0 0.7751953125 0.20833333281250002 0.7677593500000001 0.3620370375 0.8953413156250001 0.36944444375 0.9057561703125 0.209259259375 0.7751953125 0.20833333281250002
0 1 0.2101851859375 0.9116536453125 0.2101851859375 0.8995072578125001 0.36851851875 1 0.373960696875 1 0.2101851859375
0 1 0.37675247968750003 0.898986515625 0.3703703703125 0.8885716609375001 0.522222221875 1 0.5293300000000001 1 0.37675247968750003
0 0.578125 0.28671875 0.16640625 0.20546875
0 0.57578125 0.49140625 0.16796875 0.18515625
0 0.57109375 0.6859375 0.15546875 0.18203125
0 0.56875 0.86953125 0.15859375 0.1703125
0 0.41328125 0.82578125 0.1453125 0.16171875
0 0.41875 0.66640625 0.14609375 0.1390625
0 0.41875 0.421875 0.13984375 0.13828125
0 0.41953125 0.27109375 0.140625 0.15546875