0 0.55546875 0.77578125 0.26953125 0.31015625
0 0.55859375 0.56171875 0.25078125 0.11796875
0 0.79765625 0.12421875 0.2296875 0.0859375
0 0.80625 0.2109375 0.23125 0.07890625
0 0.8125 0.29609375 0.23515625 0.08359375
0 0.81328125 0.38671875 0.2328125 0.08359375
0 0.80859375 0.46953125 0.2296875 0.07890625
0 0.809375 0.55546875 0.2296875 0.08359375
0 0.80703125 0.64375 0.23515625 0.08828125
0 0.80625 0.72109375 0.23359375 0.08125
0 0.8125 0.80703125 0.23515625 0.0859375
0 0.80859375 0.8875 0.23671875 0.0765625