0 0.9453125 0.22890625 0.10703125 0.1203125
0 0.93828125 0.4859375 0.12109375 0.115625
0 0.94296875 0.3609375 0.10703125 0.1109375
0 0.9265625 0.60859375 0.1 0.1109375
0 0.91953125 0.725 0.1140625 0.1015625
0 0.90703125 0.83203125 0.103125 0.09296875
0 0.7890625 0.35859375 0.1109375 0.12109375
0 0.7890625 0.4890625 0.1140625 0.11875
0 0.78515625 0.61328125 0.11015625 0.109375
0 0.78203125 0.7359375 0.103125 0.109375
0 0.77734375 0.85234375 0.096875 0.1046875
0 0.67109375 0.8515625 0.1078125 0.096875
0 0.67109375 0.734375 0.109375 0.1109375
0 0.671875 0.61328125 0.10625 0.11328125
0 0.671875 0.48671875 0.109375 0.11953125
0 0.6703125 0.359375 0.11015625 0.1234375
0 0.67109375 0.22421875 0.109375 0.13515625
0 0.5546875 0.21953125 0.1140625 0.121875
0 0.553125 0.353125 0.11015625 0.12578125
0 0.559375 0.48203125 0.10546875 0.11953125
0 0.55859375 0.60390625 0.10703125 0.115625
0 0.56171875 0.72421875 0.10234375 0.1109375
0 0.5609375 0.84296875 0.10546875 0.10390625
0 0.4296875 0.8484375 0.09921875 0.10078125
0 0.42734375 0.7328125 0.10546875 0.1140625
0 0.4234375 0.61484375 0.10234375 0.11875
0 0.41953125 0.490625 0.1046875 0.11875
0 0.4125 0.36171875 0.09765625 0.11953125
0 0.3015625 0.35546875 0.1 0.128125
0 0.31015625 0.4859375 0.0984375 0.1203125
0 0.31484375 0.609375 0.0984375 0.11171875
0 0.3203125 0.72890625 0.09921875 0.10859375
0 0.32421875 0.84453125 0.09609375 0.0984375
0 0.190625 0.3609375 0.10390625 0.11796875
0 0.2 0.484375 0.09609375 0.11015625
0 0.2046875 0.6078125 0.103125 0.1140625
0 0.21328125 0.7265625 0.1 0.1
0 0.2203125 0.83203125 0.09921875 0.08828125
0 0.1890625 0.1609375 0.09609375 0.02578125
0 0.19140625 0.20078125 0.0953125 0.0265625
0 0.1921875 0.23671875 0.09296875 0.03515625
0 0.19296875 0.2734375 0.09609375 0.0296875
0 0.2875 0.2359375 0.09453125 0.0359375
0 0.28984375 0.27265625 0.0921875 0.03203125