0 0.221875 0.26640625 0.13828125 0.08359375
0 0.2390625 0.58671875 0.1359375 0.5484375
0 0.33515625 0.28046875 0.04609375 0.115625
0 0.37890625 0.27890625 0.04609375 0.10859375
0 0.35859375 0.39375 0.103125 0.1109375
0 0.3609375 0.509375 0.103125 0.10625
0 0.3609375 0.62265625 0.10546875 0.10625
0 0.36640625 0.7265625 0.1015625 0.096875
0 0.37109375 0.82890625 0.10078125 0.096875
0 0.4375 0.396875 0.03515625 0.053125
0 0.48046875 0.396875 0.04296875 0.04375
0 0.43671875 0.4515625 0.03828125 0.05546875
0 0.48125 0.45234375 0.04453125 0.04375
0 0.43359375 0.5078125 0.040625 0.053125
0 0.4796875 0.5046875 0.0390625 0.05078125
0 0.4359375 0.559375 0.03671875 0.04375
0 0.47578125 0.55546875 0.040625 0.04140625
0 0.4359375 0.6015625 0.0390625 0.06015625
0 0.48125 0.60546875 0.04453125 0.0484375
0 0.43828125 0.65703125 0.034375 0.05078125
0 0.484375 0.659375 0.04609375 0.05546875
0 0.44375 0.70859375 0.0390625 0.05546875
0 0.48359375 0.71171875 0.0390625 0.0390625
0 0.44140625 0.759375 0.03828125 0.03203125
0 0.4859375 0.76171875 0.04296875 0.03671875
0 0.44375 0.8046875 0.0421875 0.0484375
0 0.484375 0.80234375 0.03828125 0.0390625
0 0.44296875 0.8515625 0.040625 0.04140625
0 0.48671875 0.853125 0.0390625 0.0390625
0 0.55546875 0.70625 0.09921875 0.31015625
0 0.6515625 0.2734375 0.0890625 0.096875
0 0.65625 0.403125 0.0984375 0.096875
0 0.65703125 0.509375 0.1015625 0.09296875
0 0.659375 0.61328125 0.103125 0.096875
0 0.66171875 0.72890625 0.0953125 0.1015625
0 0.659375 0.8359375 0.09375 0.1015625
0 0.75703125 0.26953125 0.10078125 0.10859375
0 0.75703125 0.39375 0.0953125 0.1015625
0 0.76171875 0.503125 0.10234375 0.10859375
0 0.75859375 0.61484375 0.096875 0.10390625
0 0.759375 0.721875 0.0984375 0.1015625
0 0.75625 0.82734375 0.0890625 0.10390625
0 0.8578125 0.2625 0.09921875 0.10859375
0 0.85625 0.38515625 0.10234375 0.11328125
0 0.85859375 0.503125 0.0984375 0.10390625
0 0.859375 0.615625 0.08515625 0.1015625
0 0.85625 0.71796875 0.0890625 0.10625
0 0.85 0.8265625 0.0890625 0.09296875
0 0.953125 0.4515625 0.04609375 0.15703125
0 0.95078125 0.62265625 0.05390625 0.16171875
0 0.9484375 0.7890625 0.0515625 0.1390625