0 0.89765625 0.296875 0.18828125 0.22421875
0 0.90546875 0.54765625 0.1859375 0.2359375
0 0.90859375 0.79296875 0.1828125 0.228125
0 0.71875 0.79609375 0.1875 0.23515625
0 0.7109375 0.55703125 0.19296875 0.228125
0 0.4984375 0.3484375 0.14609375 0.18125
0 0.503125 0.53671875 0.14140625 0.18046875
0 0.50625 0.72578125 0.13828125 0.17890625
0 0.1296875 0.13203125 0.24140625 0.08046875
0 0.13515625 0.21796875 0.2421875 0.08046875
0 0.134375 0.30703125 0.24765625 0.08125
0 0.1375 0.39765625 0.24453125 0.08046875
0 0.13828125 0.48828125 0.2453125 0.07109375
0 0.1375 0.5703125 0.24140625 0.078125
0 0.1375 0.6578125 0.2390625 0.07890625
0 0.1390625 0.74296875 0.240625 0.071875
0 0.140625 0.82890625 0.2421875 0.06484375
0 0.1453125 0.91328125 0.23828125 0.06171875