0 0.71015625 0.64140625 0.10625 0.1125
0 0.690625 0.74453125 0.10625 0.11875
0 0.7671875 0.346875 0.0984375 0.10625
0 0.746875 0.43828125 0.0953125 0.1046875
0 0.83046875 0.4609375 0.0984375 0.1
0 0.72578125 0.5375 0.0984375 0.1109375
0 0.67421875 0.8578125 0.1125 0.1203125
0 0.91796875 0.484375 0.1 0.10625
0 0.78046875 0.25390625 0.096875 0.1
0 0.8109375 0.5609375 0.103125 0.109375
0 0.80078125 0.6640625 0.0984375 0.10625
0 0.88515625 0.68828125 0.0984375 0.109375
0 0.78359375 0.76875 0.1109375 0.11875
0 0.8453125 0.36875 0.096875 0.1015625
0 0.88359375 0.1796875 0.09375 0.1
0 0.8984375 0.584375 0.0984375 0.1125
0 0.8609375 0.27578125 0.0953125 0.103125
0 0.86953125 0.79296875 0.1046875 0.1171875
0 0.92890625 0.38984375 0.09375 0.1
0 0.93984375 0.29375 0.0859375 0.09375
0 0.76640625 0.88125 0.1078125 0.121875
0 0.85703125 0.90390625 0.1125 0.1234375
0 0.23828125 0.53046875 0.4765625 0.5703125