0 0.647331403125 0.395945528125 0.5972714156250001 0.24654916249999997 0.523562359375 0.278119946875 0.5735735 0.4283330453125 0.647331403125 0.395945528125
0 0.6973747578125 0.5421358390625 0.6469559765625 0.404080134375 0.565746990625 0.4394069390625 0.616110121875 0.5766758765625 0.6973747578125 0.5421358390625
0 0.7424302765624999 0.6929672890624999 0.6945137203125 0.55419400625 0.6103615375 0.585548559375 0.6544430421875 0.7198025234375 0.7424302765624999 0.6929672890624999
0 0.779587003125 0.85087980625 0.73454811875 0.7032544140625 0.6568413234375 0.7287472296875 0.6986811625 0.874079184375 0.779587003125 0.85087980625
0 0.7921875 0.43046875 0.13125 0.1046875
0 0.8171875 0.50859375 0.13125 0.1046875
0 0.84140625 0.590625 0.1328125 0.1015625
0 0.8640625 0.66953125 0.125 0.0921875
0 0.8875 0.7453125 0.115625 0.0828125
0 0.43984375 0.50546875 0.3328125 0.840625
0 0.33046875 0.5359375 0.3265625 0.8203125
0 0.29101867812500004 1 0.389629034375 0.9578822546874999 0.1197786953125 0.14586869375 0.011693737499999999 0.188902059375 0.286070146875 1 0.29101867812500004 1