0 0.56328125 0.853125 0.134375 0.13203125
0 0.56796875 0.715625 0.13671875 0.1296875
0 0.7109375 0.715625 0.1421875 0.1234375
0 0.71171875 0.5796875 0.15078125 0.1234375
0 0.70546875 0.8453125 0.134375 0.11796875
0 0.85078125 0.85078125 0.1390625 0.11875
0 0.86640625 0.71640625 0.15 0.121875
0 0.8828125 0.5796875 0.15859375 0.1296875
0 0.88671875 0.4296875 0.1609375 0.13359375
0 0.6703125 0.390625 0.0953125 0.1
0 0.67421875 0.271875 0.1046875 0.09140625
0 0.5609375 0.26875 0.10078125 0.10859375
0 0.5625 0.38046875 0.10625 0.1078125
0 0.5625 0.49453125 0.10546875 0.1140625
0 0.390625 0.8046875 0.14609375 0.19140625
0 0.3859375 0.57578125 0.146875 0.2359375
0 0.40625 0.2921875 0.13671875 0.21015625
0 0.0997941171875 0.89583410625 0.10534735625 0.8884293937500001 0.3191462625 0.8896636546875 0.3135930234375 0.67493170625 0.0796637453125 0.6724635625000001 0.0997941171875 0.89583410625
0 0.3073455890625 0.6848044671875 0.303874828125 0.44909320625 0.0643923109375 0.44539089687500005 0.0768870734375 0.6860385390625 0.3073455890625 0.6848044671875
0 0.31140406875000004 0.431481478125 0.3004040671875 0.18499778125 0.04703850625 0.19240235156250002 0.0664747890625 0.4379863734375 0.31140406875000004 0.431481478125