0 0.46796875 0.1953125 0.159375 0.1625
0 0.57578125 0.13828125 0.1640625 0.1671875
0 0.63125 0.2609375 0.1546875 0.1578125
0 0.528125 0.31328125 0.1609375 0.1625
0 0.58671875 0.42734375 0.15625 0.1578125
0 0.68984375 0.37578125 0.1515625 0.1578125
0 0.64140625 0.5390625 0.1515625 0.153125
0 0.74296875 0.4890625 0.1453125 0.15
0 0.796875 0.59375 0.1421875 0.140625
0 0.69765625 0.6453125 0.1453125 0.1453125
0 0.74375 0.74375 0.1390625 0.1359375
0 0.8421875 0.69609375 0.1359375 0.1375
0 0.39296875 0.38359375 0.1640625 0.1703125
0 0.46171875 0.5 0.1578125 0.159375
0 0.52265625 0.6125 0.153125 0.1546875
0 0.5828125 0.72109375 0.146875 0.1484375
0 0.63828125 0.82109375 0.1390625 0.140625
0 0.22109375 0.32109375 0.1546875 0.159375
0 0.28671875 0.4390625 0.159375 0.1671875
0 0.2813699953125 0.533402234375 0.33984507812500003 0.6333949765625 0.4364759453125 0.5788694046875 0.375898621875 0.47475106250000004 0.2813699953125 0.533402234375
0 0.3455463109375 0.6418990140624999 0.4040966703125 0.7387057031250001 0.495235171875 0.6860518 0.4418146015625 0.5865175515625001 0.3455463109375 0.6418990140624999
0 0.4039210234375 0.746139828125 0.46239610625000005 0.846132571875 0.5602306921875 0.7983077046875 0.5036421078125 0.6983605671875 0.4039210234375 0.746139828125
0 0.518212828125 0.9433440875000001 0.61382375 0.8935555359375 0.5654721359375 0.8070562156250001 0.46815369375 0.8546066453125001 0.518212828125 0.9433440875000001
0 0.366659721875 0.901231215625 0.42124763437499996 0.99280404375 0.51323043125 0.942847246875 0.46135635781250006 0.8540261484375 0.366659721875 0.901231215625
0 0.3973002140625 0.738124740625 0.3015387375 0.7942854015624999 0.3645866125 0.8928954234375001 0.456625046875 0.84290904375 0.4557251125 0.8402415187500001 0.3973002140625 0.738124740625
0 0.2368273546875 0.6892191484375 0.298520959375 0.7875005734375 0.39461676093750003 0.7364055296875 0.33440674531250003 0.6352379140625 0.2368273546875 0.6892191484375
0 0.1717816484375 0.5790872796875 0.2366184921875 0.6788434421875 0.33057 0.6246938359375 0.26575415625 0.521780478125 0.1717816484375 0.5790872796875
0 0.0999143921875 0.469436465625 0.162377015625 0.5736010515625 0.2610002453125 0.51382141875 0.19720579062500002 0.406170275 0.0999143921875 0.469436465625
0 0.027888459375 0.347285909375 0.0965622875 0.4575860234375 0.1951849578125 0.3978066890625 0.12387576874999999 0.2815670890625 0.027888459375 0.347285909375
0 0 0.580616809375 0.0439353453125 0.648113040625 0.13001617031249998 0.59814835 0.06666184375 0.4944578921875 0 0.5363213296875 0 0.580616809375
0 0.04557375625 0.6556312890625 0.1120992015625 0.7607816640625 0.2046421578125 0.706332321875 0.13952619375 0.6004325125000001 0.04557375625 0.6556312890625
0 0.1129435 0.7634787703125 0.1777050671875 0.8664209859374999 0.27380853125 0.8163705453125001 0.20814481875 0.7118106546875 0.1129435 0.7634787703125
0 0.1831472515625 0.8666733531249999 0.24264228281250003 0.961929078125 0.3395415390625 0.9166988843749999 0.27834857031250004 0.8150052375 0.1831472515625 0.8666733531249999
0 0.3894207328125 1 0.34127098125 0.9189253515625 0.2475243078125 0.9666739906249999 0.26754947812499996 1 0.3894207328125 1
0 0.264215546875 1 0.24301949218750002 0.965923215625 0.1945886890625 0.9906321 0.19956969062500002 1 0.264215546875 1
0 0.242082121875 0.9664216234375 0.175941190625 0.8642128281250001 0.177261309375 0.8666569359375 0.140437103125 0.887285390625 0.1934700015625 0.9870257671875 0.242082121875 0.9664216234375
0 0.07998928125 0.7747087828125 0.13961789687499998 0.883526265625 0.1754814015625 0.8644573015624999 0.1080507328125 0.75978824375 0.07998928125 0.7747087828125
0 0.0200012484375 0.6618877015625 0.0795545859375 0.7738912375 0.10808656718750001 0.7576718390625 0.03938764375 0.64843374375 0.0200012484375 0.6618877015625
0 0 0.6226725828124999 0.0178779546875 0.6556759453125001 0.035375012500000004 0.6453239203125001 0 0.5935105953125001 0 0.6226725828124999
0 0.761872640625 0.3922201265625 0.866119175 0.342034640625 0.8138973609375 0.2271815390625 0.710650984375 0.2789325828125 0.761872640625 0.3922201265625
0 0.866018803125 0.3462827125 0.7636114234375 0.395490303125 0.8169316859375 0.507661996875 0.9146626781249999 0.45884353281249995 0.866018803125 0.3462827125
0 0.918625128125 0.46407739374999996 0.8203558453124999 0.51108471875 0.8706325953125 0.6175339453124999 0.9647611968750001 0.5674848796874999 0.918625128125 0.46407739374999996
0 1 0.66009665625 0.9614172140624999 0.5745062875 0.8677709109375 0.618006853125 0.9112988062499999 0.716509075 1 0.67134994375 1 0.66009665625
0 1 0.40004504687500003 0.8601699328124999 0.11344051875000001 0.7829995109375 0.1576187890625 1 0.6363697140625 1 0.40004504687500003