0 0.46875 0.54453125 0.18125 0.234375
0 0.55546875 0.7484375 0.1765625 0.25
0 0.66171875 0.77109375 0.1046875 0.1328125
0 0.728125 0.7421875 0.103125 0.134375
0 0.6875 0.62109375 0.10625 0.1390625
0 0.61953125 0.64921875 0.1078125 0.1390625
0 0.5703125 0.525 0.1109375 0.146875
0 0.6390625 0.496875 0.1078125 0.140625
0 0.5921875 0.36484375 0.1109375 0.1484375
0 0.521875 0.3953125 0.11875 0.15625
0 0.5109375 0.240625 0.1109375 0.1453125
0 0.60859375 0.20390625 0.1140625 0.146875
0 0.68046875 0.17265625 0.115625 0.153125
0 0.7328125 0.30703125 0.1140625 0.1484375
0 0.6640625 0.33671875 0.10625 0.1390625
0 0.71171875 0.4640625 0.1046875 0.1375
0 0.7828125 0.43828125 0.1109375 0.1453125
0 0.8265625 0.5609375 0.103125 0.1359375
0 0.7578125 0.5828125 0.1078125 0.1390625
0 0.8015625 0.7046875 0.1 0.128125
0 0.86796875 0.678125 0.1046875 0.1296875
0 0.87265625 0.38984375 0.165625 0.2359375
0 1 0.6266583906250001 0.9532883953125 0.484687034375 0.8646538140625 0.5197024625 0.9333719203124999 0.7234218671875 1 0.6963239 1 0.6266583906250001
0 0.7824930921875 0.30130717812499996 0.8958984328125 0.25380774375000004 0.825937903125 0.0366800484375 0.70476895 0.09112685937500001 0.7824930921875 0.30130717812499996
0 0.29678585625 0.69107190625 0.3584581 0.6584719406249999 0.3075195765625 0.5461158859374999 0.24571801249999997 0.576781890625 0.29678585625 0.69107190625
0 0.2984681234375 0.6983605515625 0.3490979796875 0.8128186953125001 0.41030722500000005 0.7833718625 0.3651320765625 0.6727706578125 0.2984681234375 0.6983605515625
0 0.4624187015625 0.9002366671875001 0.4168742 0.7917608453125 0.3514708484375 0.8188504421875 0.40072330312500004 0.9298701171875001 0.4624187015625 0.9002366671875001
0 0.2838683171875 0.8477760249999999 0.3340968828125 0.9524701999999999 0.394843128125 0.9261765000000001 0.348553409375 0.8199703406250001 0.2838683171875 0.8477760249999999
0 0.339837875 0.8133979140625 0.29687848125 0.7029379625 0.23095287656250002 0.7272526296875 0.27990960781249996 0.8403694234374999 0.339837875 0.8133979140625
0 0.1760184734375 0.607504240625 0.2264708421875 0.7200469140625 0.2923275359375 0.6967504984375 0.24343971562500002 0.5826154531250001 0.1760184734375 0.607504240625
0 0.23461945312500002 0.577075025 0.18179801874999998 0.4525483390625 0.11508673437500001 0.485099009375 0.16950979375 0.60206828125 0.23461945312500002 0.577075025
0 0 0.41434447656250006 0.0427344734375 0.5029544296874999 0.109754421875 0.46830167500000003 0.049463171875 0.34465878125 0 0.3695153109375 0 0.41434447656250006
0 0.163463303125 0.6024057093749999 0.108519759375 0.4767100234375 0.04019353125 0.5078970093749999 0.0989821484375 0.6291413078125 0.163463303125 0.6024057093749999
0 0.2215861328125 0.718946575 0.16737570156249998 0.6038792843749999 0.1032495265625 0.6344458203125 0.15827793437499998 0.750190921875 0.2215861328125 0.718946575
0 0.27487056718749997 0.840320128125 0.2258535078125 0.7242510890625 0.160602521875 0.7532657984375 0.21233403437499998 0.8663092562499999 0.27487056718749997 0.840320128125
0 0.3269357328125 0.9512519046874999 0.2805964078125 0.845064790625 0.2167557421875 0.8705627249999999 0.267208109375 0.9831054 0.3269357328125 0.9512519046874999