0 0.340625 0.46640625 0.1625 0.1671875
0 0.31484375 0.60703125 0.1640625 0.1640625
0 0.29296875 0.74296875 0.15625 0.15
0 0.20078125 0.43515625 0.1671875 0.1671875
0 0.17890625 0.575 0.1546875 0.153125
0 0.09964975625 0.6306394156249999 0.08120718437499999 0.7609969234375 0.20894443749999997 0.7943158343750001 0.2305288921875 0.66173928125 0.09964975625 0.6306394156249999
0 0 0.7407610375 0.07202488124999999 0.7563822953125 0.09063795 0.6307742109375 0 0.60388675 0 0.7407610375
0 0.5177696609375 0.843026303125 0.5469469124999999 0.71475540625 0.40988098125 0.6862259765625 0.38606313281250004 0.8164818921875 0.5177696609375 0.843026303125
0 0.6855391609375 0.747297671875 0.5490104625 0.7123267515625 0.5206788875 0.8417052875 0.653527890625 0.8760178234374999 0.6855391609375 0.747297671875
0 0.682799390625 0.733616403125 0.7137056921875 0.6019085750000001 0.5753256890625 0.5693506890625 0.5468267859375 0.7071860062499999 0.682799390625 0.733616403125
0 0.6459464609375 0.2387928546875 0.5696485328125 0.55975785625 0.7205841953125 0.5938130593750001 0.800349275 0.2735186125 0.6459464609375 0.2387928546875
0 0.5701079546875001 0.516457375 0.5933913546875 0.402132928125 0.4868597171875 0.3748224828125 0.4641368609375 0.49397216874999994 0.5701079546875001 0.516457375
0 0.44096480937500004 0.6054916265625 0.5521129828125 0.6308665312499999 0.57176160625 0.5243248625 0.4615244359375 0.5019536703125 0.44096480937500004 0.6054916265625
0 1 0.33795081875 0.9291913031249999 0.320257859375 0.9046830015625 0.41359257187500004 0.9898348859375 0.4367472140625 1 0.39698427812500003 1 0.33795081875
0 0.965623384375 0.5367424140625 0.9914885375000001 0.4446147015625 0.9042919515625 0.421062609375 0.8809287140625001 0.5202794374999999 0.965623384375 0.5367424140625
0 0.9474454859374999 0.8185140578125001 0.9516009343749999 0.797136128125 0.8930256109375 0.780139778125 0.8711543484375 0.8617247499999999 0.9338145250000001 0.8805074484375 0.9474454859374999 0.8185140578125001
0 0.9519453453125 0.7953642921874999 0.9522976 0.79355209375 0.9687584749999999 0.7061946734375 0.920583803125 0.690227671875 0.8950949265625001 0.7767689890625 0.9519453453125 0.7953642921874999
0 0.9241661062500001 0.689980746875 0.969449634375 0.705312534375 0.987115821875 0.614427871875 0.9513674968749999 0.6028290515625 0.9241661062500001 0.689980746875
0 1 0.5206010921875001 0.9748168156249999 0.51494803125 0.9729306359375001 0.5155246515624999 0.952429309375 0.5964326546875001 0.9878105156249999 0.61085398125 1 0.548144525 1 0.5206010921875001
0 1 0.4179382734375 0.99901035625 0.41777910937499996 0.9748175109374999 0.5140049109375 1 0.5211866078125 1 0.4179382734375
0 0.9427894109375 0.562045184375 0.8265677 0.8589687749999999 0.8382662859375 0.8655446609374999 0.955481775 0.5672499125 0.9552781265625001 0.56681924375 0.9427894109375 0.562045184375
0 0.8117398484375 0.8549132828125 0.8244326890625 0.86090026875 0.9411515265625001 0.563682228125 0.9316251875000001 0.5587018296874999 0.8117398484375 0.8549132828125
0 0.9269438578125 0.5620937859375 0.9153185234375 0.5551410531250001 0.7987461875 0.85160540625 0.8090344578125 0.857516071875 0.9269438578125 0.5620937859375
0 0.9125242515625 0.560464146875 0.9001976671874999 0.5525929390625001 0.785035646875 0.8497225125 0.7945416 0.856263278125 0.9125242515625 0.560464146875
0 0.8967177765625 0.5546540984375 0.8859323781249999 0.5490378812500001 0.7731529515625 0.8454573359375 0.7831203890625 0.8505234734375 0.8967177765625 0.5546540984375
0 0.8823138 0.550681 0.8699715859375001 0.5451532515624999 0.7565207 0.8402689390625 0.7663118421874999 0.8464740578125 0.8823138 0.550681
0 0.8674781328125001 0.5477972390625 0.8560647359375 0.5408857031250001 0.7432262203125 0.8396401687499999 0.7531716796875 0.8439198687499999 0.8674781328125001 0.5477972390625
0 0.8533515312500001 0.544660221875 0.8415064437499999 0.5388380234375 0.736414928125 0.8214996187500001 0.7407533015625 0.828600240625 0.7373573890625 0.8392815499999999 0.7427369078125 0.8387628906250001 0.8533515312500001 0.544660221875