0 0.409375 0.38671875 0.10390625 0.11796875
0 0.41484375 0.509375 0.1046875 0.11171875
0 0.41640625 0.6265625 0.1015625 0.103125
0 0.4203125 0.74296875 0.10078125 0.1109375
0 0.4234375 0.8515625 0.10078125 0.09296875
0 0.51953125 0.3875 0.10703125 0.11953125
0 0.52265625 0.5109375 0.10234375 0.11171875
0 0.5234375 0.63125 0.10390625 0.10703125
0 0.52734375 0.74375 0.10234375 0.1
0 0.52734375 0.85625 0.10078125 0.1
0 0.62421875 0.390625 0.09453125 0.10546875
0 0.63046875 0.509375 0.1046875 0.1234375
0 0.63046875 0.6359375 0.10390625 0.11015625
0 0.63125 0.7453125 0.103125 0.10390625
0 0.6296875 0.853125 0.0984375 0.1015625
0 0.76171875 0.25546875 0.10390625 0.11796875
0 0.759375 0.37890625 0.103125 0.121875
0 0.75859375 0.50390625 0.103125 0.0984375
0 0.75859375 0.61875 0.103125 0.11171875
0 0.75859375 0.7359375 0.0984375 0.10390625
0 0.75625 0.8484375 0.0984375 0.10390625
0 0.86953125 0.2578125 0.1046875 0.1046875
0 0.86796875 0.38359375 0.10625 0.13125
0 0.86875 0.50859375 0.1015625 0.103125
0 0.865625 0.621875 0.103125 0.10703125
0 0.86328125 0.73984375 0.09765625 0.11640625
0 0.86015625 0.85234375 0.103125 0.096875
0 0.9640625 0.38046875 0.071875 0.1140625
0 0.96484375 0.5046875 0.0703125 0.10625
0 0.9609375 0.62578125 0.078125 0.1078125
0 0.959375 0.740625 0.08125 0.10625
0 0.9578125 0.85390625 0.084375 0.0984375
0 0.41328125 0.19453125 0.09296875 0.02890625
0 0.4140625 0.23203125 0.09296875 0.03359375
0 0.4140625 0.2671875 0.09140625 0.02890625
0 0.4125 0.30390625 0.09296875 0.03671875
0 0.5078125 0.265625 0.09296875 0.0296875
0 0.50703125 0.303125 0.08984375 0.0359375
0 0.07109375 0.28359375 0.1078125 0.12890625
0 0.0796875 0.415625 0.1203125 0.11953125
0 0.0921875 0.54375 0.10546875 0.11953125
0 0.09765625 0.66640625 0.1109375 0.11484375
0 0.10625 0.78671875 0.09765625 0.11171875
0 0.11171875 0.90078125 0.10859375 0.1
0 0.0265625 0.89921875 0.053125 0.10390625
0 0.02109375 0.78359375 0.0421875 0.1078125
0 0.01640625 0.66328125 0.0328125 0.11328125
0 0.0140625 0.540625 0.028125 0.11796875
0 0.0078125 0.41171875 0.015625 0.1265625
0 0.00234375 0.2828125 0.0046875 0.13203125