0 0.6640625 0.740625 0.134375 0.2109375
0 0.7984375 0.7359375 0.121875 0.2078125
0 0.4640625 0.36875 0.0734375 0.128125
0 0.471875 0.5046875 0.0765625 0.128125
0 0.48203125 0.6390625 0.0703125 0.1328125
0 0.484375 0.7671875 0.071875 0.11875
0 0.396875 0.7296875 0.0953125 0.2140625
0 0.3 0.73515625 0.096875 0.2078125
0 0.28046875 0.51015625 0.103125 0.228125
0 0.265625 0.26171875 0.1 0.24375
0 0.36796875 0.26015625 0.1125 0.246875
0 0.38046875 0.50234375 0.1015625 0.2296875
0 1 0.648651771875 0.8804925078125001 0.645142753125 0.873843109375 0.8473498453125 0.9996891359375001 0.840175734375 1 0.8345236343750001 1 0.648651771875
0 0.026265296875 0.1663298390625 0.0484600015625 0.39903034375 0.1698484 0.39849732968749996 0.15526619218749999 0.1599720484375 0.026265296875 0.1663298390625
0 0.17404411718749999 0.3992773015625 0.0747074765625 0.40459919375000003 0.097352503125 0.6345045015624999 0.193995546875 0.6274236921874999 0.17404411718749999 0.3992773015625
0 0.216161334375 0.8443748703124999 0.19740892968749998 0.63564290625 0.10183977500000001 0.64361270625 0.12267863125 0.8531982984375001 0.216161334375 0.8443748703124999
0 0.0097717140625 0.6042092390625 0.027568271875 0.7258844921875001 0.09408579218749999 0.720782178125 0.082013915625 0.598907015625 0.0097717140625 0.6042092390625
0 0.028899951562499998 0.7341764000000001 0.0419157359375 0.85323913125 0.10947410625000001 0.8481004703125 0.0986634453125 0.73174020625 0.028899951562499998 0.7341764000000001
0 0 0.5076016671875 0.0101628828125 0.6004896171875 0.0797300453125 0.5925013375 0.064188440625 0.46148243750000006 0 0.46719325625 0 0.5076016671875
0 1 0.4912724625 0.997782278125 0.4277652234375 0.89049486875 0.42892121875000006 0.8816647203124999 0.6386163859375 1 0.636238678125 1 0.4912724625
0 0.8866580031250001 0.42349626406249996 0.9975902109374999 0.42226515156250005 0.9896470468749999 0.1948026796875 0.8972213015625 0.19891672656249998 0.8866580031250001 0.42349626406249996
0 0.7324029421875 0.6317843484375001 0.7362907453124999 0.41484984843749995 0.603960378125 0.4120590046875 0.6021673109375001 0.6326263156249999 0.7324029421875 0.6317843484375001