0 0.7046875 0.73359375 0.0921875 0.265625
0 0.58046875 0.6953125 0.10859375 0.1265625
0 0.44375 0.6890625 0.13828125 0.1203125
0 0.48359375 0.3921875 0.103125 0.115625
0 0.45859375 0.2328125 0.0703125 0.18203125
0 0.52890625 0.228125 0.06875 0.190625
0 0.6046875 0.23984375 0.07578125 0.1734375
0 0.58828125 0.39765625 0.10625 0.12265625
0 0.296875 0.4109375 0.10859375 0.14609375
0 0.24453125 0.621875 0.13046875 0.15625
0 0.24921875 0.76796875 0.12734375 0.1484375
0 0.11015625 0.609375 0.12421875 0.15
0 0.12265625 0.7625 0.1234375 0.153125
0 0.296875 0.2640625 0.11953125 0.13671875
0 0.184375 0.40078125 0.11796875 0.13515625
0 0.1796875 0.265625 0.1125 0.140625
0 0.679459625 0.3018518484375 0.6710814187499999 0.5922476828125001 0.7779808187499999 0.59965220625 0.7876990125 0.2935977796875 0.679459625 0.3018518484375
0 0.5169796453125 0.49228637343750004 0.5169796453125 0.6218658718750001 0.641927046875 0.6305044671875 0.6433153296875 0.504627278125 0.5169796453125 0.49228637343750004