0 0.4765625 0.19453125 0.1296875 0.1484375
0 0.59296875 0.21328125 0.128125 0.125
0 0.56953125 0.34453125 0.13125 0.1265625
0 0.4578125 0.3171875 0.1328125 0.13125
0 0.43359375 0.45 0.1328125 0.1359375
0 0.5453125 0.471875 0.121875 0.1296875
0 0.41796875 0.57109375 0.13125 0.1328125
0 0.52578125 0.58828125 0.121875 0.1328125
0 0.39765625 0.68671875 0.125 0.121875
0 0.4890625 0.8140625 0.11875 0.11875
0 0.38359375 0.79140625 0.1234375 0.1109375
0 0.50859375 0.70234375 0.121875 0.121875
0 0.6609375 0.47265625 0.1328125 0.1453125
0 0.6375 0.603125 0.1296875 0.1328125
0 0.615625 0.7234375 0.125 0.11875
0 0.59140625 0.83515625 0.121875 0.1171875
0 0.3109375 0.296875 0.1390625 0.14375
0 0.29453125 0.434375 0.1390625 0.14375
0 0.2765625 0.56015625 0.134375 0.1265625
0 0.26328125 0.6796875 0.134375 0.1265625
0 0.25078125 0.79765625 0.1265625 0.1140625
0 0.17890625 0.42421875 0.13125 0.128125
0 0.16796875 0.5375 0.1328125 0.1328125
0 0.1484375 0.66015625 0.1328125 0.128125
0 0.14375 0.77421875 0.1328125 0.1265625
0 0.8644775375 0.36624512187499997 0.7395040921875 0.34770077499999996 0.7242924281249999 0.461492515625 0.8402662890625001 0.48360942968750004 0.8644775375 0.36624512187499997
0 0.736273590625 0.90945216875 0.8307544171875 0.4771049828125 0.725113659375 0.47003174999999997 0.639410028125 0.8953600375 0.736273590625 0.90945216875
0 0.6360884921875 0.898582321875 0.621869228125 0.9750470828125 0.7342220078125 0.9978399281250001 0.7469510968749999 0.92035006875 0.6360884921875 0.898582321875
0 0.2380119375 0.345739590625 0.24936984843749999 0.2163437359375 0.1344404984375 0.22313018750000002 0.12696359375 0.33689753906250003 0.2380119375 0.345739590625
0 0.256505534375 0.21122654999999999 0.2704325703125 0.092233478125 0.1627330828125 0.0809697484375 0.152699353125 0.20103263437500002 0.256505534375 0.21122654999999999
0 0.105685940625 0.5821727453125 0.1194199265625 0.464398553125 0.0132139703125 0.4478997953125 0.00335743125 0.5759613296875 0.105685940625 0.5821727453125
0 0 0.6892357625 0.0884373515625 0.7043881937500001 0.10090653593750001 0.590162040625 0 0.568020525 0 0.6892357625
0 0 0.8128464390625 0.08057433593749999 0.8205933484375001 0.08894975000000001 0.714465178125 0 0.690877384375 0 0.8128464390625