0 0.7600979921875 0.9666396859375 0.9698198046875 0.20886524843749998 0.8767333890625 0.1932232796875 0.6673782484374999 0.9543620625000001 0.7600979921875 0.9666396859375
0 0.5984375 0.28515625 0.1734375 0.1890625
0 0.534375 0.45390625 0.1765625 0.20625
0 0.48125 0.628125 0.1796875 0.20625
0 0.4265625 0.80703125 0.1671875 0.1890625
0 0.24296875 0.78828125 0.128125 0.1328125
0 0.33203125 0.17578125 0.125 0.1421875
0 0.29453125 0.2984375 0.1328125 0.1453125
0 0.2515625 0.4140625 0.134375 0.1390625
0 0.21484375 0.52890625 0.128125 0.1296875
0 0.17578125 0.64765625 0.128125 0.1375
0 0.134375 0.76328125 0.128125 0.128125
0 0.25390625 0.0453125 0.1390625 0.090625
0 0.2171875 0.13984375 0.1375 0.140625
0 0.18046875 0.25625 0.1359375 0.1421875
0 0.1453125 0.38046875 0.13125 0.140625
0 0.10546875 0.49921875 0.1359375 0.14375
0 0.0671875 0.61796875 0.134375 0.1421875
0 0.0453125 0.73515625 0.090625 0.1265625