0 0.78046875 0.06875 0.1484375 0.1375
0 0.8875 0.2953125 0.159375 0.15625
0 0.8375 0.18046875 0.1453125 0.146875
0 0.93046875 0.4109375 0.1390625 0.14375
0 0.95078125 0.5171875 0.0984375 0.140625
0 0.97265625 0.6203125 0.0546875 0.128125
0 0.69765625 0.24609375 0.153125 0.1578125
0 0.7546875 0.36328125 0.1546875 0.15625
0 0.80625 0.4765625 0.146875 0.146875
0 0.85703125 0.58828125 0.140625 0.14375
0 0.90390625 0.6953125 0.1328125 0.1359375
0 0.8078125 0.740625 0.1390625 0.134375
0 0.75625 0.6359375 0.146875 0.1484375
0 0.70390625 0.5265625 0.1453125 0.1484375
0 0.6484375 0.4125 0.15 0.1546875
0 0.59140625 0.29921875 0.153125 0.159375
0 0.5328125 0.17734375 0.1578125 0.16875
0 0.4265625 0.22421875 0.15625 0.159375
0 0.48359375 0.34453125 0.1546875 0.1609375
0 0.5453125 0.4578125 0.146875 0.153125
0 0.5984375 0.56796875 0.146875 0.1515625
0 0.65390625 0.67421875 0.140625 0.1453125
0 0.70546875 0.78125 0.140625 0.1390625
0 0.58984375 0.84375 0.1328125 0.134375
0 0.53671875 0.74140625 0.1453125 0.1484375
0 0.48125 0.63671875 0.14375 0.1515625
0 0.4234375 0.5265625 0.146875 0.153125
0 0.3609375 0.4140625 0.140625 0.15
0 0.25859375 0.45703125 0.1453125 0.159375
0 0.3234375 0.5703125 0.140625 0.1515625
0 0.38125 0.6796875 0.1375 0.14375
0 0.4390625 0.784375 0.1375 0.140625
0 0.49296875 0.88671875 0.1296875 0.13125
0 0.1609375 0.5109375 0.1453125 0.1515625
0 0.2234375 0.6171875 0.134375 0.140625
0 0.28203125 0.7265625 0.1421875 0.1484375
0 0.34140625 0.8296875 0.134375 0.134375
0 0.39453125 0.92109375 0.128125 0.1234375
0 0.071875 0.33125 0.0984375 0.065625
0 0.09140625 0.36640625 0.096875 0.065625
0 0.1078125 0.3984375 0.0984375 0.071875
0 0.125 0.43125 0.1 0.06875
0 0.19296875 0.35546875 0.1 0.0734375
0 0.21171875 0.3875 0.096875 0.06875