0 0.19921875 0.1109375 0.3984375 0.21875
0 0.575 0.109375 0.346875 0.215625
0 0.8703125 0.10390625 0.25625 0.2078125
0 0.153125 0.33046875 0.30625 0.2296875
0 0.4640625 0.32265625 0.334375 0.2203125
0 0.80859375 0.31328125 0.3796875 0.2140625
0 0.15859375 0.53359375 0.3109375 0.1796875
0 0.5203125 0.5171875 0.4 0.203125
0 0.85703125 0.5171875 0.2828125 0.196875
0 0.17734375 0.7078125 0.3015625 0.171875
0 0.4609375 0.69921875 0.2875 0.1671875
0 0.79375 0.69609375 0.384375 0.1703125
0 0.228125 0.85078125 0.353125 0.1671875
0 0.5359375 0.85078125 0.275 0.1453125
0 0.809375 0.85703125 0.28125 0.1671875