0 0.0921875 0.0703125 0.184375 0.140625
0 0.0890625 0.2234375 0.175 0.16875
0 0.328125 0.0703125 0.3125 0.134375
0 0.09921875 0.3828125 0.1984375 0.171875
0 0.10625 0.5203125 0.2125 0.153125
0 0.115625 0.6421875 0.23125 0.18125
0 0.11953125 0.76171875 0.2390625 0.1578125
0 0.12890625 0.85546875 0.2578125 0.1703125
0 0.13125 0.9265625 0.2625 0.140625
0 0.33984375 0.21328125 0.2890625 0.1578125
0 0.325 0.36015625 0.29375 0.1609375
0 0.33203125 0.478125 0.2671875 0.14375
0 0.33984375 0.603125 0.2546875 0.15625
0 0.3484375 0.70078125 0.240625 0.1453125
0 0.36484375 0.790625 0.2296875 0.15
0 0.3734375 0.875 0.228125 0.140625
0 0.37578125 0.9421875 0.2265625 0.109375
0 0.64140625 0.05546875 0.3140625 0.1109375
0 0.6359375 0.1734375 0.303125 0.146875
0 0.6171875 0.30234375 0.290625 0.1453125
0 0.60703125 0.41484375 0.2859375 0.1453125
0 0.60234375 0.52109375 0.2765625 0.1484375
0 0.60078125 0.62265625 0.2703125 0.1453125
0 0.603125 0.71796875 0.271875 0.1484375
0 0.6015625 0.80859375 0.246875 0.1296875
0 0.60234375 0.87890625 0.2296875 0.1390625
0 0.5953125 0.94296875 0.215625 0.1078125
0 0.88984375 0.0484375 0.2015625 0.096875
0 0.8640625 0.153125 0.18125 0.13125
0 0.84296875 0.27890625 0.1859375 0.1234375
0 0.82734375 0.3859375 0.1734375 0.11875
0 0.8171875 0.4859375 0.159375 0.128125
0 0.80078125 0.57890625 0.1578125 0.1296875
0 0.7921875 0.6734375 0.1375 0.1125
0 0.78515625 0.75234375 0.1359375 0.1140625
0 0.7703125 0.83203125 0.134375 0.1265625
0 0.97109375 0.0953125 0.0515625 0.10625
0 0.96484375 0.2046875 0.0671875 0.1125
0 0.95625 0.3015625 0.084375 0.115625
0 0.9484375 0.39140625 0.1 0.1046875
0 0.940625 0.47265625 0.115625 0.1078125
0 0.934375 0.553125 0.128125 0.10625
0 0.928125 0.62265625 0.140625 0.1140625
0 0.925 0.6921875 0.146875 0.1125
0 0.91796875 0.76484375 0.1609375 0.1140625
0 0.9125 0.825 0.171875 0.109375