0 0.421875 0.053125 0.76875 0.103125
0 0.89296875 0.05234375 0.2046875 0.1015625
0 0.88125 0.1734375 0.228125 0.134375
0 0.87734375 0.303125 0.2359375 0.121875
0 0.41953125 0.29765625 0.6890625 0.1203125
0 0.42109375 0.17265625 0.7234375 0.1328125
0 0.8796875 0.4046875 0.23125 0.08125
0 0.44375 0.49453125 0.8875 0.2828125
0 0.92109375 0.65625 0.1484375 0.234375
0 0.428125 0.7078125 0.85625 0.146875
0 0.41953125 0.83828125 0.8390625 0.1296875
0 0.90546875 0.8390625 0.1796875 0.13125
0 0.89765625 0.9484375 0.1953125 0.090625
0 0.403125 0.9484375 0.80625 0.09375
0 0.9375 0.50625 0.115625 0.065625