0 0.1484375 0.40625 0.203125 0.203125
0 0.3609375 0.409375 0.221875 0.228125
0 0.14921875 0.62265625 0.2140625 0.2328125
0 0.3625 0.63515625 0.21875 0.2359375
0 0.1421875 0.83203125 0.225 0.2609375
0 0.37265625 0.84375 0.2421875 0.278125
0 0.7046875 0.1828125 0.16875 0.190625
0 0.62265625 0.3609375 0.1234375 0.165625
0 0.775 0.3546875 0.18125 0.184375
0 0.6234375 0.51796875 0.13125 0.1671875
0 0.778125 0.53828125 0.184375 0.1921875
0 0.6359375 0.66640625 0.11875 0.1796875
0 0.77890625 0.70703125 0.1734375 0.2109375
0 0.6171875 0.81015625 0.146875 0.2203125
0 0.75 0.86484375 0.190625 0.2609375
0 0.86875 0.821875 0.053125 0.1875
0 0.9140625 0.56640625 0.09375 0.1390625