0 0.1421875 0.13359375 0.1625 0.1765625
0 0.11640625 0.2875 0.1265625 0.15
0 0.06171875 0.43984375 0.0203125 0.1578125
0 0.18984375 0.440625 0.2453125 0.18125
0 0.425 0.4546875 0.228125 0.171875
0 0.146875 0.64375 0.196875 0.228125
0 0.40234375 0.65234375 0.2109375 0.2296875
0 0.5890625 0.64609375 0.196875 0.2265625
0 0.70234375 0.44375 0.3234375 0.215625
0 0.92734375 0.4515625 0.1421875 0.2
0 0.91484375 0.65078125 0.1515625 0.1984375
0 0.76640625 0.65078125 0.1671875 0.2078125
0 0.75546875 0.3 0.1140625 0.0875
0 0.63359375 0.31015625 0.1453125 0.1296875
0 0.49921875 0.30546875 0.1421875 0.1484375
0 0.371875 0.3 0.140625 0.15
0 0.24140625 0.290625 0.1359375 0.15
0 0.2875 0.1421875 0.1375 0.16875
0 0.42265625 0.15390625 0.1421875 0.1640625
0 0.546875 0.16640625 0.13125 0.1640625
0 0.67421875 0.17890625 0.1328125 0.1546875
0 0.79140625 0.1890625 0.1078125 0.146875