0 0.05546875 0.2796875 0.1078125 0.18125
0 0.2265625 0.26015625 0.240625 0.2109375
0 0.45546875 0.25546875 0.2265625 0.2109375
0 0.7171875 0.215625 0.290625 0.246875
0 0.928125 0.1640625 0.1375 0.18125
0 0.05546875 0.45390625 0.1109375 0.1796875
0 0.225 0.4484375 0.2375 0.190625
0 0.4546875 0.446875 0.228125 0.196875
0 0.70078125 0.43125 0.2609375 0.225
0 0.91328125 0.396875 0.1703125 0.309375
0 0.0578125 0.6296875 0.1125 0.178125
0 0.22890625 0.6390625 0.2390625 0.196875
0 0.459375 0.646875 0.225 0.20625
0 0.69765625 0.6546875 0.2609375 0.221875
0 0.909375 0.7015625 0.175 0.3
0 0.05390625 0.80390625 0.1078125 0.1734375
0 0.22890625 0.81875 0.2453125 0.203125
0 0.45859375 0.8359375 0.2234375 0.215625
0 0.6984375 0.86640625 0.2625 0.2328125
0 0.921875 0.915625 0.153125 0.1625