0 0.0484375 0.065625 0.084375 0.128125
0 0.26640625 0.0703125 0.3984375 0.1375
0 0.509375 0.0640625 0.0875 0.125
0 0.671875 0.2125 0.24375 0.234375
0 0.8578125 0.20703125 0.28125 0.2171875
0 0.859375 0.39921875 0.21875 0.1859375
0 0.6984375 0.41171875 0.134375 0.1765625
0 0.8703125 0.609375 0.25625 0.25625
0 0.725 0.62890625 0.21875 0.2765625
0 0.884375 0.7953125 0.2125 0.15625
0 0.7046875 0.821875 0.203125 0.16875
0 0.86015625 0.91953125 0.1953125 0.1453125
0 0.6859375 0.9375 0.178125 0.121875
0 0.96484375 0.88515625 0.0671875 0.1578125
0 0.98203125 0.76484375 0.0328125 0.0984375
0 0.475 0.2859375 0.353125 0.321875
0 0.16640625 0.29921875 0.3171875 0.3390625
0 0.178125 0.5796875 0.3375 0.2625
0 0.4796875 0.553125 0.30625 0.234375
0 0.48515625 0.753125 0.2734375 0.21875
0 0.2 0.78984375 0.325 0.2390625
0 0.23671875 0.9328125 0.2859375 0.13125
0 0.48828125 0.91015625 0.2390625 0.1765625
0 0.503125 0.97421875 0.190625 0.0484375