0 0.21015625 0.13671875 0.2921875 0.1609375
0 0.4984375 0.1375 0.2875 0.159375
0 0.78671875 0.12890625 0.2921875 0.1609375
0 0.7875 0.29921875 0.290625 0.1796875
0 0.4984375 0.3046875 0.290625 0.175
0 0.21015625 0.30390625 0.2953125 0.1734375
0 0.23359375 0.4859375 0.2609375 0.19375
0 0.4984375 0.490625 0.2625 0.196875
0 0.7609375 0.4859375 0.2625 0.2
0 0.75625 0.69296875 0.2625 0.2078125
0 0.4921875 0.690625 0.259375 0.209375
0 0.23515625 0.68984375 0.2640625 0.2109375
0 0.2109375 0.86953125 0.215625 0.1609375
0 0.4046875 0.87265625 0.19375 0.1546875
0 0.60078125 0.8734375 0.1984375 0.15625
0 0.79140625 0.871875 0.2109375 0.153125