0 0.36796875 0.40390625 0.1984375 0.1421875
0 0.36484375 0.55390625 0.2171875 0.1578125
0 0.58203125 0.403125 0.2234375 0.159375
0 0.365625 0.70703125 0.21875 0.1453125
0 0.1890625 0.6390625 0.13125 0.146875
0 0.584375 0.7078125 0.215625 0.146875
0 0.58828125 0.55703125 0.2171875 0.1484375
0 0.82109375 0.70859375 0.2578125 0.1828125
0 0.79765625 0.4 0.2171875 0.146875
0 0.79375 0.54453125 0.2125 0.1453125
0 0.0828125 0.7078125 0.121875 0.084375
0 0.0890625 0.3640625 0.125 0.0625
0 0.08828125 0.41640625 0.1234375 0.0515625
0 0.0859375 0.4703125 0.1125 0.05625
0 0.0921875 0.52734375 0.1125 0.0734375
0 0.09140625 0.57890625 0.1109375 0.0609375
0 0.0828125 0.6328125 0.08125 0.053125