0 0.059635337499999996 0.2395480765625 0.2737176421875 0.28505267500000003 0.3216903390625 0.059358878125 0.10760803593749999 0.013854279687500002 0.059635337499999996 0.2395480765625
0 0.273852371875 0.3478601046875 0.42216475156250005 0.379384875 0.44769918750000004 0.2592548 0.29938680624999997 0.22773003125 0.273852371875 0.3478601046875
0 0.14465178125 0.57527470625 0.27103085312499997 0.60213740625 0.30777991875 0.42924664218749997 0.18140084843749998 0.40238394218750007 0.14465178125 0.57527470625
0 0 0.527422625 0.14425989374999998 0.5580860125 0.1868142859375 0.3578833359375 0.0397921015625 0.3266328046875 0 0.51383991875 0 0.527422625
0 0.27267843125 0.619615134375 0.36683263906249997 0.6396282296875 0.39971148749999996 0.48494540781250006 0.3055572796875 0.46493231249999994 0.27267843125 0.619615134375
0 0 0.8336601046875 0.084546278125 0.8516309703125 0.1290357796875 0.6423243203125 0 0.61489691875 0 0.8336601046875
0 0.0911365171875 0.8397324890625001 0.2123548078125 0.8654982328124999 0.2525870703125 0.6762203203125 0.1313687796875 0.6504545765625 0.0911365171875 0.8397324890625001
0 0.2189345453125 0.8535753906249999 0.3130887515625 0.8735884859375 0.347902709375 0.7098016921875 0.253748503125 0.6897885984375 0.2189345453125 0.8535753906249999
0 0.32130405 0.0992409921875 0.474777209375 0.1318627203125 0.493732275 0.042686146875 0.3402591171875 0.01006441875 0.32130405 0.0992409921875
0 0.4810802484375 0.2416325359375 0.5610423156250001 0.258628996875 0.5823195109375 0.1585276578125 0.50235744375 0.141531196875 0.4810802484375 0.2416325359375
0 0.431961121875 0.4537612421875 0.5106329921875 0.4704834640625 0.5411987109374999 0.326683065625 0.462526840625 0.30996084218750003 0.431961121875 0.4537612421875
0 0.3979069375 0.6519645796875 0.46496705625 0.666218646875 0.4908885140625 0.5442677781249999 0.42382839531250005 0.530013709375 0.3979069375 0.6519645796875
0 0.3536846953125 0.872702128125 0.4233252046875 0.887504675 0.4538909234375 0.7437042734375 0.3842504140625 0.7289017265625 0.3536846953125 0.872702128125
0 0.5033515953125 0.5054036640625 0.5722119875 0.5200403921875 0.599933546875 0.3896207109375 0.5310731546875 0.3749839828125 0.5033515953125 0.5054036640625
0 0.5476493437500001 0.310351321875 0.6119790515625 0.3240250234375 0.6394305953125 0.1948756640625 0.5751008875 0.1812019625 0.5476493437500001 0.310351321875
0 0.6027700359375 0.36749756875 0.6580383765625 0.3792452171875 0.681412690625 0.269277715625 0.62614435 0.2575300671875 0.6027700359375 0.36749756875
0 0.5653370171875001 0.5480322171875 0.622405628125 0.560162525 0.645509928125 0.4514653421875 0.5884413171875 0.4393350359375 0.5653370171875001 0.5480322171875
0 0.45913768125 0.6911355625 0.5270979359375 0.705580959375 0.555089509375 0.573890959375 0.4871292546875 0.5594455609375 0.45913768125 0.6911355625
0 0.5259160406250001 0.720067378125 0.5784839734375 0.7312410359375 0.6034873796875 0.613609259375 0.5509194468749999 0.6024356015625 0.5259160406250001 0.720067378125
0 0.42706665 0.8821481984374999 0.4959270421875 0.8967849265625001 0.523918615625 0.765094925 0.45505822343749996 0.750458196875 0.42706665 0.8821481984374999
0 0.4963021484375 0.8995200875 0.5434092578125 0.9095330125000001 0.5711308171875 0.7791133328125001 0.5240237078125001 0.7691004078125 0.4963021484375 0.8995200875