0 0.3980289515625 0.142425290625 0.5062038281250001 0.1999428921875 0.5460045828125 0.12508855624999998 0.43782970781249997 0.06757095468749999 0.3980289515625 0.142425290625
0 0.345883040625 0.235813028125 0.40547510625000005 0.267498690625 0.44955978906249994 0.18458745781250002 0.389967725 0.1529017953125 0.345883040625 0.235813028125
0 0.412891365625 0.25667925 0.525598246875 0.31660656249999997 0.5745797796875001 0.2244856953125 0.46187290000000003 0.164558384375 0.412891365625 0.25667925
0 0.2980853375 0.32414317656249997 0.4094953890625 0.3833809515625 0.45419299375 0.2993169828125 0.3427829421875 0.24007920781249997 0.2980853375 0.32414317656249997
0 0.41698589531249997 0.375550390625 0.4759295453125 0.406891284375 0.5200142296875 0.323980053125 0.4610705796875 0.2926391578125 0.41698589531249997 0.375550390625
0 0.25680689375 0.4174025828125 0.3189926171875 0.4504673171875 0.361851459375 0.369861559375 0.2996657359375 0.336796825 0.25680689375 0.4174025828125
0 0.324531171875 0.4416067484375 0.43140921875 0.4984348140625 0.470597053125 0.42473321718749996 0.36371900625000003 0.3679051515625 0.324531171875 0.4416067484375
0 0.2185865375 0.5049105640625 0.3228778234375 0.560363225 0.36573666562499996 0.4797574671875 0.2614453796875 0.42430480625 0.2185865375 0.5049105640625
0 0.159612315625 0.7424050953125 0.25159062187500003 0.7913108281250001 0.29261722031250004 0.71415101875 0.2006389140625 0.6652452859375 0.159612315625 0.7424050953125
0 0 0.751501709375 0.0173058734375 0.76070340625 0.0369910765625 0.7236809234375 0 0.7040124203125 0 0.751501709375
0 0.09388157968750001 0.6395169703125 0.1175487140625 0.6521010078125 0.1381272171875 0.6133984734375 0.1144600828125 0.6008144343749999 0.09388157968750001 0.6395169703125
0 0.060925403125 0.64897105 0.0883795546875 0.66356868125 0.1071714578125 0.62822625 0.07971730625 0.61362861875 0.060925403125 0.64897105
0 0.0024354046875 0.705307346875 0.036042598437500004 0.7231766093750001 0.06557366406250001 0.667636753125 0.0319664703125 0.649767490625 0.0024354046875 0.705307346875
0 0.07534544374999999 0.685794134375 0.0885965546875 0.692839875 0.09933571718749999 0.6726424484375 0.0860846046875 0.6655967078125 0.07534544374999999 0.685794134375
0 0.0660370546875 0.706728721875 0.0778671734375 0.7130189078125 0.086813215625 0.69619385 0.074983096875 0.6899036640625 0.0660370546875 0.706728721875
0 0.08946215625000001 0.7882708421875 0.17276274375 0.8325625499999999 0.210789940625 0.7610437953125 0.127489353125 0.7167520875 0.08946215625000001 0.7882708421875
0 0.39475693125 0.9117376437500001 0.4624403828125 0.947725571875 0.49644446875000003 0.8837731874999999 0.42876101718750004 0.8477852578125 0.39475693125 0.9117376437500001
0 0.35284486875 0.89808845 0.3944951609375 0.9202343046875001 0.4244696171875 0.8638605531250001 0.3828193234375 0.8417147 0.35284486875 0.89808845
0 0.329735321875 0.9483989765624999 0.391741696875 0.9813683515625 0.4150066203125 0.9376133937500001 0.35300024531249996 0.90464401875 0.329735321875 0.9483989765624999
0 0.39815324687500003 0.9761494515625 0.434595528125 0.9955261578125001 0.4574105421875 0.95261735625 0.4209682609375 0.9332406499999999 0.39815324687500003 0.9761494515625
0 1 0.48558295312500005 0.9821665859375001 0.47610075937499996 0.943689478125 0.5484656734375 0.975875678125 0.565579378125 1 0.5202081265625 1 0.48558295312500005
0 1 0.5201914859375 0.9745288296875 0.5680957890625 1 0.5816390515625 1 0.5201914859375
0 0.9064002046875 0.6117488062499999 0.9258043578124999 0.6220661765625 0.9620449531249999 0.553907528125 0.9426408000000001 0.5435901578125 0.9064002046875 0.6117488062499999
0 0.8615013890625001 0.6893350828125 0.892742559375 0.70594630625 0.9365859859375 0.6234888125 0.9053448171875 0.6068775875 0.8615013890625001 0.6893350828125
0 0.8834242015625 0.7268913234375 0.9113474187499999 0.7417383625 0.958327178125 0.6533822859375 0.9304039609375 0.6385352484375 0.8834242015625 0.7268913234375
0 0.8207487546875001 0.7442880328125 0.84536091875 0.7573745515625 0.883388115625 0.685855796875 0.8587759515625001 0.6727692765625 0.8207487546875001 0.7442880328125
0 0.835323984375 0.7876587203125001 0.8746082546875 0.8085465375 0.9247178234375 0.7143041453125 0.8854335531249999 0.693416328125 0.835323984375 0.7876587203125001
0 0.7075684890625 0.8395385265625 0.7733549828124999 0.8745178265625 0.8100389703124999 0.8055252828125001 0.7442524765625 0.7705459828125 0.7075684890625 0.8395385265625
0 0.67414656875 0.8886837921874999 0.74277505 0.925174203125 0.7763292265625 0.8620679750000001 0.7077007453124999 0.8255775640625 0.67414656875 0.8886837921874999
0 0.643890671875 0.9330395062499999 0.711098159375 0.9687743609374999 0.744202425 0.9065142921874999 0.6769949375000001 0.8707794375000001 0.643890671875 0.9330395062499999
0 0.6926724640625 1 0.7190731171875 0.950347590625 0.6476026484374999 0.9123460671875 0.6131551734375 0.977132346875 0.656162971875 1 0.6926724640625 1
0 0.6890314265625 1 0.6916297046875 0.9951133499999999 0.6177932125 0.9558537906250001 0.59432025625 1 0.6890314265625 1
0 0.8887184453125 0.551538896875 0.9018384953125 0.5585149515625 0.9248034796875 0.5153240984374999 0.9116834296875 0.50834804375 0.8887184453125 0.551538896875
0 0.84639360625 0.658697921875 0.8587824656249999 0.6652851937500001 0.8838209484374999 0.61819465625 0.8714320890625 0.611607384375 0.84639360625 0.658697921875
0 0.8335735281250001 0.644118540625 0.8474247687500001 0.651483375 0.8738390640624999 0.601805309375 0.8599878234375 0.5944404750000001 0.8335735281250001 0.644118540625
0 0.93816418125 0.46147381875000004 0.95080136875 0.46819313124999995 0.9728534906249999 0.4267191203125 0.9602163031250001 0.41999980781249996 0.93816418125 0.46147381875000004
0 0.8451181390625001 0.40257800625 0.8871547234375001 0.4249292546875 0.9115020390625 0.3791386109375 0.86946545625 0.3567873625 0.8451181390625001 0.40257800625
0 0.8268114093750001 0.44991309218750003 0.8491679187500001 0.461800259375 0.8723676375 0.4181679328125 0.8500111296874999 0.40628076562500004 0.8268114093750001 0.44991309218750003
0 0.853379509375 0.46735866093749995 0.8737907734375 0.47821152343750006 0.8981380906249999 0.43242087968750004 0.8777268250000001 0.42156801875000005 0.853379509375 0.46735866093749995
0 0.7993812078125 0.4973914609375 0.83996230625 0.5189688140625 0.8652290046875001 0.471449065625 0.8246479062500001 0.44987171249999997 0.7993812078125 0.4973914609375
0 0.77544705 0.5400669953125 0.7985278515625 0.552339275 0.822646953125 0.5069778421875 0.7995661515625 0.4947055625 0.77544705 0.5400669953125
0 0.8050811687499999 0.5558316 0.8262236234375001 0.5670732421875 0.8494233437500001 0.5234409171875 0.8282808875000001 0.5121992734374999 0.8050811687499999 0.5558316
0 0.7513013296875 0.5843052984375 0.792365290625 0.60613939375 0.8141826765625 0.5651068578125 0.773118715625 0.5432727625 0.7513013296875 0.5843052984375
0 0.7732984515625 0.4192417984375 0.7973518765625001 0.43203123125 0.8145788749999999 0.399631959375 0.79052545 0.3868425265625 0.7732984515625 0.4192417984375
0 0.7625617625000001 0.4523313875 0.781758975 0.4625387265625 0.7976101609375 0.4327269828125 0.7784129484375 0.42251964375 0.7625617625000001 0.4523313875
0 0.7258268078125 0.5015004515625 0.7406506703125 0.5093824390624999 0.7560389046875 0.4804413796875 0.7412150421875 0.47255939218750004 0.7258268078125 0.5015004515625
0 0.689675225 0.697269996875 0.722965109375 0.714970540625 0.7411114890625 0.680842165625 0.7078216046875 0.6631416203125 0.689675225 0.697269996875
0 0.668327484375 0.7380016953124999 0.7008861765625001 0.755313459375 0.7190325578125 0.72118508125 0.6864738640625 0.7038733171875 0.668327484375 0.7380016953124999
0 0.6478094999999999 0.7730791499999999 0.6796370015625001 0.7900021328125 0.6961728328125 0.7589027578125 0.6643453312500001 0.741979775 0.6478094999999999 0.7730791499999999
0 0.622627771875 0.813982365625 0.6547036015625001 0.8310373875 0.6739975796875 0.79475069375 0.6419217484375 0.777695671875 0.622627771875 0.813982365625
0 0.6008725625 0.847293003125 0.6341624453125 0.8649935484375 0.6497788953125 0.835623278125 0.6164890125 0.8179227328125 0.6008725625 0.847293003125
0 0.6440655796875 0.5619562671875 0.6600828015625 0.570472775 0.674623378125 0.543125925 0.6586061578125 0.53460941875 0.6440655796875 0.5619562671875
0 0.6267734203125 0.5868648078125001 0.6470053375 0.5976223078125 0.6593550484375 0.5743958796874999 0.6391231312500001 0.5636383796875 0.6267734203125 0.5868648078125001
0 0.6439715140625 0.4960598890625 0.65598098125 0.502445434375 0.6669353171875 0.4818433234375 0.6549258515624999 0.4754577765625 0.6439715140625 0.4960598890625
0 0.62709876875 0.46883366249999997 0.6399497953125 0.475666675 0.6497108921875 0.45730872187499993 0.636859865625 0.45047571093750005 0.62709876875 0.46883366249999997
0 0.6163513734375 0.48954580625000005 0.6292023999999999 0.4963788171875 0.639159109375 0.477652971875 0.6263080828125 0.470819959375 0.6163513734375 0.48954580625000005
0 0.60658356875 0.5079080546875 0.619648434375 0.5148547671875 0.6284119031250001 0.4983730796875 0.6153470375000001 0.4914263671875 0.60658356875 0.5079080546875
0 0.700222090625 0.3851841 0.7124453953125001 0.391683346875 0.7241952265625 0.36958513125 0.7119719203125 0.363085884375 0.700222090625 0.3851841
0 0.9063794921874999 0.2084170140625 0.9280806890625 0.2199557453125 0.944812134375 0.1884884734375 0.9231109375000001 0.17694974375 0.9063794921874999 0.2084170140625
0 0.892534565625 0.23853259375000002 0.9157119390625 0.250856221875 0.9320456374999999 0.220137003125 0.9088682640625001 0.20781337500000002 0.892534565625 0.23853259375000002
0 0.8773476640625001 0.2650481515625 0.8996834796875 0.2769243140625 0.9154172968750001 0.24733330625 0.8930814828125 0.23545714375000001 0.8773476640625001 0.2650481515625
0 0.8268205609375 0.2050311453125 0.8521087312500001 0.218477103125 0.8636629484375 0.1967467828125 0.8383747765624999 0.1833008234375 0.8268205609375 0.2050311453125
0 0.8159009625 0.22709889843750003 0.8327597421874999 0.23606287187500002 0.8437140796874999 0.21546076093750002 0.8268552984375 0.20649678906250002 0.8159009625 0.22709889843750003
0 0.8329929765624999 0.23713855781249998 0.8490101984375 0.245655065625 0.85896690625 0.22692921875 0.8429496859375 0.21841271093749998 0.8329929765624999 0.23713855781249998
0 0.804552328125 0.24845089687500002 0.8296266593749999 0.2617831546875 0.8399811156249999 0.2423092546875 0.814906784375 0.2289769953125 0.804552328125 0.24845089687500002
0 0.79400380625 0.2687890125 0.8096002468749999 0.2770817875 0.8201568359375001 0.25722772968749996 0.8045603953124999 0.24893495468750002 0.79400380625 0.2687890125
0 0.8102164515625001 0.276929659375 0.8272821718750001 0.286003665625 0.8374410156250001 0.266897659375 0.82037529375 0.2578236546875 0.8102164515625001 0.276929659375
0 0.7608026890625 0.22638429062499998 0.777468325 0.2352455671875 0.7886052343750001 0.21430008749999999 0.7719395984374999 0.2054388125 0.7608026890625 0.22638429062499998
0 0.7502260953125 0.2469748953125 0.7674711656250001 0.2561442609375 0.7777930203125 0.2367316765625 0.7605479500000001 0.22756230937500002 0.7502260953125 0.2469748953125
0 0.7396395328125001 0.2675759265625 0.757167421875 0.276895671875 0.76694808125 0.25850092812500003 0.749420190625 0.24918118437499998 0.7396395328125001 0.2675759265625
0 0.734557228125 0.232752671875 0.7457665234374999 0.2387127609375 0.7552733218750001 0.220833071875 0.7440640265625 0.2148729828125 0.734557228125 0.232752671875