0 0.13441742031249998 0.47142363749999994 0.2701170890625 0.45476181406249994 0.24694922031250002 0.26607465625 0.11124955 0.2827364796875 0.13441742031249998 0.47142363749999994
0 0.10718255624999999 0.666299475 0.254513625 0.64820949375 0.23134575625 0.459522334375 0.0840146859375 0.47761231562499995 0.10718255624999999 0.666299475
0 0.27196072656250003 0.646067259375 0.3843975953125 0.6322617484374999 0.3605949890625 0.438405078125 0.2481581203125 0.4522105890625 0.27196072656250003 0.646067259375
0 0.2349986703125 0.8578797874999999 0.3532512390625 0.8433601968750001 0.329766 0.65208828125 0.21151343125 0.6666078718749999 0.2349986703125 0.8578797874999999
0 0.3639648921875 0.8184312140625 0.4589546609375 0.8067679375000001 0.43927784062499997 0.6465130890624999 0.344288071875 0.6581763656249999 0.3639648921875 0.8184312140625
0 0.36067743281250003 1 0.3425719421875 0.8525426203125 0.237889340625 0.865396028125 0.25441663124999997 1 0.36067743281250003 1
0 0.132468928125 0.9203196015625 0.2235815625 0.9091323765625001 0.2039047421875 0.7488775296875 0.11279210625 0.7600647546875 0.132468928125 0.9203196015625
0 0.23080311875 1 0.2225607421875 0.9328712296875 0.129509540625 0.9442964796875 0.136349071875 1 0.23080311875 1
0 0.3639730375 0.96273500625 0.460901371875 0.950833703125 0.44439823125 0.8164264125 0.34746989687499996 0.828327715625 0.3639730375 0.96273500625
0 0.6672874906249999 0.7749368609375 0.7592821734374999 0.7636413328125 0.7472745515625 0.66584710625 0.65527986875 0.6771426328125 0.6672874906249999 0.7749368609375
0 0.6688648781250001 0.5719883890624999 0.7670823609374999 0.5599287984375 0.7578215593750001 0.4845056296875 0.659604078125 0.4965652203125 0.6688648781250001 0.5719883890624999
0 0.6801712890625 0.6639915734375 0.772165971875 0.6526960468749999 0.7615817453125 0.5664944484375 0.6695870625 0.577789975 0.6801712890625 0.6639915734375
0 0.58405941875 0.420871653125 0.630681946875 0.4151471265625 0.6243726703125 0.36376218437499996 0.577750140625 0.3694867109375 0.58405941875 0.420871653125
0 0.518366090625 0.43566762968750006 0.5419875249999999 0.43276728281250004 0.5375094625 0.3962963796875 0.5138880265625 0.399196728125 0.518366090625 0.43566762968750006