0 0.2386973796875 0.21376185625000002 0.390771984375 0.257368546875 0.4489142390625 0.054602407812499996 0.296839634375 0.0109957171875 0.2386973796875 0.21376185625000002
0 0.4355551734375 0.278337259375 0.5932621703125001 0.3235590140625 0.647815396875 0.1333093015625 0.4901084 0.0880875484375 0.4355551734375 0.278337259375
0 0.5976248515625 0.343773784375 0.7553318484375 0.3889955390625 0.8127562984375001 0.188732684375 0.6550493015625001 0.1435109296875 0.5976248515625 0.343773784375
0 1 0.33995202343750003 0.8695237234375 0.302538553125 0.8135348859375 0.49779483593749996 0.9825066687499999 0.5462467140625 1 0.4852402171875 1 0.33995202343750003
0 0.1633261453125 0.38449653281249996 0.3398077859375 0.4351018296875 0.3893363734375 0.26237511874999997 0.21285473281249997 0.211769821875 0.1633261453125 0.38449653281249996
0 0.358306475 0.4485335828125 0.48597404375000003 0.48514166875000003 0.5347848265625 0.31491824375 0.40711725625 0.2783101578125 0.358306475 0.4485335828125
0 0.495527265625 0.501426578125 0.6400920125 0.5428798515625 0.693209628125 0.3576367109375 0.54864488125 0.3161834375 0.495527265625 0.501426578125
0 0.6523505562499999 0.5355584796875 0.78565051875 0.573781628125 0.8294366609375 0.42108120312499997 0.6961367 0.382858053125 0.6523505562499999 0.5355584796875
0 1 0.5485537359375 0.8236400125 0.49798332187499994 0.7568840906250001 0.7307888890625 0.9371206578125 0.7824708921875 1 0.5631845671875 1 0.5485537359375
0 0.122798875 0.589604575 0.3161776921875 0.645055059375 0.371448725 0.4523020625 0.1780699078125 0.396851578125 0.122798875 0.589604575
0 0.33771350624999996 0.66206680625 0.5217050015625 0.71482551875 0.5748226171875 0.5295823796875 0.3908311203125 0.4768236671875 0.33771350624999996 0.66206680625
0 0.5411974500000001 0.7177057765625 0.728943875 0.771541196875 0.7784724625 0.5988144859375 0.5907260375 0.544979065625 0.5411974500000001 0.7177057765625
0 0.8747451890625 1 0.9335316296875 0.7949873203125 0.7589274546875 0.7449203796874999 0.6914537265625 0.9802292328125001 0.7604025875 1 0.8747451890625 1
0 0.056153004687499994 0.80076879375 0.234512109375 0.8519124437500001 0.294089975 0.644139734375 0.1157308703125 0.592996084375 0.056153004687499994 0.80076879375
0 0.25400455625 0.8547927015625 0.46803548125 0.91616508125 0.52402431875 0.7209087984375 0.3099933953125 0.65953641875 0.25400455625 0.8547927015625
0 0.49084100468749997 0.9145771203124999 0.6785874296875 0.9684125421875001 0.730269434375 0.7881759734375 0.542523009375 0.734340553125 0.49084100468749997 0.9145771203124999