0 0.82546875 0.00439453125 0.5425 0.00439453125 0.5425 0.12607421875 0.82546875 0.12607421875 0.82546875 0.00439453125
0 0.8123046875 0.14953125 0.5395703125 0.14953125 0.5395703125 0.2521875 0.8123046875 0.2521875 0.8123046875 0.14953125
0 0.809375 0.258046875 0.543984375 0.258046875 0.543984375 0.37093750000000003 0.809375 0.37093750000000003 0.809375 0.258046875
0 0.99849609375 0.10263671875 0.87681640625 0.10263671875 0.87681640625 0.32111328125 0.99849609375 0.32111328125 0.99849609375 0.10263671875
0 0.7683203125 0.42373046875 0.6788671875000001 0.42373046875 0.6788671875000001 0.59236328125 0.7683203125 0.59236328125 0.7683203125 0.42373046875
0 0.8636328125 0.41935546874999996 0.7756640625 0.41935546874999996 0.7756640625 0.58798828125 0.8636328125 0.58798828125 0.8636328125 0.41935546874999996
0 0.7565625 0.59677734375 0.6759375000000001 0.59677734375 0.6759375000000001 0.81962890625 0.7565625 0.81962890625 0.7565625 0.59677734375
0 0.8621484374999999 0.5967578125 0.7594921875 0.5967578125 0.7594921875 0.8548046875 0.8621484374999999 0.8548046875 0.8621484374999999 0.5967578125
0 0.45433593749999995 0.46396484375 0.4205859375 0.46396484375 0.4205859375 0.65197265625 0.45433593749999995 0.65197265625 0.45433593749999995 0.46396484375
0 0.50615234375 0.4651953125 0.46275390625 0.4651953125 0.46275390625 0.6688671875 0.50615234375 0.6688671875 0.50615234375 0.4651953125
0 0.45552734375000004 0.6555859374999999 0.41697265625 0.6555859374999999 0.41697265625 0.7568359375 0.45552734375000004 0.7568359375 0.45552734375000004 0.6555859374999999
0 0.50134765625 0.6748828125 0.46880859375000006 0.6748828125 0.46880859375000006 0.7676953125 0.50134765625 0.7676953125 0.50134765625 0.6748828125
0 0.40611328125 0.5784765625 0.32779296874999997 0.5784765625 0.32779296874999997 0.6797265625 0.40611328125 0.6797265625 0.40611328125 0.5784765625
0 0.40132812500000004 0.6857421875 0.33382812500000003 0.6857421875 0.33382812500000003 0.7448046875000001 0.40132812500000004 0.7448046875000001 0.40132812500000004 0.6857421875
0 0.31126953125 0.5594140624999999 0.24451171875000002 0.5594140624999999 0.24451171875000002 0.6181640625 0.31126953125 0.6181640625 0.31126953125 0.5594140624999999
0 0.30546875 0.6203125 0.24523437499999998 0.6203125 0.24523437499999998 0.6754687500000001 0.30546875 0.6754687500000001 0.30546875 0.6203125
0 0.3098046875 0.67765625 0.2466796875 0.67765625 0.2466796875 0.72265625 0.3098046875 0.72265625 0.3098046875 0.67765625