0 0.23397239218750002 0.10606060625 0.015107362499999999 0.10606060625 0.015107362499999999 0.3367965375 0.23397239218750002 0.3367965375 0.23397239218750002 0.10606060625
0 0.39878834375 0.2753896109375 0.24716257656249999 0.2753896109375 0.24716257656249999 0.3982034625 0.39878834375 0.3982034625 0.39878834375 0.2753896109375
0 0.2972699390625 0.47075757500000004 0.16806748437500002 0.47075757500000004 0.16806748437500002 0.647510821875 0.2972699390625 0.647510821875 0.2972699390625 0.47075757500000004
0 0.1641104296875 0.42610389687500005 0.01380368125 0.42610389687500005 0.01380368125 0.6307792203125 0.1641104296875 0.6307792203125 0.1641104296875 0.42610389687500005
0 0.39877300625 0.506125540625 0.3025153375 0.506125540625 0.3025153375 0.66426406875 0.39877300625 0.66426406875 0.39877300625 0.506125540625
0 0.16673312812500002 0.7163419906249999 0.012469325 0.7163419906249999 0.012469325 0.9303246749999999 0.16673312812500002 0.9303246749999999 0.16673312812500002 0.7163419906249999
0 0.29463190156249996 0.7238095234374999 0.17070552187500002 0.7238095234374999 0.17070552187500002 0.9173160171875001 0.29463190156249996 0.9173160171875001 0.29463190156249996 0.7238095234374999
0 0.394846625 0.7368398265625 0.2985889578125 0.7368398265625 0.2985889578125 0.9042857140624999 0.394846625 0.9042857140624999 0.394846625 0.7368398265625
0 0.39878834375 0.053982684375 0.241886503125 0.053982684375 0.241886503125 0.145151515625 0.39878834375 0.145151515625 0.39878834375 0.053982684375
0 0.509524540625 0.148874459375 0.42777607343749996 0.148874459375 0.42777607343749996 0.25121212187499997 0.509524540625 0.25121212187499997 0.509524540625 0.148874459375
0 0.504263803125 0.3219047625 0.42383435625 0.3219047625 0.42383435625 0.46891774843749995 0.504263803125 0.46891774843749995 0.504263803125 0.3219047625
0 0.5002914109375001 0.5451948046874999 0.43173312812500003 0.5451948046874999 0.43173312812500003 0.6698701296875 0.5002914109375001 0.6698701296875 0.5002914109375001 0.5451948046874999
0 0.505567484375 0.7479653671875 0.434371165625 0.7479653671875 0.434371165625 0.8949783546875001 0.505567484375 0.8949783546875001 0.505567484375 0.7479653671875
0 0.5748006140624999 0.37125541093750003 0.504401840625 0.37125541093750003 0.504401840625 0.5045887453125 0.5748006140624999 0.5045887453125 0.5748006140624999 0.37125541093750003
0 0.5729447859375 0.1725541125 0.5071779140625 0.1725541125 0.5071779140625 0.3045887453125 0.5729447859375 0.3045887453125 0.5729447859375 0.1725541125
0 0.629478528125 0.23660173125 0.572975459375 0.23660173125 0.572975459375 0.34902597343749997 0.629478528125 0.34902597343749997 0.629478528125 0.23660173125
0 0.6322392640625 0.42227272656250003 0.57389570625 0.42227272656250003 0.57389570625 0.53339826875 0.6322392640625 0.53339826875 0.6322392640625 0.42227272656250003
0 0.5692484656250001 0.5608225109375 0.4997699390625 0.5608225109375 0.4997699390625 0.6954545453125001 0.5692484656250001 0.6954545453125001 0.5692484656250001 0.5608225109375
0 0.624846625 0.5896103890625 0.57110429375 0.5896103890625 0.57110429375 0.7098701296875001 0.624846625 0.7098701296875001 0.624846625 0.5896103890625
0 0.5785122703125001 0.7543290046875 0.508113496875 0.7543290046875 0.508113496875 0.8889610390625 0.5785122703125001 0.8889610390625 0.5785122703125001 0.7543290046875
0 0.6276073625 0.7582251078125 0.579447853125 0.7582251078125 0.579447853125 0.8915584421875 0.6276073625 0.8915584421875 0.6276073625 0.7582251078125