0 0.40835719687500005 0.825982678125 0.5140316625 0.835227996875 0.5222919765625 0.740812178125 0.4166175109375 0.731566859375 0.40835719687500005 0.825982678125
0 0.5178100828125001 0.8163324624999999 0.5840258984375 0.8221255953125001 0.5918227484374999 0.7330071890625 0.5256069328125 0.72721405625 0.5178100828125001 0.8163324624999999
0 0.39618386562499996 0.9082937453125 0.5131277843750001 0.9185250125 0.5215726640625 0.8219996046875 0.40462874531250004 0.8117683375 0.39618386562499996 0.9082937453125
0 0.6448182515624999 0.800719009375 0.71596834375 0.8069438359375001 0.723115115625 0.7252558703124999 0.6519650218749999 0.71903104375 0.6448182515624999 0.800719009375
0 0.6220720046875 0.7035904703125 0.7066084640625 0.7109864515625001 0.7130128734375 0.6377837203125 0.6284764140625 0.6303877390625 0.6220720046875 0.7035904703125
0 0.36750049218749997 0.64390539375 0.46752466718749996 0.6526563750000001 0.47365017812500004 0.5826414671875 0.373626003125 0.5738904859375 0.36750049218749997 0.64390539375
0 0.5368819031250001 0.5090607125 0.60098080625 0.5146686390624999 0.6032078921874999 0.4892129359375 0.5391089890625 0.4836050078125 0.5368819031250001 0.5090607125
0 0.522297546875 0.5783237578125 0.6047170921875 0.585534534375 0.6105637046875 0.51870745 0.5281441578125 0.5114966734374999 0.522297546875 0.5783237578125
0 0.6059234890625 0.4744876984375 0.6700223921874999 0.48009562656250004 0.6741053828125 0.4334268359375 0.6100064796875 0.4278189078125 0.6059234890625 0.4744876984375
0 0.6471116828125 0.522979659375 0.666833225 0.5247050718749999 0.670545034375 0.48227889843750005 0.6508234921875 0.4805534859375 0.6471116828125 0.522979659375
0 0.612915553125 0.5242747890625 0.6460234609375 0.5271713546875 0.6499218859375 0.48261215156250004 0.6168139781249999 0.47971558437499995 0.612915553125 0.5242747890625
0 0.6388949296875001 0.5682239265625 0.6614338359375 0.570195825 0.665239978125 0.5266914171875 0.642701071875 0.52471951875 0.6388949296875001 0.5682239265625
0 0.6109494765625 0.5711287859375 0.6363057453125001 0.573347171875 0.6404830687499999 0.5256001453125 0.6151268 0.5233817593750001 0.6109494765625 0.5711287859375
0 0.8352271453125001 0.7094138531249999 0.9000420625000001 0.7150844249999999 0.9057041109374999 0.650366928125 0.8408891921875 0.6446963578125 0.8352271453125001 0.7094138531249999
0 0.783817859375 0.6642673265625 0.8401806875 0.6691984343749999 0.8432424171875 0.6342027 0.7868795890625 0.6292715921875 0.783817859375 0.6642673265625
0 0.6754344375 0.475514590625 0.70664335 0.4782450171875 0.7093851671875 0.4469059046875 0.6781762546875 0.444175478125 0.6754344375 0.475514590625
0 0.73097239375 0.45366011562499997 0.7625860109375 0.45642594843750006 0.7645895671875 0.433525190625 0.7329759515625 0.4307593578125 0.73097239375 0.45366011562499997
0 0.298444528125 0.7709702890625 0.31559775624999997 0.7724710031249999 0.3195023328125 0.7278414796875 0.30234910625 0.7263407671875 0.298444528125 0.7709702890625
0 0.2947893203125 0.9564398375 0.34626456875 0.9609433390625 0.35037421874999997 0.913969828125 0.2988989703125 0.9094663265625 0.2947893203125 0.9564398375
0 0.18753026875 0.50465476875 0.21078518906250002 0.5066893109375 0.21576639531250003 0.4497538546875 0.19251147500000002 0.4477193125 0.18753026875 0.50465476875
0 0.221532190625 0.5111370171875 0.2453786015625 0.5132233078125 0.25135440937500003 0.44491951093750004 0.2275079984375 0.44283322031249994 0.221532190625 0.5111370171875
0 0.2595210796875 0.5056624281250001 0.28568675625 0.507951628125 0.291127325 0.4457656390625 0.26496164843750003 0.4434764390625 0.2595210796875 0.5056624281250001
0 0.289718509375 0.50211610625 0.3170516015625 0.5045074421875 0.32195488125 0.4484627 0.2946217890625 0.44607136562500005 0.289718509375 0.50211610625
0 0.40063263125 0.5135912828125 0.44192801406250004 0.5172041593750001 0.44851698906250004 0.44189184062500003 0.40722160625 0.4382789625 0.40063263125 0.5135912828125
0 0.0202249078125 0.6258992234375 0.071077534375 0.6303482515625001 0.07721945 0.5601458265625 0.026366825 0.5556967984375001 0.0202249078125 0.6258992234375
0 0.0199712953125 0.701942959375 0.07010790624999999 0.7063293453124999 0.0768999015625 0.628696478125 0.026763290625000002 0.62431009375 0.0199712953125 0.701942959375