0 0.8037054734375 0.62216538125 0.8624509437500001 0.6007837781250001 0.8360235546875 0.528175121875 0.7772780828125 0.549556725 0.8037054734375 0.62216538125
0 0.5744893281250001 0.55413511875 0.58872665 0.54895315625 0.577785171875 0.51889169375 0.56354785 0.52407365625 0.5744893281250001 0.55413511875
0 0.5877859484375 0.5546755546875 0.6052877234375 0.5483054296875001 0.5924271328125 0.5129712468750001 0.5749253578125 0.519341371875 0.5877859484375 0.5546755546875
0 0.6281437828125 0.5584963000000001 0.6480192609375 0.55126221875 0.6347754796875 0.51487523125 0.614900003125 0.5221093125 0.6281437828125 0.5584963000000001
0 0.6211615765625 0.5873119671875 0.63807115 0.5811573859375 0.6269396609375 0.5505738703125 0.6100300875 0.5567284515625001 0.6211615765625 0.5873119671875
0 0.6386647875 0.59109535 0.6573509671875 0.5842941359375 0.6427644406249999 0.5442179859375 0.6240782609375 0.5510191984375 0.6386647875 0.59109535
0 0.6597245218750001 0.593579334375 0.6778184984375 0.586993665625 0.663421984375 0.5474395671875001 0.6453280078125 0.5540252359375 0.6597245218750001 0.593579334375
0 0.5731229640625 0.5826951953124999 0.5841007281249999 0.5786996171875 0.57354560625 0.5496996578125 0.56256784375 0.5536952375 0.5731229640625 0.5826951953124999
0 0.5860181125 0.58398281875 0.59996178125 0.5789077390624999 0.5884439375 0.5472627203125 0.57450026875 0.5523378 0.5860181125 0.58398281875
0 0.600275153125 0.5871543734375 0.6162939765625 0.5813239984374999 0.6036265640625 0.54652056875 0.587607740625 0.5523509437499999 0.600275153125 0.5871543734375
0 0.4406714265625 0.42124581250000004 0.44953488124999996 0.418019778125 0.44198510312500006 0.397276934375 0.4331216484375 0.40050296875 0.4406714265625 0.42124581250000004
0 0.44919487656249996 0.4175424671875 0.4567271 0.41480096250000004 0.4489873109375 0.393536065625 0.44145508749999995 0.3962775703125 0.44919487656249996 0.4175424671875
0 0.45614195156250004 0.414122196875 0.46559271406249997 0.4106824015625 0.457659746875 0.38888675156249997 0.448208984375 0.3923265484375 0.45614195156250004 0.414122196875
0 0.465502603125 0.41041959375000003 0.47480653906250003 0.4070332375 0.4664935484375 0.38419348593749997 0.4571896140625 0.38757984218749997 0.465502603125 0.41041959375000003
0 0.48354503906249996 0.431506525 0.501712428125 0.42489413593750003 0.49311125625 0.40126260625 0.47494386562499996 0.40787499687500006 0.48354503906249996 0.431506525
0 0.47481588593749996 0.4364720859375 0.48352761875 0.433301275 0.47444825156250003 0.4083559171875 0.46573651875 0.411526728125 0.47481588593749996 0.4364720859375
0 0.46564611093749997 0.4406915015625 0.4752436984375 0.4371982640625 0.4664525140625 0.41304468281249995 0.456854925 0.41653791875 0.46564611093749997 0.4406915015625
0 0.45796864375 0.44349079687500004 0.46535403906250006 0.4408027328125 0.45694604375000003 0.4177019546875 0.449560646875 0.42039001875000004 0.45796864375 0.44349079687500004
0 0.44284834375 0.4492848140625 0.4512664234375 0.446220884375 0.44343162812500003 0.4246949625 0.43501354843750006 0.4277588921875 0.44284834375 0.4492848140625
0 0.41099695468749997 0.4968627453125 0.41808380468750006 0.49428334375 0.41139541093750004 0.47590713281249997 0.40430856249999997 0.478486534375 0.41099695468749997 0.4968627453125
0 0.419213940625 0.49416761249999996 0.42703981718749995 0.4913192265625 0.42063644062499994 0.47372609218750006 0.4128105625 0.47657447968750005 0.419213940625 0.49416761249999996
0 0.4280247109375 0.4912612875 0.44323598437499995 0.48572483593750004 0.4370257859375 0.468662453125 0.42181451093750005 0.47419890468750003 0.4280247109375 0.4912612875
0 0.41349617343749995 0.51706915 0.42353913906249996 0.513413809375 0.41617937187500004 0.49319301718749997 0.4061364078125 0.49684835781250003 0.41349617343749995 0.51706915
0 0.424849784375 0.5147153296875 0.435186403125 0.510953109375 0.42811482031250003 0.49152409375 0.41777820156249995 0.4952863140625 0.424849784375 0.5147153296875
0 0.436703759375 0.5118936421875 0.45162137968750005 0.506464071875 0.44426161249999996 0.486243278125 0.42934399218749997 0.4916728484375 0.436703759375 0.5118936421875
0 0.3913351109375 0.46030895625 0.40181855625 0.45649329375000003 0.39522516875 0.4383781078125 0.384741721875 0.44219377031249996 0.3913351109375 0.46030895625
0 0.402315753125 0.4560167234375 0.412652371875 0.4522545015625 0.4061539890625 0.43440034218749995 0.39581737031249997 0.4381625640625 0.402315753125 0.4560167234375
0 0.4125763671875 0.45020307812500004 0.42409739062499996 0.44600976875000004 0.41778901875 0.428677659375 0.4062679953125 0.43287096875 0.4125763671875 0.45020307812500004
0 0.45835596562500003 0.5746870953125 0.47349872031249995 0.569175584375 0.46449535624999994 0.544439046875 0.449352603125 0.5499505578125 0.45835596562500003 0.5746870953125