0 0.1611408875 0.359851034375 0.295347728125 0.3859382015625 0.3316213140625 0.1993267859375 0.197414471875 0.17323961875 0.1611408875 0.359851034375
0 0.075019046875 0.5367729328124999 0.22072933125 0.5650961437500001 0.2570029171875 0.37848472499999997 0.11129263125 0.35016151562500003 0.075019046875 0.5367729328124999
0 0.237984496875 0.5684502078125 0.3491844515625 0.5900652890625 0.3864518328125 0.3983412296875 0.275251878125 0.3767261484375 0.237984496875 0.5684502078125
0 0.137377821875 0.7584739890625001 0.2543294984375 0.7812070921875 0.29109998125000003 0.592039353125 0.17414830625 0.56930625 0.137377821875 0.7584739890625001
0 0.27222226875 0.760808921875 0.3661670578125 0.7790699390625 0.39697475937500004 0.6205780484375001 0.3030299703125 0.6023170312499999 0.27222226875 0.760808921875
0 0.1084873609375 0.9173385515625 0.212018353125 0.9374629375 0.241335359375 0.7866400109375 0.1378043671875 0.766515625 0.1084873609375 0.9173385515625
0 0.0205712796875 0.7861743484375 0.11068158749999998 0.80369001875 0.1414892890625 0.6451981296875 0.05137898125 0.6276824609375 0.0205712796875 0.7861743484375
0 0 0.9095152843750001 0.08299598124999999 0.9256480687499999 0.10237502031250001 0.8259515578125001 0.010347471875 0.8080632140624999 0 0.8612963406249999 0 0.9095152843750001
0 0.22763768906249998 0.8980525 0.32349971875 0.916686190625 0.34933843750000004 0.7837575109375 0.25347640781249997 0.76512381875 0.22763768906249998 0.8980525
0 0.5741396953125 0.8131751703125 0.6651223468749999 0.83086040625 0.6839225 0.734142009375 0.592939846875 0.7164567734375 0.5741396953125 0.8131751703125
0 0.6383544078125001 0.6206471437500001 0.7354914031249999 0.6395286625 0.7499908984375 0.564935221875 0.652853903125 0.546053703125 0.6383544078125001 0.6206471437500001
0 0.62067689375 0.7116412453125001 0.711659546875 0.72932648125 0.728231109375 0.6440731828125 0.63724845625 0.626387946875 0.62067689375 0.7116412453125001
0 0.6043972609375 0.450720259375 0.6505068984375 0.4596830640625 0.6603852390625 0.40886340624999995 0.6142756031250001 0.3999006 0.6043972609375 0.450720259375
0 0.5373469859375 0.4444917140625 0.5607085625 0.44903274531250004 0.5677197984375 0.4129630578125 0.5443582218749999 0.40842202812500006 0.5373469859375 0.4444917140625