0 0.115003290625 0.45540327343750003 0.2583840140625 0.38854374375 0.16923797499999998 0.1973694453125 0.0258572515625 0.26422897500000003 0.115003290625 0.45540327343750003
0 0.30593902968750003 0.3749886171875 0.45463015156250003 0.3056528078125 0.37098695312499996 0.1262793921875 0.22229583125 0.1956152 0.30593902968750003 0.3749886171875
0 0.4711847921875 0.3180469125 0.6198759140625001 0.2487111046875 0.5318304421875 0.05989698125 0.38313932031250003 0.1292327890625 0.4711847921875 0.3180469125
0 0.7351810640625 0.29263834843750003 0.8944929796875 0.2183499828125 0.8086486453124999 0.0342562125 0.6493367296875 0.1085445796875 0.7351810640625 0.29263834843750003
0 0.17013192500000002 0.6337063484375001 0.3365243703125 0.556116278125 0.2605851515625 0.39326409687499997 0.09419270625000001 0.47085416875 0.17013192500000002 0.6337063484375001
0 0.35929753125 0.5541171171875 0.479666534375 0.4979881296875 0.40482788437500006 0.3374961265625 0.28445888125 0.3936251140625 0.35929753125 0.5541171171875
0 0.49756030312500005 0.5040110296875 0.6338604984375 0.44045320468750004 0.5524184375 0.265800140625 0.4161182421875 0.32935796562499997 0.49756030312500005 0.5040110296875
0 0.6383088859375 0.42688536718750003 0.7639882859375 0.3682801 0.6968536140625 0.22430933125000002 0.5711742140625 0.2829145984375 0.6383088859375 0.42688536718750003
0 1 0.39377415625 0.9128638671875 0.2069101171875 0.7429311578125 0.2861510421875 0.8452840171875 0.505647459375 1 0.4335022109375 1 0.39377415625
0 0.2741085875 0.8150916359375 0.456432225 0.730072728125 0.37168845781250004 0.548339134375 0.18936482187499998 0.6333580421875 0.2741085875 0.8150916359375
0 0.48384621875 0.728782890625 0.65731919375 0.6478911140625 0.5758771328125001 0.4732380515625 0.4024041578125 0.554129828125 0.48384621875 0.728782890625
0 0.6739199499999999 0.6372766750000001 0.8509331890625 0.5547340468749999 0.7749939703125001 0.391881865625 0.5979807312500001 0.4744244953125 0.6739199499999999 0.6372766750000001
0 1 0.44786911093750004 0.85609725625 0.5149720624999999 0.9595506859375 0.7368286562499999 1 0.7179668312499999 1 0.44786911093750004
0 0.40133989843749995 1 0.53050908125 0.9397674203124999 0.43916190468750005 0.74387276875 0.270999328125 0.8222882671875 0.35386766875000003 1 0.40133989843749995 1
0 0.5471098375000001 0.9291529828125 0.74890493125 0.835054384375 0.6630605953125001 0.6509606156250001 0.46126550312500003 0.7450592125 0.5471098375000001 0.9291529828125
0 0.76507468125 0.818894165625 0.942087921875 0.7363515375 0.862846996875 0.5664188265625001 0.6858337578125 0.64896145625 0.76507468125 0.818894165625