0 0.1584949125 0.3423311640625 0.26953242187500004 0.2974690984375 0.23938179375000002 0.2228436765625 0.128344284375 0.2677057421875 0.1584949125 0.3423311640625
0 0.1993400375 0.4434264 0.25891884374999996 0.41935500000000003 0.22520425156249999 0.335908453125 0.1656254453125 0.35997985312499997 0.1993400375 0.4434264
0 0.23953416875000003 0.5364035390625 0.3487607734375 0.4922731265625 0.3156913359375 0.4104233953125 0.20646473125 0.454553809375 0.23953416875000003 0.5364035390625
0 0.281597865625 0.6314115390625 0.34613855312499997 0.6053354093750001 0.3108006640625 0.5178710640624999 0.24625997656249998 0.5439471953125 0.281597865625 0.6314115390625
0 0.3411499453125 0.5942811921875 0.454440221875 0.54850895 0.422343721875 0.46906732343749996 0.3090534453125 0.514839565625 0.3411499453125 0.5942811921875
0 0.32286435 0.7192742796875 0.433901859375 0.6744122140625 0.3995369078125 0.589355971875 0.288499396875 0.6342180390625 0.32286435 0.7192742796875
0 0.46646841562499997 0.9087931734374999 0.5576946140625 0.8719353968749999 0.5282307640624999 0.7990098109375 0.437004565625 0.8358675874999999 0.46646841562499997 0.9087931734374999
0 0.4687405828125 1 0.5472591109375 0.9682764546874999 0.51576614375 0.8903286250000001 0.4287847078125 0.92547140625 0.458896215625 1 0.4687405828125 1
0 0.3478436203125 0.89998528125 0.3731093796875 0.8897772515625 0.35628329999999997 0.8481312421875 0.331017540625 0.858339271875 0.3478436203125 0.89998528125
0 0.332990028125 0.9306879625000001 0.3582557890625 0.9204799328125001 0.344728328125 0.8869982937499999 0.31946256875 0.8972063234375 0.332990028125 0.9306879625000001
0 0.31911071875 0.8831028328125001 0.3407039609375 0.874378596875 0.3281650453125 0.8433436921874999 0.306571803125 0.8520679296875 0.31911071875 0.8831028328125001
0 0.3187793859375 1 0.3032993125 0.961685475 0.26563246875 0.9769038671875 0.2749639109375 1 0.3187793859375 1
0 0.595952278125 0.7892945703125 0.6400514609375 0.77147734375 0.6133243203125 0.7053253515625 0.5692251390624999 0.7231425781249999 0.595952278125 0.7892945703125
0 0.5817103328125001 0.86250205 0.6630200109375 0.8296508078124999 0.6376144 0.7667697140625 0.556304721875 0.79962095625 0.5817103328125001 0.86250205
0 0.6347850328125 0.89996595 0.6807240953125 0.8814053640624999 0.6602664140625001 0.8307708234375 0.6143273515625001 0.849331409375 0.6347850328125 0.89996595
0 0.6298523890625 0.9684460406250001 0.7028970921875 0.938934065625 0.6817786453125 0.8866640765625 0.6087339421875 0.9161760515624999 0.6298523890625 0.9684460406250001
0 0.8925110984375 0.555684125 0.9617311671875 0.5277174015625 0.933729325 0.4584104078125 0.8645092546875001 0.4863771328125 0.8925110984375 0.555684125
0 0.9098454828125 0.611205634375 0.9738936046875001 0.5853285140625 0.9470363921875 0.5188545812500001 0.8829882703124999 0.544731703125 0.9098454828125 0.611205634375
0 0.92816506875 0.6679768593750001 0.9949947421875001 0.6409759171875 0.9669928999999999 0.571668925 0.9001632265625 0.598669865625 0.92816506875 0.6679768593750001
0 1 0.6636772671875 0.980265621875 0.61483296875 0.9114439515624999 0.642638728125 0.94030426875 0.71407051875 1 0.689951878125 1 0.6636772671875
0 1 0.68658671875 0.9983124421875 0.6824098671875001 0.933467521875 0.708608915625 0.954898140625 0.761651559375 1 0.7434292250000001 1 0.68658671875
0 0.8220155968749999 0.1876548421875 0.8554304343749999 0.174154371875 0.8248583734375 0.09848586718749999 0.7914435375 0.1119863375 0.8220155968749999 0.1876548421875
0 0.8480349703125001 0.26351498906250004 0.8687227609375 0.2551565796875 0.8381506999999999 0.179488075 0.8174629109374999 0.187846484375 0.8480349703125001 0.26351498906250004
0 0.8765717109375 0.34330133906250004 0.90958815 0.3299618328125 0.875301240625 0.2450987546875 0.842284803125 0.2584382609375 0.8765717109375 0.34330133906250004
0 0.8982005031250001 0.4094310265625 0.91888829375 0.4010726171875 0.8871716015625 0.3225710515625 0.8664838125 0.33092946093750003 0.8982005031250001 0.4094310265625
0 0.9344090093749999 0.42688075937500003 0.9714021953125 0.4119345421875 0.9342589109375 0.3200016875 0.8972657249999999 0.3349479046875 0.9344090093749999 0.42688075937500003
0 0.76863244375 0.136841371875 0.781359490625 0.1316993109375 0.7633575625 0.087142975 0.7506305156249999 0.09228503593750001 0.76863244375 0.136841371875
0 0.7908691046875 0.237875209375 0.8034585234374999 0.2327887546875 0.784421225 0.18566978750000002 0.77183180625 0.1907562421875 0.7908691046875 0.237875209375
0 0.844587525 0.339049621875 0.8578433562500001 0.33369391875 0.83705789375 0.2822480921875 0.8238020625000001 0.2876037953125 0.844587525 0.339049621875
0 0.8271777765625 0.336032271875 0.8382243031250001 0.3315691859375 0.818073590625 0.281694421875 0.8070270640625001 0.2861575078125 0.8271777765625 0.336032271875
0 0.6905579375 0.2647496015625 0.7317524265625 0.24810594843749997 0.7128452000000001 0.20130891874999998 0.6716507109375 0.217952571875 0.6905579375 0.2647496015625
0 0.6488267578125 0.173546903125 0.6915496515624999 0.1562857328125 0.672642425 0.10948870468750001 0.62991953125 0.1267498734375 0.6488267578125 0.173546903125
0 0.671208946875 0.215764271875 0.6952432921875 0.20605376562500002 0.6760655156250001 0.15858710468749998 0.652031171875 0.168297609375 0.671208946875 0.215764271875
0 0.7023393125 0.207141415625 0.723316846875 0.198665940625 0.7049611234375 0.1532339328125 0.6839835890625 0.16170940625000002 0.7023393125 0.207141415625
0 0.7097320921875 0.3122177265625 0.7314774515625 0.30343203124999996 0.713121728125 0.2580000234375 0.6913763687500001 0.2667857171875 0.7097320921875 0.3122177265625
0 0.74190343125 0.303960721875 0.7617364734375001 0.295947653125 0.7431049984375 0.249833134375 0.72327195625 0.257846203125 0.74190343125 0.303960721875
0 0.7282133625 0.362340071875 0.768647271875 0.3460037125 0.7491937421875 0.2978545390625 0.708759834375 0.31419089843750003 0.7282133625 0.362340071875
0 0.773328740625 0.48058436875000005 0.807656275 0.4667151453125 0.7928593140625 0.43009138281250003 0.7585317796875 0.44396060625 0.773328740625 0.48058436875000005
0 0.7888932640624999 0.5224030375 0.823220796875 0.5085338140625 0.8095216421875 0.47462721406249997 0.7751941078125 0.4884964390625 0.7888932640624999 0.5224030375
0 0.8026578109375 0.5641774890625 0.83736925625 0.5501531546875 0.8236701015625 0.5162465578125001 0.78895865625 0.5302708921875 0.8026578109375 0.5641774890625
0 0.8186150703124999 0.6058524625 0.852942603125 0.5919832390625 0.8389676968750001 0.5573941296875 0.8046401624999999 0.571263353125 0.8186150703124999 0.6058524625
0 0.8335744203125 0.643983478125 0.8640918078125001 0.631653653125 0.8517610078125 0.6011338515625 0.8212436203125 0.6134636765625 0.8335744203125 0.643983478125
0 0.6176422796875001 0.2357588484375 0.637823015625 0.2276053015625 0.6251904484375 0.1963386015625 0.6050097125 0.20449214843750002 0.6176422796875001 0.2357588484375
0 0.6390734640625 0.427437915625 0.6552195015625 0.42091449374999995 0.6450739078125001 0.3958032640625 0.6289278703125001 0.4023266875 0.6390734640625 0.427437915625
0 0.6488689437499999 0.46164094218749996 0.669339425 0.45337033125000004 0.6579503437499999 0.42518136562500003 0.6374798625 0.4334519765625 0.6488689437499999 0.46164094218749996
0 0.5584872921875 0.384873903125 0.57175036875 0.37951527343749997 0.56284305625 0.3574689 0.54957998125 0.36282753125 0.5584872921875 0.384873903125
0 0.54162350625 0.2742393734375 0.5537348453125001 0.26934607499999996 0.544000278125 0.2452521734375 0.5318889390625 0.25014547187499997 0.54162350625 0.2742393734375
0 0.5627268859375001 0.060005023437500006 0.5866598187500001 0.050335490625 0.573611021875 0.0180385859375 0.5496780890624999 0.02770811875 0.5627268859375001 0.060005023437500006
0 0.4940520421875 0.0817820703125 0.5107775703125 0.07502451875 0.5010430015625 0.050930615624999995 0.48431747343750003 0.05768816718749999 0.4940520421875 0.0817820703125
0 0.50267323125 0.10394404374999999 0.5289096375 0.093343846875 0.5197994140625 0.0707952515625 0.49356300781250007 0.08139544843749999 0.50267323125 0.10394404374999999
0 0.513956775 0.0779193578125 0.53154429375 0.0708135390625 0.5216016109375 0.0462045359375 0.5040140921875 0.05331035468749999 0.513956775 0.0779193578125
0 0.5118676875 0.12586691249999998 0.5288757171875 0.11899522343749999 0.5208008640624999 0.099009259375 0.503792834375 0.1058809484375 0.5118676875 0.12586691249999998
0 0.48321059218749995 0.0599329359375 0.5108884796875001 0.04875034375 0.5015701406249999 0.0256866453125 0.473892253125 0.0368692375 0.48321059218749995 0.0599329359375
0 0.5669959109375 0.4039730796875 0.580360396875 0.39857347656250003 0.5723323687499999 0.3787034109375 0.5589678828125 0.3841030140625 0.5669959109375 0.4039730796875
0 0.5752774890625 0.4250963625 0.5888592828125 0.4196089609375 0.580201709375 0.3981807125 0.5666199140625 0.4036681125 0.5752774890625 0.4250963625
0 0.5400649515625 0 0.5367023765625001 0.0013585687500000001 0.5490331765625001 0.031878368750000004 0.577638246875 0.0203211703125 0.5694279609375 0 0.5400649515625 0