0 0.3424371890625 0.40772458125 0.3827605984375 0.40490489375000005 0.379597659375 0.359672753125 0.33927425 0.36249244062499997 0.3424371890625 0.40772458125
0 0.3767919890625 0.4039206984375 0.4010608515625 0.40222365312499997 0.39770285156249996 0.354202028125 0.37343398906249997 0.3558990734375 0.3767919890625 0.4039206984375
0 0.40218402812500004 0.401448971875 0.4213663546875 0.4001076140625 0.41820341406250006 0.35487547343750003 0.3990210890625 0.3562168328125 0.40218402812500004 0.401448971875
0 0.41950812343750005 0.39044518125 0.4383007734375 0.38913107187499996 0.43567263437500003 0.3515469234375 0.41687998281249994 0.35286103281250003 0.41950812343750005 0.39044518125
0 0.234515428125 0.47891698437499997 0.27249040468749997 0.4762615140625 0.26913240625 0.428239890625 0.2311574296875 0.4308953609375 0.234515428125 0.47891698437499997
0 0.268819065625 0.46881892968749994 0.3044404140625 0.4663280421875 0.30074202968749997 0.413438675 0.26512068125 0.41592956093750005 0.268819065625 0.46881892968749994
0 0.326417603125 0.4598950609375 0.3639977109375 0.4572672046875 0.360201796875 0.40298309374999997 0.3226216890625 0.40561094999999997 0.326417603125 0.4598950609375
0 0.36282401875 0.45175695156250006 0.38748775 0.4500322953125 0.384665196875 0.409667896875 0.360001465625 0.41139255312499995 0.36282401875 0.45175695156250006
0 0.3851424390625 0.44460396874999997 0.40667319687500003 0.443098390625 0.40380220156249996 0.402041240625 0.38227144375 0.4035468171875 0.3851424390625 0.44460396874999997
0 0.40569379375 0.4347667859375 0.42487611875000003 0.4334254265625 0.4225890109375 0.4007182578125 0.40340668593749995 0.4020596171875 0.40569379375 0.4347667859375
0 0.4246843046875 0.4306449984375 0.4423027390625 0.429412996875 0.4397236875 0.3925308359375 0.4221052515625 0.3937628375 0.4246843046875 0.4306449984375
0 0.44024729531249995 0.42256747812500006 0.4574708625 0.4213630890625 0.45489181093750003 0.3844809296875 0.43766824375 0.38568531875 0.44024729531249995 0.42256747812500006
0 0.4571324296875 0.416485928125 0.47122302187500004 0.4155006171875 0.4687899421875 0.380705953125 0.45469935 0.3816912625 0.4571324296875 0.416485928125
0 0.2155321640625 0.601224309375 0.25546070468750004 0.5984322343749999 0.252248678125 0.552498103125 0.21232013749999998 0.5552901796875 0.2155321640625 0.601224309375
0 0.2616632546875 0.6252732828124999 0.295331040625 0.6229190015625 0.292654459375 0.5846421 0.258986671875 0.58699638125 0.2616632546875 0.6252732828124999
0 0.292352753125 0.6084387046875 0.3240617828125 0.6062213937500001 0.3211907875 0.5651642453125 0.2894817578125 0.56738155625 0.292352753125 0.6084387046875
0 0.49348945468750005 0.537035109375 0.516194428125 0.535447421875 0.513809790625 0.5013455109375 0.49110481562499997 0.5029331984375001 0.49348945468750005 0.537035109375
0 0.5148773609374999 0.5278494921875 0.52505563125 0.5271377578124999 0.52286540625 0.4958160953125 0.5126871359375 0.4965278296875 0.5148773609374999 0.5278494921875
0 0.523887209375 0.510428559375 0.5462025109375 0.508868121875 0.54435331875 0.48242343906249996 0.5220380171875 0.4839838765625 0.523887209375 0.510428559375
0 0.48134161718749996 0.5770401359374999 0.50561048125 0.575343090625 0.50288545625 0.5363734359375 0.47861659375 0.5380704796875 0.48134161718749996 0.5770401359374999
0 0.504582959375 0.56632335 0.5210271796875 0.565173459375 0.5192755171875 0.5401235171875001 0.502831296875 0.541273409375 0.504582959375 0.56632335
0 0.5162367515625 0.552926865625 0.529547996875 0.5519960515625 0.5276988046875 0.5255513671875 0.514387559375 0.52648218125 0.5162367515625 0.552926865625
0 0.52778989375 0.54372818125 0.53875270625 0.5429615859375 0.5366115703125 0.5123419109375 0.5256487578125 0.5131085046875 0.52778989375 0.54372818125
0 0.5396807 0.5337958203125 0.5486847546875 0.5331661953125 0.5470790640625001 0.5102037484374999 0.538075009375 0.5108333734375 0.5396807 0.5337958203125
0 0.5487854046875 0.52896839375 0.5585740015625 0.528283909375 0.5565297499999999 0.49904973906250005 0.5467411531249999 0.499734225 0.5487854046875 0.52896839375
0 0.19360136875 0.49016414218750004 0.23705255625000002 0.4871257390625 0.23320819843749999 0.4321488765625 0.1897570109375 0.4351872796875 0.19360136875 0.49016414218750004
0 0.1484312796875 0.5080066609375 0.198932959375 0.5044752390625 0.194796659375 0.4453233859375 0.1442949796875 0.4488548078125 0.1484312796875 0.5080066609375
0 0.09705004843750001 0.5213966 0.154986696875 0.517345275 0.1511907828125 0.46306116406250003 0.0932541328125 0.4671124890625 0.09705004843750001 0.5213966
0 0.035922943750000005 0.541756503125 0.1067811640625 0.5368016140625 0.10254733437500001 0.47625501718749996 0.0316891125 0.48120990625 0.035922943750000005 0.541756503125
0 0.0697356296875 0.6652681625 0.130805253125 0.6609977578125 0.12589000625 0.5907064390625 0.06482038125 0.59497684375 0.0697356296875 0.6652681625
0 0.12102797031250001 0.644895190625 0.178180078125 0.6408987265625 0.1730704171875 0.567827159375 0.115918309375 0.5718236250000001 0.12102797031250001 0.644895190625
0 0.0332934296875 0.7573400796875001 0.0931888375 0.753151784375 0.0878356734375 0.67659798125 0.0279402671875 0.6807862765625 0.0332934296875 0.7573400796875001
0 0.0825326015625 0.7301167921875 0.14438676875 0.725791528125 0.139763465625 0.6596751984375 0.077909296875 0.6640004640625 0.0825326015625 0.7301167921875
0 0.13338235468749998 0.6978893359375 0.19406230625 0.6936461796875 0.1903639203125 0.6407568109375 0.1296839703125 0.6449999671875 0.13338235468749998 0.6978893359375
0 0.185261903125 0.6746768203125 0.234194496875 0.6712551203125 0.23078805624999998 0.6225407421875 0.1818554609375 0.6259624421875001 0.185261903125 0.6746768203125
0 0.22211806875 0.6504217796875 0.26283115156250003 0.64757484375 0.25991106875000003 0.6058157046875 0.2191979859375 0.608662640625 0.22211806875 0.6504217796875
0 0.174518221875 0.6222801078125 0.227368334375 0.6185844671875 0.223232034375 0.5594326140625 0.170381921875 0.563128253125 0.174518221875 0.6222801078125
0 0.23037863593750002 0.7967018828125 0.2973193390625 0.7920209328125 0.29172267343749997 0.7119848906249999 0.22478197031249997 0.7166658406249999 0.23037863593750002 0.7967018828125
0 0.58085593125 0.49522313906250004 0.5988588453125 0.493964253125 0.596620825 0.4619590734375 0.5786179109375 0.463217959375 0.58085593125 0.49522313906250004