0 0.041090121875 0.5302194671875 0.066764121875 0.518247484375 0.043277503125 0.46788026875 0.017603503125 0.4798522515625 0.041090121875 0.5302194671875
0 0.06824385 0.5156469984375 0.0890511671875 0.5059443859375 0.0684993984375 0.46187097499999996 0.047692081250000004 0.4715735859375 0.06824385 0.5156469984375
0 0.09178460468750001 0.503709415625 0.115244759375 0.49276976718750004 0.0957964921875 0.451062825 0.0723363390625 0.4620024734375 0.09178460468750001 0.503709415625
0 0.118270153125 0.49231935 0.1426177328125 0.4809658859375 0.1228016328125 0.438470121875 0.0984540515625 0.449823584375 0.118270153125 0.49231935
0 0.144387865625 0.4801404609375 0.168291734375 0.468993903125 0.1481077984375 0.425709315625 0.12420393125 0.436855871875 0.144387865625 0.4801404609375
0 0.17064658593749998 0.4717269921875 0.194106740625 0.46078734218750006 0.17098795625000002 0.41120894999999996 0.1475278015625 0.4221486 0.17064658593749998 0.4717269921875
0 0.19749996718750001 0.46112575 0.226718953125 0.4475007125 0.2028645 0.396344671875 0.1736455140625 0.409969709375 0.19749996718750001 0.46112575
0 0.1234400546875 0.59817754375 0.14823134843750002 0.5866171734375001 0.12988267343749998 0.5472683109375 0.1050913796875 0.55882868125 0.1234400546875 0.59817754375
0 0.151103028125 0.588154021875 0.1745631828125 0.5772143703125 0.1569462625 0.5394347640625 0.1334861078125 0.5503744140625 0.151103028125 0.588154021875
0 0.196913803125 0.5696629328125 0.2243579359375 0.5568655234375 0.20490967031250001 0.5151585812499999 0.1774655375 0.527955990625 0.196913803125 0.5696629328125
0 0.1702872484375 0.5772875765625 0.1946348296875 0.5659341140625 0.17738574375 0.5289433296875 0.15303816406249998 0.54029679375 0.1702872484375 0.5772875765625
0 0.1271665296875 0.6500916109375 0.1546106625 0.6372942015625 0.13405889375 0.5932207890625001 0.1066147609375 0.6060181984375 0.1271665296875 0.6500916109375
0 0.1543206625 0.63551384375 0.1715877140625 0.6274620859375 0.1532390390625 0.5881132234375 0.1359719875 0.5961649812500001 0.1543206625 0.63551384375
0 0.1722455484375 0.6300312671875 0.19968968125 0.6172338578125001 0.1802414140625 0.575526915625 0.15279728125 0.588324325 0.1722455484375 0.6300312671875
0 0.2218973375 0.6059128015625 0.2471323453125 0.5941455234374999 0.2287836703125 0.5547966625 0.20354866249999998 0.5665639390625 0.2218973375 0.6059128015625
0 0.2019774484375 0.6152015984375 0.22145362500000002 0.6061197078125 0.20310495 0.5667708453125 0.1836287734375 0.5758527359375 0.2019774484375 0.6152015984375
0 0.2718501203125 0.5835797828125 0.2979678359375 0.57140089375 0.27961915937500004 0.53205203125 0.2535014453125 0.544230921875 0.2718501203125 0.5835797828125
0 0.2665639890625 0.3896332609375 0.29400812187500003 0.3768358515625 0.272724596875 0.331193184375 0.2452804640625 0.34399059374999996 0.2665639890625 0.3896332609375
0 0.2944541953125 0.37662784375 0.32012819531250003 0.3646558609375 0.2981090015625 0.317435546875 0.2724350015625 0.3294075296875 0.2944541953125 0.37662784375
0 0.3222618453125 0.36461616406249997 0.34705314062500003 0.35305579374999996 0.3261335359375 0.308193559375 0.3013422421875 0.3197539296875 0.3222618453125 0.36461616406249997
0 0.34801840156249997 0.3516504453125 0.3763499609375 0.338439221875 0.3550664359375 0.2927965546875 0.3267348765625 0.306007778125 0.34801840156249997 0.3516504453125
0 0.2665225625 0.44618537343750003 0.29131385781249997 0.434625003125 0.2707620890625 0.390551590625 0.24597079375000003 0.4021119609375 0.2665225625 0.44618537343750003
0 0.29256520468749997 0.4349916203125 0.3173565 0.42343125 0.2975403984375 0.380935484375 0.272749103125 0.39249585625 0.29256520468749997 0.4349916203125
0 0.32059325 0.42576331874999995 0.34582825625 0.413996040625 0.324908653125 0.36913380625 0.2996736453125 0.3809010828125 0.32059325 0.42576331874999995
0 0.3476742671875 0.412174884375 0.3715781359375 0.40102832812500006 0.35065853125 0.3561660921875 0.3267546640625 0.36731265 0.3476742671875 0.412174884375
0 0.3746774515625 0.3995779859375 0.3994687453125 0.38801761562500003 0.37781738593749997 0.34158612499999996 0.353026090625 0.3531464953125 0.3746774515625 0.3995779859375
0 0.4014529984375 0.3899682765625 0.4266880046875 0.378201 0.40393705625000004 0.32941143125 0.3787020484375 0.34117870781250004 0.4014529984375 0.3899682765625
0 0.4266248359375 0.37344404375 0.4514161296875 0.3618836734375 0.42976477031250004 0.3154521828125 0.4049734765625 0.327012553125 0.4266248359375 0.37344404375
0 0.586897040625 0.5449399500000001 0.6378060484375 0.521200690625 0.6110167453125 0.463750846875 0.5601077375 0.48749010625 0.586897040625 0.5449399500000001
0 0.6678318609375 0.5081597703125 0.6979335515625 0.49412312187499996 0.67114425 0.43667327968749997 0.641042559375 0.45070992812500005 0.6678318609375 0.5081597703125
0 0.585247990625 0.5945691453124999 0.6069380140625 0.584454921875 0.5786812875 0.5238581765625 0.5569912640625 0.5339724 0.585247990625 0.5945691453124999
0 0.6595583015625001 0.555136375 0.6839058828125 0.5437829125 0.6589518390625 0.49026879375 0.6346042578125 0.50162225625 0.6595583015625001 0.555136375
0 0.6105580703125 0.58181673125 0.63224809375 0.5717025078125 0.61646643125 0.5378586249999999 0.594776409375 0.5479728484375 0.6105580703125 0.58181673125
0 0.6349060546875 0.570457971875 0.656157084375 0.560548453125 0.6396436671875 0.525135315625 0.6183926375000001 0.5350448343750001 0.6349060546875 0.570457971875
0 0.7159040453125 0.5384347468749999 0.7406953390625 0.5268743765624999 0.7227144984375 0.48831433906250005 0.6979232046875 0.4998747078125 0.7159040453125 0.5384347468749999
0 0.2914858921875 0.7272259890624999 0.3368626453125 0.7060664625 0.30588629218749996 0.639637459375 0.26050953906249996 0.6607969859375 0.2914858921875 0.7272259890624999
0 0.843968953125 0.49040473437500004 0.9005565453125 0.46401750625 0.8686919109375 0.395683578125 0.81210431875 0.4220708046875 0.843968953125 0.49040473437500004