0 0.5966119796875 0.446972221875 0.5805338546875001 0.446972221875 0.5805338546875001 0.46678703749999995 0.5966119796875 0.46678703749999995 0.5966119796875 0.446972221875
0 0.5816041671875001 0.4389675921875 0.5689583328125 0.4389675921875 0.5689583328125 0.461828703125 0.5816041671875001 0.461828703125 0.5816041671875001 0.4389675921875
0 0.5672421875 0.43249074062500004 0.5513828125 0.43249074062500004 0.5513828125 0.45573148124999996 0.5672421875 0.45573148124999996 0.5672421875 0.43249074062500004
0 0.5329505203125 0.398578703125 0.5138723953125 0.398578703125 0.5138723953125 0.4252546296875 0.5329505203125 0.4252546296875 0.5329505203125 0.398578703125
0 0.5134479171875 0.3928611109375 0.5038020828125 0.3928611109375 0.5038020828125 0.4199166671875 0.5134479171875 0.4199166671875 0.5134479171875 0.3928611109375
0 0.5027291671875 0.386384259375 0.4915833328125 0.386384259375 0.4915833328125 0.414578703125 0.5027291671875 0.414578703125 0.5027291671875 0.386384259375
0 0.49244010468750005 0.40925 0.48043489531250005 0.40925 0.48043489531250005 0.4343981484375 0.49244010468750005 0.4343981484375 0.49244010468750005 0.40925
0 0.4810807296875 0.40543981406249996 0.4686484375 0.40543981406249996 0.4686484375 0.432875 0.4810807296875 0.432875 0.4810807296875 0.40543981406249996
0 0.5029453125 0.41610648125000005 0.49244010468750005 0.41610648125000005 0.49244010468750005 0.4389675921875 0.5029453125 0.4389675921875 0.5029453125 0.41610648125000005
0 0.5936067703125001 0.4892731484375 0.5666015625 0.4892731484375 0.5666015625 0.5075601859375001 0.5936067703125001 0.5075601859375001 0.5936067703125001 0.4892731484375
0 0.5983255203125 0.5140370375 0.5865390625 0.5140370375 0.5865390625 0.5346111109375 0.5983255203125 0.5346111109375 0.5983255203125 0.5140370375
0 0.5858932296875 0.513277778125 0.5749609375 0.513277778125 0.5749609375 0.5330925921875 0.5858932296875 0.5330925921875 0.5858932296875 0.513277778125
0 0.5745312499999999 0.509847221875 0.5618854171875001 0.509847221875 0.5618854171875001 0.5300416671875 0.5745312499999999 0.5300416671875 0.5745312499999999 0.509847221875
0 0.43971354218750003 0.546421296875 0.40627604218749996 0.546421296875 0.40627604218749996 0.5849120375 0.43971354218750003 0.5849120375 0.43971354218750003 0.546421296875
0 0.4542890625 0.584527778125 0.42406510468749997 0.584527778125 0.42406510468749997 0.6180648140625 0.4542890625 0.6180648140625 0.4542890625 0.584527778125
0 0.4227760421875 0.5864351859375 0.40563020781250003 0.5864351859375 0.40563020781250003 0.62225 0.4227760421875 0.62225 0.4227760421875 0.5864351859375
0 0.3796979171875 0.543759259375 0.35890625 0.543759259375 0.35890625 0.58605555625 0.3796979171875 0.58605555625 0.3796979171875 0.543759259375
0 0.399203125 0.5833888890625001 0.3799114578125 0.5833888890625001 0.3799114578125 0.6256851859375 0.399203125 0.6256851859375 0.399203125 0.5833888890625001
0 0.3790572921875 0.5849166671875 0.3586927078125 0.5849166671875 0.3586927078125 0.6272129625 0.3790572921875 0.6272129625 0.3790572921875 0.5849166671875
0 0.3569765625 0.5856759265625 0.3325442703125 0.5856759265625 0.3325442703125 0.6317870375 0.3569765625 0.6317870375 0.3569765625 0.5856759265625
0 0.19034374999999998 0.582277778125 0.1051145828125 0.582277778125 0.1051145828125 0.659796296875 0.19034374999999998 0.659796296875 0.19034374999999998 0.582277778125
0 0.9979244796875 0.5071759265625 0.9377526046875 0.5071759265625 0.9377526046875 0.6916018515625 0.9979244796875 0.6916018515625 0.9979244796875 0.5071759265625