0 0.623756703125 0.8272086109375 0.652959271875 0.8307942359375 0.6612751609374999 0.763066746875 0.6320725921875 0.759481121875 0.623756703125 0.8272086109375
0 0.7479716625 0.61774361875 0.7841608250000001 0.622187090625 0.7893250390625 0.580127946875 0.753135875 0.5756844765625 0.7479716625 0.61774361875
0 0.7429633078125 0.662347671875 0.779609971875 0.6668473171875 0.7845727625000001 0.62642863125 0.7479260984375 0.6219289875 0.7429633078125 0.662347671875
0 0.7353768265625 0.7049349953124999 0.7715659890625 0.7093784656250001 0.776020990625 0.673095390625 0.739831828125 0.6686519203125 0.7353768265625 0.7049349953124999
0 0.7285190796875 0.7493119703125 0.7637777296875 0.7536411890625 0.7681328671875 0.71817145 0.732874215625 0.71384223125 0.7285190796875 0.7493119703125
0 0.7187547765625 0.7866223296875 0.757727721875 0.7914076046875 0.7619813015625 0.7567649875 0.72300835625 0.7519797109375 0.7187547765625 0.7866223296875
0 0.8379152703124999 0.7443220953125 0.8912646265624999 0.7508725734375 0.8971380515625 0.7030373640625001 0.8437886953125 0.6964868859375 0.8379152703124999 0.7443220953125
0 0.8255818312500001 0.8064347843749999 0.8789311874999999 0.8129852609375 0.8849061703125001 0.7643229296875 0.8315568140625 0.7577724515625001 0.8255818312500001 0.8064347843749999
0 0.7850846859375 0.8600588515625001 0.8426135921875 0.8671225124999999 0.8514237296875 0.7953696984375 0.7938948234375001 0.7883060375000001 0.7850846859375 0.8600588515625001
0 0.7668865125 0.9047085875 0.8434366343749999 0.9141077609374999 0.8516391171875 0.847303890625 0.7750889953125 0.8379047171874999 0.7668865125 0.9047085875
0 0.7527853609374999 0.9582362984374999 0.8423238796874999 0.969230246875 0.8529569796875001 0.8826305953125001 0.7634184609375 0.871636646875 0.7527853609374999 0.9582362984374999
0 0.931954290625 0.384993075 0.9690662109374999 0.38954984531250003 0.9794961953125 0.3046044375 0.942384275 0.3000476671875 0.931954290625 0.384993075
0 1 0.31214554375 0.9756433812499999 0.3091549265625 0.9652133968750001 0.39410033437499997 0.9990762796875 0.39825817343750003 1 0.390735075 1 0.31214554375
0 0.9165596734375001 0.46431234374999997 0.9416137093750001 0.46738859218749995 0.9517407125 0.3849107640625 0.9266866765625 0.381834515625 0.9165596734375001 0.46431234374999997
0 0.9034921812500001 0.54391035 0.9415346140624999 0.5485813734375 0.9526738109374999 0.45785989843749997 0.9146313781250001 0.45318887500000005 0.9034921812500001 0.54391035
0 0.941805253125 0.5770837531249999 0.968247303125 0.5803304296875 0.9798925953125 0.4854871296875 0.9534505453125 0.4822404546875 0.941805253125 0.5770837531249999
0 0.785896471875 0.2858569359375 0.8369273015625 0.292122734375 0.8438129203125 0.2360438765625 0.792782090625 0.229778078125 0.785896471875 0.2858569359375
0 0.7875454375000001 0.3337761890625 0.8125994734375 0.3368524375 0.8183713421875 0.2898443484375 0.79331730625 0.2867681 0.7875454375000001 0.3337761890625
0 0.817457825 0.34331211562499997 0.8420466062499999 0.3463312390625 0.848123146875 0.29684178437500003 0.8235343671875001 0.2938226625 0.817457825 0.34331211562499997
0 0.7794732296875 0.3880441609375 0.8258670078125 0.3937406 0.831841990625 0.3450782703125 0.7854482125 0.3393818296875 0.7794732296875 0.3880441609375
0 0.774680959375 0.438516903125 0.7974164703125 0.44130847187500005 0.8034930109375 0.39181901875 0.7807575015625 0.3890274484375 0.774680959375 0.438516903125
0 0.8066566406250001 0.4466339828125 0.8284616390625 0.4493113 0.8350442765625001 0.39570002187500003 0.813239278125 0.3930227046875 0.8066566406250001 0.4466339828125
0 0.7670149828125 0.4894763875 0.810624978125 0.49483102187499994 0.8164984046875 0.44699581093749996 0.7728884078125 0.4416411765625 0.7670149828125 0.4894763875
0 0.8957625406249999 0.3077147234375 0.9259188843749999 0.31141745625 0.93158919375 0.26523648906249997 0.90143285 0.26153375625 0.8957625406249999 0.3077147234375
0 0.8801780296875 0.41547282656249995 0.91450616875 0.4196877921875 0.9209872484374999 0.3669036375 0.8866591078124999 0.362688671875 0.8801780296875 0.41547282656249995
0 0.6987349046875 0.08677849062500001 0.7488352234375 0.0929300359375 0.7521764734375 0.0657177296875 0.70207615625 0.0595661828125 0.6987349046875 0.08677849062500001
0 0.696348903125 0.1291927484375 0.716758134375 0.1316986875 0.71918875 0.1119029046875 0.6987795203125 0.1093969671875 0.696348903125 0.1291927484375
0 0.6942389609374999 0.154037465625 0.7234647921875 0.157625946875 0.7269076015625 0.12958651875 0.6976817703125 0.1259980375 0.6942389609374999 0.154037465625
0 0.6922280359374999 0.178075740625 0.7084654718750001 0.18006944687499998 0.7111990687499999 0.1578060859375 0.694961634375 0.1558123796875 0.6922280359374999 0.178075740625
0 0.6868720875000001 0.2025288953125 0.7151751609375 0.20600407656250003 0.7176057765625 0.1862082953125 0.689302703125 0.182733115625 0.6868720875000001 0.2025288953125
0 0.2728960046875 0.20089209062500002 0.3965998234375 0.216081009375 0.40881553125 0.11659204375000001 0.2851117140625 0.101403125 0.2728960046875 0.20089209062500002
0 0.26240786250000003 0.30458123593750003 0.332359103125 0.31317016875000003 0.34328841250000003 0.22415807812500002 0.273337171875 0.21556914531250002 0.26240786250000003 0.30458123593750003
0 0.3342144484375 0.30408550624999997 0.459391578125 0.31945532499999996 0.4708032875 0.22651440625000002 0.34562615937499996 0.21114458749999998 0.3342144484375 0.30408550624999997
0 0.251666309375 0.404244209375 0.37537012812500004 0.419433128125 0.3877466375 0.318634553125 0.26404281875 0.303445634375 0.251666309375 0.404244209375
0 0.3815763703125 0.41754345 0.4471076796875 0.4255896828125 0.45868018906249997 0.331339153125 0.3931488796875 0.3232929203125 0.3815763703125 0.41754345
0 0.23880049374999998 0.5089637687499999 0.3131716671875 0.5180954015625 0.3247441765625 0.423844871875 0.250373003125 0.414713240625 0.23880049374999998 0.5089637687499999
0 0.3118369203125 0.5046379812499999 0.43627739375 0.51991735 0.44624190625000004 0.4387629171875 0.3218014328125 0.4234835484375 0.3118369203125 0.5046379812499999
0 0.23591177187499998 0.6056028890625 0.3574056234375 0.6205204578125 0.36881733437499997 0.5275795390625 0.24732348124999998 0.5126619703124999 0.23591177187499998 0.6056028890625
0 0.357949796875 0.6099664406249999 0.4293743484375 0.6187362734375 0.44207245781250004 0.5153184796875 0.37064790625 0.506548646875 0.357949796875 0.6099664406249999
0 0.21533031249999998 0.91932194375 0.313995603125 0.9314365171875 0.3244425140625 0.8463532562499999 0.2257772234375 0.8342386812499999 0.21533031249999998 0.91932194375
0 0.2693100828125 0.84490125625 0.3753419265625 0.8579203296875001 0.3851456390625 0.7780755078125 0.27911379375 0.7650564328125 0.2693100828125 0.84490125625
0 0.2187283921875 0.8307144875000001 0.273217625 0.8374049250000001 0.2826997375 0.76017931875 0.22821050468749998 0.7534888828125 0.2187283921875 0.8307144875000001
0 0.0540620796875 0.8570093765625 0.0982381375 0.8624335140625 0.10530994375 0.8048382671875001 0.0611338859375 0.7994141296875 0.0540620796875 0.8570093765625
0 0.169712415625 0.779512065625 0.1998997765625 0.7832186078125 0.20632838437499998 0.7308617984375 0.1761410234375 0.72715525625 0.169712415625 0.779512065625
0 0.0984616625 0.92757128125 0.141901065625 0.9329049703125 0.150259271875 0.864832846875 0.10681986875 0.8594991593750001 0.0984616625 0.92757128125
0 0.0275406921875 0.884314090625 0.05993801875 0.8882919828125001 0.0652427203125 0.8450886546874999 0.03284539375 0.8411107624999999 0.0275406921875 0.884314090625
0 0.14456541875 0.874761559375 0.1902147875 0.880366596875 0.1993769921875 0.8057464265625001 0.1537276234375 0.8001413890625001 0.14456541875 0.874761559375
0 0.7682393640625 0.111474703125 0.80401755 0.1158677109375 0.8081374109375 0.0823141375 0.772359225 0.077921128125 0.7682393640625 0.111474703125
0 0.7677753859374999 0.141216234375 0.795690746875 0.14464380937500002 0.7990370765625 0.117390146875 0.771121715625 0.113962571875 0.7677753859374999 0.141216234375
0 0.7613470609374999 0.1773199875 0.8002657265625001 0.1820985984375 0.8047274984375001 0.14576038125 0.7658088328125 0.1409817703125 0.7613470609374999 0.1773199875