0 0.364609375 0.14737499999999998 0.24209375 0.14737499999999998 0.24209375 0.232152778125 0.364609375 0.232152778125 0.364609375 0.14737499999999998
0 0.30738671875 0.24518749999999997 0.23989453125 0.24518749999999997 0.23989453125 0.339090278125 0.30738671875 0.339090278125 0.30738671875 0.24518749999999997
0 0.43650390625 0.221722221875 0.30885546875 0.221722221875 0.30885546875 0.32605555625 0.43650390625 0.32605555625 0.43650390625 0.221722221875
0 0.36533984375 0.3443125 0.23916015625 0.3443125 0.23916015625 0.43952083281250004 0.36533984375 0.43952083281250004 0.36533984375 0.3443125
0 0.43503515625 0.3351875 0.36827734375 0.3351875 0.36827734375 0.429090278125 0.43503515625 0.429090278125 0.43503515625 0.3351875
0 0.31692578125000004 0.4499513890625 0.24649609374999998 0.4499513890625 0.24649609374999998 0.54124305625 0.31692578125000004 0.54124305625 0.31692578125000004 0.4499513890625
0 0.43870312499999997 0.447347221875 0.31765625000000003 0.447347221875 0.31765625000000003 0.53081944375 0.43870312499999997 0.53081944375 0.43870312499999997 0.447347221875
0 0.37194921875000003 0.545159721875 0.25383203125 0.545159721875 0.25383203125 0.6364513890625 0.37194921875000003 0.6364513890625 0.37194921875000003 0.545159721875
0 0.4174296875 0.78644444375 0.3132578125 0.78644444375 0.3132578125 0.8738333328125 0.4174296875 0.8738333328125 0.4174296875 0.78644444375
0 0.11042578125 0.902465278125 0.08201171874999999 0.902465278125 0.08201171874999999 0.9377291671875 0.11042578125 0.9377291671875 0.11042578125 0.902465278125
0 0.15384765625000002 0.89675694375 0.13187109375 0.89675694375 0.13187109375 0.9415486109375 0.15384765625000002 0.9415486109375 0.15384765625000002 0.89675694375
0 0.19619921875 0.9148680562499999 0.15384765625000002 0.9148680562499999 0.15384765625000002 0.9567986109375 0.19619921875 0.9567986109375 0.19619921875 0.9148680562499999
0 0.23372265625000002 0.7700138890625 0.20691796875000001 0.7700138890625 0.20691796875000001 0.8138472218749999 0.23372265625000002 0.8138472218749999 0.23372265625000002 0.7700138890625
0 0.21335156249999998 0.7976388890624999 0.1822578125 0.7976388890624999 0.1822578125 0.8376666671875 0.21335156249999998 0.8376666671875 0.21335156249999998 0.7976388890624999
0 0.195125 0.851965278125 0.1570625 0.851965278125 0.1570625 0.9148680562499999 0.195125 0.9148680562499999 0.195125 0.851965278125
0 0.22728515625 0.840534721875 0.21227734374999999 0.840534721875 0.21227734374999999 0.863409721875 0.22728515625 0.863409721875 0.22728515625 0.840534721875
0 0.22728515625 0.8672083328125 0.21388671874999998 0.8672083328125 0.21388671874999998 0.8862638890625 0.22728515625 0.8862638890625 0.22728515625 0.8672083328125
0 0.041273437499999996 0.8919930562499999 0.013398437499999999 0.8919930562499999 0.013398437499999999 0.9215347218750001 0.041273437499999996 0.9215347218750001 0.041273437499999996 0.8919930562499999
0 0.3671953125 0.8662638890625001 0.2728515625 0.8662638890625001 0.2728515625 0.9472638890624999 0.3671953125 0.9472638890624999 0.3671953125 0.8662638890625001
0 0.67703125 0.8405208328124999 0.600375 0.8405208328124999 0.600375 0.9129513890625001 0.67703125 0.9129513890625001 0.67703125 0.8405208328124999
0 0.6041328125 0.8567291671874999 0.5569609375 0.8567291671874999 0.5569609375 0.9205763890625001 0.6041328125 0.9205763890625001 0.6041328125 0.8567291671874999
0 0.6304023437499999 0.9262916671875001 0.56017578125 0.9262916671875001 0.56017578125 0.9758472218750001 0.6304023437499999 0.9758472218750001 0.6304023437499999 0.9262916671875001
0 0.6748867187500001 0.91963194375 0.6336132812499999 0.91963194375 0.6336132812499999 0.9682291671875 0.6748867187500001 0.9682291671875 0.6748867187500001 0.91963194375
0 0.9509609375 0.252534721875 0.9145078124999999 0.252534721875 0.9145078124999999 0.33449305625000003 0.9509609375 0.33449305625000003 0.9509609375 0.252534721875
0 0.9804375000000001 0.2592083328125 0.9509531250000001 0.2592083328125 0.9509531250000001 0.337347221875 0.9804375000000001 0.337347221875 0.9804375000000001 0.2592083328125
0 0.93326953125 0.33068055625000004 0.91129296875 0.33068055625000004 0.91129296875 0.40787500000000004 0.93326953125 0.40787500000000004 0.93326953125 0.33068055625000004
0 0.94345703125 0.40406944375 0.90807421875 0.40406944375 0.90807421875 0.4974583328125 0.94345703125 0.4974583328125 0.94345703125 0.40406944375
0 0.9766875 0.42025694375 0.9450625 0.42025694375 0.9450625 0.5203263890625001 0.9766875 0.5203263890625001 0.9766875 0.42025694375
0 0.925765625 0.48411111093750003 0.8978906249999999 0.48411111093750003 0.8978906249999999 0.5651111109375 0.925765625 0.5651111109375 0.925765625 0.48411111093750003
0 0.97561328125 0.4898263890625 0.9311210937500001 0.4898263890625 0.9311210937500001 0.5965625 0.97561328125 0.5965625 0.97561328125 0.4898263890625
0 0.9171835937499999 0.6242083328125 0.84267578125 0.6242083328125 0.84267578125 0.702347221875 0.9171835937499999 0.702347221875 0.9171835937499999 0.6242083328125
0 0.91396484375 0.6899583328125 0.83623828125 0.6899583328125 0.83623828125 0.76143055625 0.91396484375 0.76143055625 0.91396484375 0.6899583328125
0 0.90646484375 0.7442847218749999 0.8303476562500001 0.7442847218749999 0.8303476562500001 0.8147986109375 0.90646484375 0.8147986109375 0.90646484375 0.7442847218749999
0 0.9048554687499999 0.7947847218749999 0.82391015625 0.7947847218749999 0.82391015625 0.8681597218749999 0.9048554687499999 0.8681597218749999 0.9048554687499999 0.7947847218749999
0 0.901640625 0.84719444375 0.8180156249999999 0.84719444375 0.8180156249999999 0.9148611109375 0.901640625 0.9148611109375 0.901640625 0.84719444375
0 0.8822734375 0.314097221875 0.8674140625 0.314097221875 0.8674140625 0.3630138890625 0.8822734375 0.3630138890625 0.8822734375 0.314097221875
0 0.8943828125 0.42416666718749996 0.8803515624999999 0.42416666718749996 0.8803515624999999 0.47750000000000004 0.8943828125 0.47750000000000004 0.8943828125 0.42416666718749996
0 0.8778750000000001 0.41438194375000004 0.8621874999999999 0.41438194375000004 0.8621874999999999 0.47064583281249994 0.8778750000000001 0.47064583281249994 0.8778750000000001 0.41438194375000004
0 0.8831015624999999 0.21330555625 0.8687890625 0.21330555625 0.8687890625 0.26027777812499997 0.8831015624999999 0.26027777812499997 0.8831015624999999 0.21330555625
0 0.80659375 0.20009722187499998 0.758984375 0.20009722187499998 0.758984375 0.2519583328125 0.80659375 0.2519583328125 0.80659375 0.20009722187499998
0 0.79036328125 0.25293055625 0.76504296875 0.25293055625 0.76504296875 0.30234722187499996 0.79036328125 0.30234722187499996 0.79036328125 0.25293055625
0 0.81980859375 0.2534166671875 0.79669140625 0.2534166671875 0.79669140625 0.305277778125 0.81980859375 0.305277778125 0.81980859375 0.2534166671875
0 0.80907421875 0.3033263890625 0.76311328125 0.3033263890625 0.76311328125 0.3571458328125 0.80907421875 0.3571458328125 0.80907421875 0.3033263890625
0 0.78815625 0.3546875 0.762015625 0.3546875 0.762015625 0.4060625 0.78815625 0.4060625 0.78815625 0.3546875
0 0.8195273437499999 0.356652778125 0.79558203125 0.356652778125 0.79558203125 0.40606944375 0.8195273437499999 0.40606944375 0.8195273437499999 0.356652778125
0 0.8079726562499999 0.40998611093750004 0.76146484375 0.40998611093750004 0.76146484375 0.4564583328125 0.8079726562499999 0.4564583328125 0.8079726562499999 0.40998611093750004
0 0.73063671875 0.26369444375 0.7033945312500001 0.26369444375 0.7033945312500001 0.3003888890625 0.73063671875 0.3003888890625 0.73063671875 0.26369444375
0 0.73119140625 0.30088194375 0.70944921875 0.30088194375 0.70944921875 0.33464583281250004 0.73119140625 0.33464583281250004 0.73119140625 0.30088194375
0 0.71688671875 0.362527778125 0.70009765625 0.362527778125 0.70009765625 0.39530555624999997 0.71688671875 0.39530555624999997 0.71688671875 0.362527778125
0 0.7977890624999999 0.5464791671875 0.7600859375 0.5464791671875 0.7600859375 0.58513194375 0.7977890624999999 0.58513194375 0.7977890624999999 0.5464791671875
0 0.797234375 0.5924652781249999 0.760359375 0.5924652781249999 0.760359375 0.63111805625 0.797234375 0.63111805625 0.797234375 0.5924652781249999
0 0.7947578125 0.6365000000000001 0.7587109375 0.6365000000000001 0.7587109375 0.671722221875 0.7947578125 0.671722221875 0.7947578125 0.6365000000000001
0 0.7920078125 0.6785625 0.7556796875 0.6785625 0.7556796875 0.719659721875 0.7920078125 0.719659721875 0.7920078125 0.6785625
0 0.7898125 0.7260208328125 0.7521093750000001 0.7260208328125 0.7521093750000001 0.7592847218750001 0.7898125 0.7592847218750001 0.7898125 0.7260208328125
0 0.6744296875 0.456097221875 0.6562890625 0.456097221875 0.6562890625 0.48706944375 0.6744296875 0.48706944375 0.6744296875 0.456097221875
0 0.6756289062499999 0.49087500000000006 0.65271484375 0.49087500000000006 0.65271484375 0.51718055625 0.6756289062499999 0.51718055625 0.6756289062499999 0.49087500000000006
0 0.63887109375 0.405597221875 0.6252695312500001 0.405597221875 0.6252695312500001 0.42893055625 0.63887109375 0.42893055625 0.63887109375 0.405597221875
0 0.61214453125 0.3920208328125 0.59758984375 0.3920208328125 0.59758984375 0.41281249999999997 0.61214453125 0.41281249999999997 0.61214453125 0.3920208328125
0 0.61237890625 0.4149375 0.59782421875 0.4149375 0.59782421875 0.43614583281249997 0.61237890625 0.43614583281249997 0.61237890625 0.4149375
0 0.6126171874999999 0.43827777812499996 0.5978203125 0.43827777812499996 0.5978203125 0.45694444375 0.6126171874999999 0.45694444375 0.6126171874999999 0.43827777812499996
0 0.6367265625 0.27959722187499997 0.6228828125 0.27959722187499997 0.6228828125 0.30462500000000003 0.6367265625 0.30462500000000003 0.6367265625 0.27959722187499997
0 0.7464999999999999 0.016125 0.7219218749999999 0.016125 0.7219218749999999 0.0517638890625 0.7464999999999999 0.0517638890625 0.7464999999999999 0.016125
0 0.7500859375 0.050062499999999996 0.7238359375 0.050062499999999996 0.7238359375 0.0848541671875 0.7500859375 0.0848541671875 0.7500859375 0.050062499999999996
0 0.7481718749999999 0.08188194374999999 0.7228749999999999 0.08188194374999999 0.7228749999999999 0.11539583281250002 0.7481718749999999 0.11539583281250002 0.7481718749999999 0.08188194374999999
0 0.6787265625 0.06151388906250001 0.6500859375 0.06151388906250001 0.6500859375 0.086125 0.6787265625 0.086125 0.6787265625 0.06151388906250001
0 0.6698984375 0.087402778125 0.6508046875 0.087402778125 0.6508046875 0.11073611093749999 0.6698984375 0.11073611093749999 0.6698984375 0.087402778125
0 0.68875 0.09036805625 0.670609375 0.09036805625 0.670609375 0.1115763890625 0.68875 0.1115763890625 0.68875 0.09036805625
0 0.67920703125 0.1128611109375 0.65080859375 0.1128611109375 0.65080859375 0.1349166671875 0.67920703125 0.1349166671875 0.67920703125 0.1128611109375
0 0.6687070312500001 0.135340278125 0.65104296875 0.135340278125 0.65104296875 0.1578263890625 0.6687070312500001 0.1578263890625 0.6687070312500001 0.135340278125
0 0.6885078124999999 0.1357638890625 0.6691796875 0.1357638890625 0.6691796875 0.157402778125 0.6885078124999999 0.157402778125 0.6885078124999999 0.1357638890625
0 0.6206953125 0.11225 0.6018203125 0.11225 0.6018203125 0.135972221875 0.6206953125 0.135972221875 0.6206953125 0.11225
0 0.6216796875 0.13713194374999998 0.6021484375 0.13713194374999998 0.6021484375 0.15911805625 0.6216796875 0.15911805625 0.6216796875 0.13713194374999998
0 0.62232421875 0.16144444375 0.60247265625 0.16144444375 0.60247265625 0.18227777812499998 0.62232421875 0.18227777812499998 0.62232421875 0.16144444375
0 0.59433203125 0.1336666671875 0.58163671875 0.1336666671875 0.58163671875 0.1539166671875 0.59433203125 0.1539166671875 0.59433203125 0.1336666671875