0 0.37000813906249996 0.147030734375 0.4802457859375 0.1938238390625 0.5116942156250001 0.1197359828125 0.4014565671875 0.072942878125 0.37000813906249996 0.147030734375
0 0.32740487812499997 0.24739772499999999 0.38655450625 0.27250525312499996 0.42172030781250003 0.1896598171875 0.3625706796875 0.1645522890625 0.32740487812499997 0.24739772499999999
0 0.29008165468749997 0.341564034375 0.39852144218749996 0.3875939921875 0.4330143171875 0.30633386875 0.32457453125 0.2603039109375 0.29008165468749997 0.341564034375
0 0.25264437812499996 0.4384883609375 0.31672014531250003 0.465686909375 0.353579115625 0.3788526171875 0.2895033484375 0.35165406875 0.25264437812499996 0.4384883609375
0 0.321009178125 0.4543429203125 0.433483365625 0.5020853796875 0.46696142500000004 0.4232160125 0.3544872375 0.375473553125 0.321009178125 0.4543429203125
0 0.21969585 0.5297965109375 0.32993349843750003 0.576589615625 0.36577765156250003 0.4921460796875 0.2555400046875 0.44535297500000004 0.21969585 0.5297965109375
0 0.1872291640625 0.7653500140625 0.2777982109375 0.80379429375 0.30853030000000004 0.7313940296875 0.2179612515625 0.69294975 0.1872291640625 0.7653500140625
0 0.1159409203125 0.8278832312500001 0.20229578125 0.8645386953124999 0.2351443296875 0.7871523640625 0.14878946875000001 0.7504969 0.1159409203125 0.8278832312500001
0 0 0.767488771875 0.009041359374999999 0.7713266015625 0.027628221874999997 0.7275386968750001 0.0075640921875000005 0.7190219796874999 0 0.7368418640625001 0 0.767488771875
0 0.10957688750000001 0.6752414953125 0.1346606453125 0.68588891875 0.152210984375 0.6445429093749999 0.127127228125 0.6338954859375 0.10957688750000001 0.6752414953125
0 0.0773637375 0.6864484953125001 0.10244749375 0.69709591875 0.1165572296875 0.663855465625 0.091473471875 0.6532080421875001 0.0773637375 0.6864484953125001
0 0.10119735156250001 0.6429865734375 0.122635046875 0.6520863343750001 0.1357136859375 0.6212749921875 0.114275990625 0.61217523125 0.10119735156250001 0.6429865734375
0 0 0.7942781171875 0.03908483125 0.8108686437499999 0.0614541875 0.7581697421875 0.021778990625 0.74132861875 0 0.7926367078125 0 0.7942781171875
0 0 0.7244266546875 0.0158638171875 0.7311604453125 0.0344506796875 0.687372540625 0 0.67274909375 0 0.7244266546875
0 0.3632863546875 0.772410659375 0.4070678671875 0.7909948078125 0.43494544687500003 0.7253193437500001 0.391163934375 0.7067351953125 0.3632863546875 0.772410659375
0 0.3014502734375 0.8141055890625 0.382174234375 0.848370878125 0.4086734015625 0.7859427484375 0.327949440625 0.7516774609375 0.3014502734375 0.8141055890625
0 0.3124887765625 0.8781260468750001 0.358096915625 0.897485553125 0.37943517656250003 0.8472157593749999 0.3338270375 0.827856253125 0.3124887765625 0.8781260468750001
0 0.2605781328125 0.9230608765625 0.3330966546875 0.9538431640624999 0.355124121875 0.9019497031249999 0.2826056 0.871167415625 0.2605781328125 0.9230608765625
0 0.7381726359375 0.8169218812500001 0.8068940765624999 0.846092403125 0.8361012296875 0.7772846640625 0.7673797890625 0.74811414375 0.7381726359375 0.8169218812500001
0 0.7111702609375 0.868438778125 0.7747570109375 0.8954297515625 0.8027702624999999 0.8294346671874999 0.7391835125 0.8024436937500001 0.7111702609375 0.868438778125
0 0.6839808484375001 0.921536 0.7503291109375 0.9496991671874999 0.7795362640625 0.8808914281250001 0.7131879999999999 0.8527282609375 0.6839808484375001 0.921536
0 0.65997141875 0.96271285 0.7282973296875 0.9917154781249999 0.7583999078125 0.92079825 0.690073996875 0.8917956218749999 0.65997141875 0.96271285
0 0.7154575796875 1 0.723376853125 0.9813433625 0.6589990453125 0.9540166031249999 0.6394802515625 1 0.7154575796875 1
0 1 0.44001360468749995 0.9804487937499999 0.431714609375 0.9485607921874999 0.5068380328125001 0.9817349234374999 0.5209196171875 1 0.47788979375 1 0.44001360468749995
0 0.9133180421875 0.5788777328125 0.9338568078125 0.587595921875 0.9657448093750001 0.5124724984375 0.9452060437500001 0.503754309375 0.9133180421875 0.5788777328125
0 0.877079096875 0.655473725 0.9098576984375001 0.6693874171875 0.9456204515625 0.585135653125 0.9128418484375 0.5712219609375 0.877079096875 0.655473725
0 0.8456122125000001 0.717528340625 0.8661509765625001 0.7262465296875 0.8992328781250001 0.6483104515625 0.8786941140625 0.6395922640625 0.8456122125000001 0.717528340625
0 0.8588766671875 0.7554704453125 0.8956033718749999 0.77106000625 0.9343454484375 0.6797893937499999 0.8976187437500001 0.66419983125 0.8588766671875 0.7554704453125
0 0.9467437515625001 0.43315989374999997 0.95937911875 0.4385232890625 0.9781559203124999 0.394287915625 0.965520553125 0.3889245203125 0.9467437515625001 0.43315989374999997
0 0.8910257328125001 0.5203253 0.9035244625000001 0.5256306953125 0.9233812015625 0.4788511515625 0.910882471875 0.4735457546875 0.8910257328125001 0.5203253
0 0.8574692796875001 0.629851071875 0.8706296218749999 0.63543730625 0.8923097734375001 0.584362071875 0.8791494296875 0.5787758375000001 0.8574692796875001 0.629851071875
0 0.8472923171875 0.61540693125 0.85825926875 0.6200621265625 0.8792773468749999 0.5705466375 0.8683103953125 0.5658914421875 0.8472923171875 0.61540693125
0 0.8010919624999999 0.4683976578125 0.8419897046875 0.48575772031250003 0.8617107734375 0.4392977953125 0.8208130296875 0.42193773281249997 0.8010919624999999 0.4683976578125
0 0.8360736093750001 0.3743992109375 0.878488746875 0.39240336875000004 0.8982098140625 0.34594344375 0.8557946765625 0.3279392859375 0.8360736093750001 0.3743992109375
0 0.82204801875 0.420077996875 0.84590923125 0.43020647968750003 0.86591249375 0.3830817453125 0.8420512812500001 0.3729532625 0.82204801875 0.420077996875
0 0.8501577906250001 0.43599320781250006 0.8709842125 0.4448335 0.8901300390625 0.3997287625 0.869303615625 0.3908884703125 0.8501577906250001 0.43599320781250006
0 0.781085103125 0.515520865625 0.80267381875 0.52468473125 0.8218196437499999 0.47957999375 0.800230928125 0.470416128125 0.781085103125 0.515520865625
0 0.809672259375 0.5324308546875 0.829362434375 0.5407888375 0.84879588125 0.49500650625000003 0.82910570625 0.48664852343750004 0.809672259375 0.5324308546875
0 0.7587114859375 0.564030946875 0.7988541265625 0.5810704875 0.8191450124999999 0.533268159375 0.7790023703125 0.51622861875 0.7587114859375 0.564030946875
0 0.7070015296875 0.67954368125 0.741081784375 0.6940098921875 0.7565156640625 0.6576499499999999 0.722435409375 0.6431837406249999 0.7070015296875 0.67954368125
0 0.6884370453125 0.720119725 0.7225173 0.734585934375 0.7368061203125 0.7009235828125 0.702725865625 0.6864573734375 0.6884370453125 0.720119725
0 0.668631053125 0.759391728125 0.703092453125 0.7740197249999999 0.7173812734375 0.740357375 0.682919871875 0.7257293781249999 0.668631053125 0.759391728125
0 0.6504458828125 0.8001438703125 0.6845261375 0.8146100796875 0.6991025796875 0.780270134375 0.665022325 0.7658039249999999 0.6504458828125 0.8001438703125
0 0.634061040625 0.837684428125 0.6643585953125 0.8505449765625 0.6772201609375 0.8202450265625 0.64692260625 0.8073844765624999 0.634061040625 0.837684428125
0 0.7700323640625 0.39633894375 0.790067728125 0.40484345 0.80324405 0.37380198125 0.7832086859375 0.365297475 0.7700323640625 0.39633894375
0 0.64964893125 0.5470306484374999 0.6656786609374999 0.5538348640625 0.6762609625 0.528904525 0.6602312328125 0.5221003093750001 0.64964893125 0.5470306484374999
0 0.6323901890625 0.578142290625 0.6527132109375 0.5867689015625001 0.6645925234375001 0.5587829953125001 0.6442695015625 0.5501563859374999 0.6323901890625 0.578142290625
0 0.6227632046875 0.4599503171875 0.6359307390625 0.46553960468750005 0.6452214578125 0.44365204374999995 0.6320539234375 0.4380627578125 0.6227632046875 0.4599503171875
0 0.6890691328125 0.36979539375 0.701093228125 0.3748993203125 0.7112468109375001 0.350978978125 0.699222715625 0.345875053125 0.6890691328125 0.36979539375
0 0.8554780375 0.233231175 0.87923856875 0.24331692187499998 0.8928490375000001 0.21125266874999998 0.86908850625 0.201166921875 0.8554780375 0.233231175
0 0.8788855015625 0.174107728125 0.9026460328124999 0.184193475 0.9162565 0.1521292234375 0.8924959687499999 0.142043475 0.8788855015625 0.174107728125
0 0.79151889375 0.200069425 0.8081239374999999 0.20711784843749997 0.8182775203125001 0.18319750625 0.8016724749999999 0.1761490828125 0.79151889375 0.200069425
0 0.7819441125 0.2218364078125 0.8079915234374999 0.232892878125 0.8174938875000001 0.2105067109375 0.7914464765625 0.19945024218750002 0.7819441125 0.2218364078125
0 0.8083250140624999 0.211412846875 0.8257858406249999 0.218824528125 0.8361564953125 0.1943927953125 0.81869566875 0.1869811140625 0.8083250140624999 0.211412846875
0 0.772943765625 0.24383967968750003 0.7898292765625 0.251007153125 0.7982517031249999 0.231165159375 0.7813661921875 0.2239976859375 0.772943765625 0.24383967968750003
0 0.7993025015625 0.176953690625 0.8267810093750001 0.188617625 0.8365004468749999 0.16572006718750001 0.8090219390625 0.1540561328125 0.7993025015625 0.176953690625
0 0.6152745484375 0.47947197656249996 0.6285427625 0.4851039984375 0.6369163484375 0.46537706874999996 0.623648134375 0.4597450453125 0.6152745484375 0.47947197656249996
0 0.60619409375 0.5002643531250001 0.6196780515625 0.505987953125 0.62870828125 0.4847140625 0.6152243234375 0.4789904625 0.60619409375 0.5002643531250001
0 0.8656836703125 0.20365971093750002 0.8940826843749999 0.215714378125 0.9069442499999999 0.1854144265625 0.8785452375 0.1733597609375 0.8656836703125 0.20365971093750002