0 0.12372395781250001 0.303740740625 0.0915885421875 0.303740740625 0.0915885421875 0.35801851875 0.12372395781250001 0.35801851875 0.12372395781250001 0.303740740625
0 0.1515729171875 0.30564351875 0.1231875 0.30564351875 0.1231875 0.3589675921875 0.1515729171875 0.3589675921875 0.1515729171875 0.30564351875
0 0.1724609375 0.303740740625 0.1526432296875 0.303740740625 0.1526432296875 0.35611111093750003 0.1724609375 0.35611111093750003 0.1724609375 0.303740740625
0 0.1981666671875 0.306597221875 0.17353125 0.306597221875 0.17353125 0.3580138890625 0.1981666671875 0.3580138890625 0.1981666671875 0.306597221875
0 0.2249505203125 0.306597221875 0.1987057296875 0.306597221875 0.1987057296875 0.3532546296875 0.2249505203125 0.3532546296875 0.2249505203125 0.306597221875
0 0.252265625 0.309453703125 0.2265572921875 0.309453703125 0.2265572921875 0.35325 0.252265625 0.35325 0.252265625 0.309453703125
0 0.28279427031250004 0.30374537031250004 0.2538723953125 0.30374537031250004 0.2538723953125 0.3532546296875 0.28279427031250004 0.3532546296875 0.28279427031250004 0.30374537031250004
0 0.37170312499999997 0.26660648125 0.341171875 0.26660648125 0.341171875 0.32468981406249997 0.37170312499999997 0.32468981406249997 0.37170312499999997 0.26660648125
0 0.3984817703125 0.27231944375 0.3711640625 0.27231944375 0.3711640625 0.320884259375 0.3984817703125 0.320884259375 0.3984817703125 0.27231944375
0 0.4263307296875 0.2704120375 0.4000859375 0.2704120375 0.4000859375 0.321828703125 0.4263307296875 0.321828703125 0.4263307296875 0.2704120375
0 0.45792968749999996 0.26755555625 0.4290078125 0.26755555625 0.4290078125 0.31801851875 0.45792968749999996 0.31801851875 0.45792968749999996 0.26755555625
0 0.3459947921875 0.321828703125 0.3165364578125 0.321828703125 0.3165364578125 0.37515277812500003 0.3459947921875 0.37515277812500003 0.3459947921875 0.321828703125
0 0.3711666671875 0.3237361109375 0.3443854171875 0.3237361109375 0.3443854171875 0.3723009265625 0.3711666671875 0.3723009265625 0.3711666671875 0.3237361109375
0 0.3990182296875 0.318972221875 0.3717005203125 0.318972221875 0.3717005203125 0.37324999999999997 0.3990182296875 0.37324999999999997 0.3990182296875 0.318972221875
0 0.4290078125 0.3208796296875 0.4000859375 0.3208796296875 0.4000859375 0.3751574078125 0.4290078125 0.3751574078125 0.4290078125 0.3208796296875
0 0.45792968749999996 0.3180231484375 0.4300807296875 0.3180231484375 0.4300807296875 0.3780138890625 0.45792968749999996 0.3780138890625 0.45792968749999996 0.3180231484375
0 0.48792708281249997 0.3218333328125 0.45846875000000004 0.3218333328125 0.45846875000000004 0.372296296875 0.48792708281249997 0.372296296875 0.48792708281249997 0.3218333328125
0 0.5152395828125 0.32278703750000004 0.48953125000000003 0.32278703750000004 0.48953125000000003 0.3751574078125 0.5152395828125 0.3751574078125 0.5152395828125 0.32278703750000004
0 0.14889322968750002 0.4046666671875 0.12372135468750001 0.4046666671875 0.12372135468750001 0.4551296296875 0.14889322968750002 0.4551296296875 0.14889322968750002 0.4046666671875
0 0.1751380203125 0.40943055624999997 0.1472890625 0.40943055624999997 0.1472890625 0.45418055625 0.1751380203125 0.45418055625 0.1751380203125 0.40943055624999997
0 0.20138281249999998 0.4084768515625 0.1762109375 0.4084768515625 0.1762109375 0.4532268515625 0.20138281249999998 0.4532268515625 0.20138281249999998 0.4084768515625
0 0.22977083281250002 0.40752777812499996 0.20138541718749997 0.40752777812499996 0.20138541718749997 0.45323148125 0.22977083281250002 0.45323148125 0.22977083281250002 0.40752777812499996
0 0.1301458328125 0.455134259375 0.10551041718750001 0.455134259375 0.10551041718750001 0.5017916671875 0.1301458328125 0.5017916671875 0.1301458328125 0.455134259375
0 0.1526458328125 0.4560879625 0.1296145828125 0.4560879625 0.1296145828125 0.5075046296875 0.1526458328125 0.5075046296875 0.1526458328125 0.4560879625
0 0.1788854171875 0.457990740625 0.15425 0.457990740625 0.15425 0.5036944437499999 0.1788854171875 0.5036944437499999 0.1788854171875 0.457990740625
0 0.20566666718749999 0.4532268515625 0.1788854171875 0.4532268515625 0.1788854171875 0.50464351875 0.20566666718749999 0.50464351875 0.20566666718749999 0.4532268515625
0 0.23298177031249998 0.455134259375 0.2067369796875 0.455134259375 0.2067369796875 0.50464351875 0.23298177031249998 0.50464351875 0.23298177031249998 0.455134259375
0 0.2581536453125 0.4560879625 0.23565885468749997 0.4560879625 0.23565885468749997 0.505597221875 0.2581536453125 0.505597221875 0.2581536453125 0.4560879625
0 0.2844010421875 0.46084722187500005 0.2586927078125 0.46084722187500005 0.2586927078125 0.5027453703125 0.2844010421875 0.5027453703125 0.2844010421875 0.46084722187500005
0 0.2613697921875 0.585578703125 0.198171875 0.585578703125 0.198171875 0.64556944375 0.2613697921875 0.64556944375 0.2613697921875 0.585578703125
0 0.6009348953125 0.547490740625 0.5645130203125001 0.547490740625 0.5645130203125001 0.61319444375 0.6009348953125 0.61319444375 0.6009348953125 0.547490740625
0 0.6282473953125 0.557972221875 0.6003984375 0.557972221875 0.6003984375 0.61319444375 0.6282473953125 0.61319444375 0.6282473953125 0.557972221875
0 0.7010911453124999 0.5493981484375 0.6555651046875 0.5493981484375 0.6555651046875 0.617953703125 0.7010911453124999 0.617953703125 0.7010911453124999 0.5493981484375
0 0.5698723953125 0.5874861109375 0.5372005203125 0.5874861109375 0.5372005203125 0.6617546296875 0.5698723953125 0.6617546296875 0.5698723953125 0.5874861109375
0 0.5982578125 0.6103333328125 0.5666588546875 0.6103333328125 0.5666588546875 0.662703703125 0.5982578125 0.662703703125 0.5982578125 0.6103333328125
0 0.6287864578125 0.6103379624999999 0.599328125 0.6103379624999999 0.599328125 0.659847221875 0.6287864578125 0.659847221875 0.6287864578125 0.6103379624999999
0 0.6662760421875 0.5941481484375 0.634140625 0.5941481484375 0.634140625 0.660796296875 0.6662760421875 0.660796296875 0.6662760421875 0.5941481484375
0 0.6984114578125 0.61319444375 0.665203125 0.61319444375 0.665203125 0.6655648140625 0.6984114578125 0.6655648140625 0.6984114578125 0.61319444375
0 0.72840625 0.61319444375 0.697875 0.61319444375 0.697875 0.667472221875 0.72840625 0.667472221875 0.72840625 0.61319444375
0 0.9222890625 0.602722221875 0.8473046875 0.602722221875 0.8473046875 0.6760370375 0.9222890625 0.6760370375 0.9222890625 0.602722221875