0 0.16167969531249998 0.1376607 0.44447606874999995 0.1277852328125 0.44022950781250003 0.006179668750000001 0.1574331359375 0.0160551359375 0.16167969531249998 0.1376607
0 0.179237028125 0.2632377375 0.4518052609375 0.2537194453125 0.44822260937499997 0.1511257296875 0.1756543765625 0.160644021875 0.179237028125 0.2632377375
0 0.186309246875 0.381813153125 0.451538203125 0.3725511546875 0.4475983765625 0.25972929843750003 0.1823694203125 0.26899129843749997 0.186309246875 0.381813153125
0 0 0.3384646265625 0.11717008437500001 0.3343729578125 0.1095453609375 0.116029484375 0 0.1198548921875 0 0.3384646265625
0 0.2350665734375 0.601671259375 0.32446520625 0.598549390625 0.3185800046875 0.4300193046875 0.22918137343749997 0.4331411734375 0.2350665734375 0.601671259375
0 0.13965945 0.6006252828124999 0.2275746109375 0.59755521875 0.2216894109375 0.4290251328125 0.13377425 0.43209519687500003 0.13965945 0.6006252828124999
0 0.254748678125 0.8283880984374999 0.3353245640625 0.8255743265625 0.32754715624999997 0.6028585203125 0.24697127187499998 0.6056722921875 0.254748678125 0.8283880984374999
0 0.150454678125 0.8672273484374999 0.25304839375 0.863644696875 0.2440426875 0.6057550171874999 0.141448971875 0.6093376687500001 0.150454678125 0.8672273484374999
0 0.5509400140625 0.6502864265625 0.5846694546875 0.6491085671875 0.5781080765625 0.461215284375 0.5443786359375 0.46239314218749994 0.5509400140625 0.6502864265625
0 0.499744784375 0.6689790312499999 0.543116784375 0.6674644484375001 0.5360087390625 0.4639166453125 0.4926367375 0.46543122812500004 0.499744784375 0.6689790312499999
0 0.5534090093749999 0.75512740625 0.5919402109375 0.7537818671875 0.5884066359375 0.652593546875 0.5498754359375 0.6539390859374999 0.5534090093749999 0.75512740625
0 0.5079955968750001 0.7675792718750001 0.5405148375 0.766443675 0.537275728125 0.6736877140625 0.5047564875 0.6748233109374999 0.5079955968750001 0.7675792718750001
0 0.6001018921875 0.676340478125 0.67837449375 0.6736071390625 0.6748409203125 0.57241881875 0.5965683187499999 0.5751521578125 0.6001018921875 0.676340478125
0 0.6071553265625 0.7412119609375 0.6746142078124999 0.73885624375 0.67255295625 0.6798297234375 0.605094075 0.6821854390625 0.6071553265625 0.7412119609375
0 0.6927393656249999 0.61150548125 0.7594565109375 0.6091756671875 0.757406165625 0.55046145625 0.6906890203125 0.5527912703125 0.6927393656249999 0.61150548125
0 0.7005365171875 0.6685728171875 0.7607342 0.6664706671875 0.7588092750000001 0.6113480171875 0.6986115921875 0.613450165625 0.7005365171875 0.6685728171875
0 0.6978500421875 0.71588289375 0.7609365875 0.7136798625 0.7593661109375 0.6687072749999999 0.6962795640625 0.6709103062499999 0.6978500421875 0.71588289375