0 0.126245371875 0.54284314375 0.18092276875 0.5731513203125 0.218383290625 0.50557075 0.16370589375 0.4752625734375 0.126245371875 0.54284314375
0 0.4047077609375 0.53447055625 0.41795916093749996 0.5418159265625 0.4334685796875 0.5138361953125 0.42021717968749994 0.5064908234375001 0.4047077609375 0.53447055625
0 0.38845190937499996 0.53124008125 0.40474170000000004 0.540269659375 0.42297144062500003 0.5073823390625 0.4066816484375 0.4983527609375 0.38845190937499996 0.53124008125
0 0.345783925 0.5274757812499999 0.36428304218749996 0.5377300093749999 0.3830559484375 0.5038627890625 0.36455683125 0.49360856249999996 0.345783925 0.5274757812499999
0 0.3509329234375 0.5585591171875001 0.3666715234375 0.5672831656249999 0.38245028125 0.5388175328125 0.36671168125000003 0.530093484375 0.3509329234375 0.5585591171875001
0 0.33139977656249997 0.558641221875 0.3487919546875 0.5682818625 0.3694681875 0.5309809515625 0.352076009375 0.521340309375 0.33139977656249997 0.558641221875
0 0.310761934375 0.5581056875 0.32760291874999997 0.5674407968749999 0.3480098125 0.5306257875 0.331168828125 0.5212906765625 0.310761934375 0.5581056875
0 0.40462335937500005 0.5645744406250001 0.41484092187500005 0.5702381296875 0.4298026859375 0.54324639375 0.41958512187499997 0.53758270625 0.40462335937500005 0.5645744406250001
0 0.3889250234375 0.5622987859374999 0.4019031046875 0.569492653125 0.4182295171875 0.5400390265625 0.4052514359375 0.5328451578125 0.3889250234375 0.5622987859374999
0 0.37241592031250004 0.5621303796875 0.387325453125 0.57039486875 0.4052813640625 0.538001546875 0.39037183125 0.5297370578125 0.37241592031250004 0.5621303796875
0 0.5626683421875 0.426923575 0.5709180109374999 0.431496440625 0.5816197328125 0.41219002031249996 0.5733700640625 0.4076171546875 0.5626683421875 0.426923575
0 0.5560682046875 0.4226192765625 0.563078828125 0.426505328125 0.574049890625 0.4067130078125 0.5670392671875 0.40282695625000003 0.5560682046875 0.4226192765625
0 0.5479560265625001 0.417164534375 0.55675233125 0.42204040625 0.5679972203125 0.4017540859375 0.559200915625 0.39687821562500003 0.5479560265625001 0.417164534375
0 0.53942649375 0.4121189390625 0.5480861390625 0.4169190578125 0.55986970625 0.395660940625 0.5512100609374999 0.3908608203125 0.53942649375 0.4121189390625
0 0.5100578 0.42555093125 0.5269671140625001 0.4349239171875 0.539159178125 0.41292885156250003 0.5222498640625 0.403555865625 0.5100578 0.42555093125
0 0.5267035578125 0.4366992953125 0.5348120109375001 0.44119388437499996 0.5476819109375 0.4179759703125 0.5395734578125 0.41348138125 0.5267035578125 0.4366992953125
0 0.534275865625 0.441844196875 0.5432088296875001 0.44679581874999996 0.5556702328124999 0.424314853125 0.5467372687500001 0.4193632296875 0.534275865625 0.441844196875
0 0.5434799031249999 0.446951371875 0.55035386875 0.45076167187499994 0.5622721046875 0.42926060312500003 0.555398140625 0.425450303125 0.5434799031249999 0.446951371875
0 0.55654649375 0.45450660625 0.564381628125 0.45884969218749994 0.5754873593750001 0.43881442187499997 0.567652225 0.4344713359375 0.55654649375 0.45450660625
0 0.581801953125 0.507168240625 0.58839804375 0.5108245140625 0.597878765625 0.493720840625 0.591282675 0.4900645671875 0.581801953125 0.507168240625
0 0.57341989375 0.5028395875 0.5807038359375001 0.5068771437499999 0.5897805484374999 0.49050231875000005 0.58249660625 0.4864647640625 0.57341989375 0.5028395875
0 0.558298284375 0.4947804359375 0.572456190625 0.5026282906249999 0.5812590765625 0.48674746406249997 0.5671011703125 0.47889960781249996 0.558298284375 0.4947804359375
0 0.57342111875 0.5252097765625 0.5827686171875001 0.5303911796875 0.5932010015625 0.5115706609374999 0.5838535031250001 0.5063892578125 0.57342111875 0.5252097765625
0 0.5623021890625 0.5209573375 0.57192300625 0.52629024375 0.5819468953125 0.508206671875 0.5723260781249999 0.502873765625 0.5623021890625 0.5209573375
0 0.5467717953125 0.513952571875 0.5606563828125 0.521648925 0.5710887687499999 0.5028284046875 0.5572041796875 0.49513205156250006 0.5467717953125 0.513952571875
0 0.603778615625 0.47238789531250003 0.613536090625 0.47779655156249995 0.62288214375 0.46093582812499995 0.6131246671875 0.4555271703125 0.603778615625 0.47238789531250003
0 0.5937412765625 0.4665065078125 0.6033620921875 0.47183941406249996 0.612573475 0.4552216390625 0.602952659375 0.44988873281249997 0.5937412765625 0.4665065078125
0 0.5834140546875 0.4585482609375 0.5941372578124999 0.46449222968750004 0.6030793015625 0.4483603546875 0.5923561 0.4424163859375 0.5834140546875 0.4585482609375
0 0.515353559375 0.5724696312499999 0.529447690625 0.5802821359375 0.5422098546874999 0.5572585828125 0.5281157234375 0.549446078125 0.515353559375 0.5724696312499999