0 0.5472267984375 0.4607054640625 0.756967325 0.3396117140625 0.660613159375 0.172721403125 0.45087263125000004 0.293815153125 0.5472267984375 0.4607054640625
0 1 0.366025403125 0.9095752015624999 0.209405059375 0.75226980625 0.300225371875 0.8668531406250001 0.4986895265625 1 0.42181715156250005 1 0.366025403125
0 0.644104303125 0.636314725 0.8555362875 0.5142444125 0.760484203125 0.349609375 0.5490522203125 0.4716796875 0.644104303125 0.636314725
0 0.7487943078125 0.8254556328125 0.961917746875 0.7024087578125 0.8668656640625001 0.5377737203125 0.653742225 0.6608205953125 0.7487943078125 0.8254556328125
0 0.53318814375 0.9168585515625001 0.6685046125 0.8387335515625001 0.5083483625 0.5613347890625 0.37303189375 0.6394597890625 0.53318814375 0.9168585515625001
0 0.17771067499999998 0.6800597640625 0.33163315937500004 0.5911925765625 0.24699774218749998 0.444599734375 0.0930752578125 0.533466921875 0.17771067499999998 0.6800597640625
0 0.27198401250000004 0.8511584750000001 0.4208321296875 0.765220975 0.33359254531250004 0.614117584375 0.1847444296875 0.700055084375 0.27198401250000004 0.8511584750000001
0 0 0.294130846875 0.040966875 0.3650875546875 0.3115998140625 0.2088375546875 0.234776896875 0.0757763609375 0 0.21132486562500002 0 0.294130846875
0 0.3868587390625 0 0.309334921875 0.044758396875 0.383553671875 0.1733090421875 0.572996728125 0.0639340421875 0.5360843921875 0 0.3868587390625 0
0 1 0.44587341093750005 0.8806527187500001 0.514778596875 0.9913298015625 0.7064769296875 1 0.7014711890625 1 0.44587341093750005
0 0 0.278505846875 0.046430615625 0.35892603125 0.308606275 0.20755884375 0.23308544062499997 0.0767529234375 0 0.21132486562500002 0 0.278505846875