0 0.802734375 0.296875 0.560546875 0.296875 0.560546875 0.4895833328125 0.802734375 0.4895833328125 0.802734375 0.296875
0 1 0.453125 0.818359375 0.453125 0.818359375 0.6822916671875 1 0.6822916671875 1 0.453125
0 0.80078125 0.5 0.556640625 0.5 0.556640625 0.6901041671875 0.80078125 0.6901041671875 0.80078125 0.5
0 0.798828125 0.7161458328125 0.552734375 0.7161458328125 0.552734375 0.90625 0.798828125 0.90625 0.798828125 0.7161458328125
0 0.4765625 0.5572916671875 0.3203125 0.5572916671875 0.3203125 0.8776041671874999 0.4765625 0.8776041671874999 0.4765625 0.5572916671875
0 0.30859375 0.3255208328125 0.130859375 0.3255208328125 0.130859375 0.4947916671875 0.30859375 0.4947916671875 0.30859375 0.3255208328125
0 0.298828125 0.515625 0.126953125 0.515625 0.126953125 0.6901041671875 0.298828125 0.6901041671875 0.298828125 0.515625
0 0.169921875 0 0.169921875 0.1536458328125 0.482421875 0.1536458328125 0.482421875 0 0.169921875 0
0 0.78125 0.010416667187500001 0.5625 0.010416667187500001 0.5625 0.1588541671875 0.78125 0.1588541671875 0.78125 0.010416667187500001
0 0.998046875 0.703125 0.822265625 0.703125 0.822265625 0.9244791671874999 0.998046875 0.9244791671874999 0.998046875 0.703125
0 0.177734375 0 0.177734375 0.1510416671875 0.48046875 0.1510416671875 0.48046875 0 0.177734375 0