0 0.830078125 0.0859375 0.671875 0.0859375 0.671875 0.296875 0.830078125 0.296875 0.830078125 0.0859375
0 0.623046875 0.1067708328125 0.458984375 0.1067708328125 0.458984375 0.3046875 0.623046875 0.3046875 0.623046875 0.1067708328125
0 0.44921875 0.1145833328125 0.28515625 0.1145833328125 0.28515625 0.3229166671875 0.44921875 0.3229166671875 0.44921875 0.1145833328125
0 0.19921875 0.20833333281250002 0.0234375 0.20833333281250002 0.0234375 0.4114583328125 0.19921875 0.4114583328125 0.19921875 0.20833333281250002
0 0.85546875 0.3020833328125 0.671875 0.3020833328125 0.671875 0.4817708328125 0.85546875 0.4817708328125 0.85546875 0.3020833328125
0 0.650390625 0.3125 0.517578125 0.3125 0.517578125 0.4895833328125 0.650390625 0.4895833328125 0.650390625 0.3125
0 0.50390625 0.3098958328125 0.353515625 0.3098958328125 0.353515625 0.5026041671875 0.50390625 0.5026041671875 0.50390625 0.3098958328125
0 0.34375 0.3333333328125 0.205078125 0.3333333328125 0.205078125 0.4921875 0.34375 0.4921875 0.34375 0.3333333328125
0 0.189453125 0.4088541671875 0.001953125 0.4088541671875 0.001953125 0.6510416671875 0.189453125 0.6510416671875 0.189453125 0.4088541671875
0 0.837890625 0.4895833328125 0.63671875 0.4895833328125 0.63671875 0.6901041671875 0.837890625 0.6901041671875 0.837890625 0.4895833328125
0 0.611328125 0.5078125 0.419921875 0.5078125 0.419921875 0.7005208328125 0.611328125 0.7005208328125 0.611328125 0.5078125
0 0.400390625 0.5182291671875 0.205078125 0.5182291671875 0.205078125 0.6979166671875 0.400390625 0.6979166671875 0.400390625 0.5182291671875
0 0.18359375 0.6640625 0.001953125 0.6640625 0.001953125 0.9088541671874999 0.18359375 0.9088541671874999 0.18359375 0.6640625
0 0.84375 0.6953125 0.658203125 0.6953125 0.658203125 0.9114583328125001 0.84375 0.9114583328125001 0.84375 0.6953125
0 0.638671875 0.7057291671875 0.416015625 0.7057291671875 0.416015625 0.9088541671874999 0.638671875 0.9088541671874999 0.638671875 0.7057291671875
0 0.39453125 0.7135416671875 0.19921875 0.7135416671875 0.19921875 0.9010416671874999 0.39453125 0.9010416671874999 0.39453125 0.7135416671875