0 0.3605859375 0.148847221875 0.2388046875 0.148847221875 0.2388046875 0.228347221875 0.3605859375 0.228347221875 0.3605859375 0.148847221875
0 0.36629296875 0.350125 0.23309765625 0.350125 0.23309765625 0.43131944375 0.36629296875 0.43131944375 0.36629296875 0.350125
0 0.44145703125 0.228340278125 0.30826171874999997 0.228340278125 0.30826171874999997 0.32813194375 0.44145703125 0.32813194375 0.44145703125 0.228340278125
0 0.3092109375 0.2503263890625 0.23214843749999997 0.2503263890625 0.23214843749999997 0.3348958328125 0.3092109375 0.3348958328125 0.3092109375 0.2503263890625
0 0.374859375 0.5480208328125 0.25403125000000004 0.5480208328125 0.25403125000000004 0.6359791671874999 0.374859375 0.6359791671874999 0.374859375 0.5480208328125
0 0.43669921875 0.443152778125 0.31111328125000004 0.443152778125 0.31111328125000004 0.537875 0.43669921875 0.537875 0.43669921875 0.443152778125
0 0.20973437499999997 0.753222221875 0.187015625 0.753222221875 0.187015625 0.791722221875 0.20973437499999997 0.791722221875 0.20973437499999997 0.753222221875
0 0.23773046875 0.770125 0.21184765625000002 0.770125 0.21184765625000002 0.8142638890624999 0.23773046875 0.8142638890624999 0.23773046875 0.770125
0 0.2107890625 0.79643055625 0.1822578125 0.79643055625 0.1822578125 0.83681944375 0.2107890625 0.83681944375 0.2107890625 0.79643055625
0 0.14105078124999998 0.8621736109375 0.10090234375 0.8621736109375 0.10090234375 0.9044375 0.14105078124999998 0.9044375 0.14105078124999998 0.8621736109375
0 0.19546875 0.91100694375 0.153203125 0.91100694375 0.153203125 0.9626597218749999 0.19546875 0.9626597218749999 0.19546875 0.91100694375
0 0.19546875 0.8480833328124999 0.15690625 0.8480833328124999 0.15690625 0.9166388890625001 0.19546875 0.9166388890625001 0.19546875 0.8480833328124999
0 0.10882421874999999 0.90161805625 0.08241015625 0.90161805625 0.08241015625 0.9326041671875 0.10882421874999999 0.9326041671875 0.10882421874999999 0.90161805625
0 0.136296875 1 0.136296875 0.9438819437499999 0.09984375 0.9438819437499999 0.09984375 1 0.136296875 1
0 0.3840703125 0.682784721875 0.3476171875 0.682784721875 0.3476171875 0.7306874999999999 0.3840703125 0.7306874999999999 0.3840703125 0.682784721875
0 0.4384765625 0.7344375000000001 0.3497265625 0.7344375000000001 0.3497265625 0.786090278125 0.4384765625 0.786090278125 0.4384765625 0.7344375000000001
0 0.9879023437500001 0.2404375 0.91076953125 0.2404375 0.91076953125 0.3465625 0.9879023437500001 0.3465625 0.9879023437500001 0.2404375
0 0.9350703125000001 0.325902778125 0.9049609375 0.325902778125 0.9049609375 0.4094861109375 0.9350703125000001 0.4094861109375 0.9350703125000001 0.325902778125
0 0.984203125 0.333409721875 0.943 0.333409721875 0.943 0.4338958328125 0.984203125 0.4338958328125 0.984203125 0.333409721875
0 0.94405078125 0.397277778125 0.90601171875 0.397277778125 0.90601171875 0.49683333281250003 0.94405078125 0.49683333281250003 0.94405078125 0.397277778125
0 0.9789257812500001 0.42638194374999994 0.94616796875 0.42638194374999994 0.94616796875 0.52311805625 0.9789257812500001 0.52311805625 0.9789257812500001 0.42638194374999994
0 0.9292578125000001 0.475222221875 0.8986171875 0.475222221875 0.8986171875 0.55975 0.9292578125000001 0.55975 0.9292578125000001 0.475222221875
0 0.9820859375 0.4968263890625 0.9292578125000001 0.4968263890625 0.9292578125000001 0.6029513890625 0.9820859375 0.6029513890625 0.9820859375 0.4968263890625
0 0.91922265625 0.6264375 0.84262109375 0.6264375 0.84262109375 0.7043958328125 0.91922265625 0.7043958328125 0.91922265625 0.6264375
0 0.91446484375 0.6950000000000001 0.83839453125 0.6950000000000001 0.83839453125 0.76825 0.91446484375 0.76825 0.91446484375 0.6950000000000001
0 0.906015625 0.7485277781249999 0.8310000000000001 0.7485277781249999 0.8310000000000001 0.818972221875 0.906015625 0.818972221875 0.906015625 0.7485277781249999
0 0.89756640625 0.7983125 0.8230742187500001 0.7983125 0.8230742187500001 0.8743819437499999 0.89756640625 0.8743819437499999 0.89756640625 0.7983125
0 0.8933359375000001 0.8508958328125 0.8204296875000001 0.8508958328125 0.8204296875000001 0.9288541671875 0.8933359375000001 0.9288541671875 0.8933359375000001 0.8508958328125
0 0.80775390625 0.1991041671875 0.7591523437500001 0.1991041671875 0.7591523437500001 0.2517013890625 0.80775390625 0.2517013890625 0.80775390625 0.1991041671875
0 0.79084765625 0.2554513890625 0.76496484375 0.2554513890625 0.76496484375 0.30240972187500004 0.79084765625 0.30240972187500004 0.79084765625 0.2554513890625
0 0.8193789062500001 0.2526388890625 0.7961367187499999 0.2526388890625 0.7961367187499999 0.30336111093749996 0.8193789062500001 0.30336111093749996 0.8193789062500001 0.2526388890625
0 0.810921875 0.30336111093749996 0.761265625 0.30336111093749996 0.761265625 0.3531388890625 0.810921875 0.3531388890625 0.810921875 0.30336111093749996
0 0.786625 0.3587638890625 0.76496875 0.3587638890625 0.76496875 0.40854166718749996 0.786625 0.40854166718749996 0.786625 0.3587638890625
0 0.8204375 0.35688194375000004 0.7950781250000001 0.35688194375000004 0.7950781250000001 0.4094791671875 0.8204375 0.4094791671875 0.8204375 0.35688194375000004
0 0.8072226562499999 0.40854166718749996 0.76179296875 0.40854166718749996 0.76179296875 0.45926388906250004 0.8072226562499999 0.45926388906250004 0.8072226562499999 0.40854166718749996
0 0.8500156249999999 0.41136111093750005 0.810921875 0.41136111093750005 0.810921875 0.46019444375 0.8500156249999999 0.46019444375 0.8500156249999999 0.41136111093750005
0 0.7010390625 0.0065763890625 0.6645859375 0.0065763890625 0.6645859375 0.03286805625 0.7010390625 0.03286805625 0.7010390625 0.0065763890625
0 0.693640625 0.03850694375 0.671453125 0.03850694375 0.671453125 0.0704375 0.693640625 0.0704375 0.693640625 0.03850694375
0 0.6983984375000001 0.06949999999999999 0.6709296874999999 0.06949999999999999 0.6709296874999999 0.10519444375 0.6983984375000001 0.10519444375 0.6983984375000001 0.06949999999999999
0 0.694171875 0.10425 0.6725156250000001 0.10425 0.6725156250000001 0.13899999999999998 0.694171875 0.13899999999999998 0.694171875 0.10425
0 0.7290390625 0.263909721875 0.7042109375 0.263909721875 0.7042109375 0.3014791671875 0.7290390625 0.3014791671875 0.7290390625 0.263909721875
0 0.62247265625 0.11315972187500001 0.5931367187500001 0.11315972187500001 0.5931367187500001 0.1350625 0.62247265625 0.1350625 0.62247265625 0.11315972187500001
0 0.62158984375 0.1361111109375 0.59372265625 0.1361111109375 0.59372265625 0.1616666671875 0.62158984375 0.1616666671875 0.62158984375 0.1361111109375
0 0.62158984375 0.16478472187499998 0.59519140625 0.16478472187499998 0.59519140625 0.1825208328125 0.62158984375 0.1825208328125 0.62158984375 0.16478472187499998
0 0.6218828125 0.18356250000000002 0.5922578125 0.18356250000000002 0.5922578125 0.20338194375000002 0.6218828125 0.20338194375000002 0.6218828125 0.18356250000000002
0 0.67556640625 0.2310208328125 0.64623046875 0.2310208328125 0.64623046875 0.25292361093750004 0.67556640625 0.25292361093750004 0.67556640625 0.2310208328125
0 0.672921875 0.26386805625 0.6520937499999999 0.26386805625 0.6520937499999999 0.3113263890625 0.672921875 0.3113263890625 0.672921875 0.26386805625
0 0.67262890625 0.3149861109375 0.6550273437499999 0.3149861109375 0.6550273437499999 0.34209722187499997 0.67262890625 0.34209722187499997 0.67262890625 0.3149861109375
0 0.6735078125 0.33531944375 0.6529765624999999 0.33531944375 0.6529765624999999 0.37181944375 0.6735078125 0.37181944375 0.6735078125 0.33531944375
0 0.7280703125 0.22425 0.6826015625 0.22425 0.6826015625 0.24719444375 0.7280703125 0.24719444375 0.7280703125 0.22425
0 0.6746796875000001 0.45004861093750004 0.6488671874999999 0.45004861093750004 0.6488671874999999 0.486034721875 0.6746796875000001 0.486034721875 0.6746796875000001 0.45004861093750004
0 0.6758515625 0.49020833281250004 0.6515078125 0.49020833281250004 0.6515078125 0.5199305562500001 0.6758515625 0.5199305562500001 0.6758515625 0.49020833281250004
0 0.6738046875 0.5209722218749999 0.6491640624999999 0.5209722218749999 0.6491640624999999 0.551222221875 0.6738046875 0.551222221875 0.6738046875 0.5209722218749999
0 0.70489453125 0.48499305625 0.67732421875 0.48499305625 0.67732421875 0.5319236109375 0.70489453125 0.5319236109375 0.70489453125 0.48499305625
0 0.7427382812500001 0.5668611109375 0.72366796875 0.5668611109375 0.72366796875 0.593972221875 0.7427382812500001 0.593972221875 0.7427382812500001 0.5668611109375
0 0.762390625 0.5673888890625001 0.745375 0.5673888890625001 0.745375 0.5976388890625 0.762390625 0.5976388890625 0.762390625 0.5673888890625001
0 0.77940625 0.5621666671875001 0.7626875 0.5621666671875001 0.7626875 0.5971111109375 0.77940625 0.5971111109375 0.77940625 0.5621666671875001
0 0.61014453125 0.586159721875 0.5913710937500001 0.586159721875 0.5913710937500001 0.6200625 0.61014453125 0.6200625 0.61014453125 0.586159721875
0 0.61191015625 0.411465278125 0.59841796875 0.411465278125 0.59841796875 0.4354513890625 0.61191015625 0.4354513890625 0.61191015625 0.411465278125
0 0.6139609375 0.435965278125 0.5987109375 0.435965278125 0.5987109375 0.45995138906250005 0.6139609375 0.45995138906250005 0.6139609375 0.435965278125
0 0.44834375 0.12261805625 0.356375 0.12261805625 0.356375 0.2270763890625 0.44834375 0.2270763890625 0.44834375 0.12261805625
0 0.62190234375 0.5680347218749999 0.60578515625 0.5680347218749999 0.60578515625 0.5916875 0.62190234375 0.5916875 0.62190234375 0.5680347218749999
0 0.61576171875 0.62488194375 0.5981132812500001 0.62488194375 0.5981132812500001 0.6548958328125 0.61576171875 0.6548958328125 0.61576171875 0.62488194375
0 0.77334765625 0.6035138890625 0.75237109375 0.6035138890625 0.75237109375 0.62943055625 0.77334765625 0.62943055625 0.77334765625 0.6035138890625
0 0.7797421875 0.6339861109375 0.7605546875 0.6339861109375 0.7605546875 0.6671805562500001 0.7797421875 0.6671805562500001 0.7797421875 0.6339861109375
0 0.76132421875 0.6348888890625 0.74034765625 0.6348888890625 0.74034765625 0.6653611109375 0.76132421875 0.6653611109375 0.76132421875 0.6348888890625
0 0.74980859375 0.081409721875 0.7214101562499999 0.081409721875 0.7214101562499999 0.1164236109375 0.74980859375 0.1164236109375 0.74980859375 0.081409721875
0 0.74827734375 0.01955555625 0.7211601562500001 0.01955555625 0.7211601562500001 0.0513888890625 0.74827734375 0.0513888890625 0.74827734375 0.01955555625
0 0.774625 0.08822222187499999 0.749296875 0.08822222187499999 0.749296875 0.1223333328125 0.774625 0.1223333328125 0.774625 0.08822222187499999
0 0.76106640625 0.1164236109375 0.72218359375 0.1164236109375 0.72218359375 0.1473541671875 0.76106640625 0.1473541671875 0.76106640625 0.1164236109375
0 0.75441015625 0.0495763890625 0.72166796875 0.0495763890625 0.72166796875 0.0832291671875 0.75441015625 0.0832291671875 0.75441015625 0.0495763890625
0 0.6973671875 0.14008333281250002 0.6699921875 0.14008333281250002 0.6699921875 0.1696388890625 0.6973671875 0.1696388890625 0.6973671875 0.14008333281250002