0 0.5431953125 0.7379529406249999 0.4371171875 0.7379529406249999 0.4371171875 0.8327294125 0.5431953125 0.8327294125 0.5431953125 0.7379529406249999
0 0.61178125 0.724117646875 0.5453125 0.724117646875 0.5453125 0.8135764703125 0.61178125 0.8135764703125 0.61178125 0.724117646875
0 0.5495546874999999 0.8188941171874999 0.43216406249999995 0.8188941171874999 0.43216406249999995 0.9157882359375 0.5495546874999999 0.9157882359375 0.5495546874999999 0.8188941171874999
0 0.7418984375 0.7049529406249999 0.6704765625 0.7049529406249999 0.6704765625 0.786952940625 0.7418984375 0.786952940625 0.7418984375 0.7049529406249999
0 0.7242109375 0.6186941171875 0.6393515625 0.6186941171875 0.6393515625 0.6921764703125 0.7242109375 0.6921764703125 0.7242109375 0.6186941171875
0 0.480953125 0.5846235296875 0.380546875 0.5846235296875 0.380546875 0.6549058828125001 0.480953125 0.6549058828125001 0.480953125 0.5846235296875
0 0.6018749999999999 0.48025882343750004 0.53753125 0.48025882343750004 0.53753125 0.5058117640625001 0.6018749999999999 0.5058117640625001 0.6018749999999999 0.48025882343750004
0 0.6117734375 0.509 0.5290390625 0.509 0.5290390625 0.576082353125 0.6117734375 0.576082353125 0.6117734375 0.509
0 0.667640625 0.4185058828125 0.6032968750000001 0.4185058828125 0.6032968750000001 0.465352940625 0.667640625 0.465352940625 0.667640625 0.4185058828125
0 0.6683515625 0.467482353125 0.6485546875 0.467482353125 0.6485546875 0.5100705875 0.6683515625 0.5100705875 0.6683515625 0.467482353125
0 0.6478359375 0.46961176406250005 0.6146015625000001 0.46961176406250005 0.6146015625000001 0.5143411765625 0.6478359375 0.5143411765625 0.6478359375 0.46961176406250005
0 0.6669375 0.5121882359375001 0.6443125000000001 0.5121882359375001 0.6443125000000001 0.5558588234374999 0.6669375 0.5558588234374999 0.6669375 0.5121882359375001
0 0.6421796875 0.5132588234375 0.6167265625 0.5132588234375 0.6167265625 0.5611882359375 0.6421796875 0.5611882359375 0.6421796875 0.5132588234375
0 0.917265625 0.61443529375 0.852203125 0.61443529375 0.852203125 0.6794 0.917265625 0.6794 0.917265625 0.61443529375
0 0.8536328125000001 0.6037764703125 0.7970546875 0.6037764703125 0.7970546875 0.6389058828125 0.8536328125000001 0.6389058828125 0.8536328125000001 0.6037764703125
0 0.7039609375 0.42885882343750004 0.6726328125000001 0.42885882343750004 0.6726328125000001 0.460317646875 0.7039609375 0.460317646875 0.7039609375 0.42885882343750004
0 0.7577890625 0.41071764687499995 0.7260546875 0.41071764687499995 0.7260546875 0.43370588281250005 0.7577890625 0.43370588281250005 0.7577890625 0.41071764687499995
0 0.34004687499999997 0.7427058828125 0.322828125 0.7427058828125 0.322828125 0.7875058828125 0.34004687499999997 0.7875058828125 0.34004687499999997 0.7427058828125
0 0.3870234375 0.92543529375 0.3353515625 0.92543529375 0.3353515625 0.9725882359375 0.3870234375 0.9725882359375 0.3870234375 0.92543529375
0 0.21246874999999998 0.474717646875 0.18912500000000002 0.474717646875 0.18912500000000002 0.5318705875 0.21246874999999998 0.5318705875 0.21246874999999998 0.474717646875
0 0.2475 0.4668 0.22356250000000003 0.4668 0.22356250000000003 0.53536470625 0.2475 0.53536470625 0.2475 0.4668
0 0.2871953125 0.46417647031250003 0.2609296875 0.46417647031250003 0.2609296875 0.5266 0.2871953125 0.5266 0.2871953125 0.46417647031250003
0 0.318140625 0.46417647031250003 0.290703125 0.46417647031250003 0.290703125 0.5204352937500001 0.318140625 0.5204352937500001 0.318140625 0.46417647031250003
0 0.4436484375 0.4466 0.40219531249999996 0.4466 0.40219531249999996 0.5222 0.4436484375 0.5222 0.4436484375 0.4466
0 0.0840703125 0.59676470625 0.0330234375 0.59676470625 0.0330234375 0.66723529375 0.0840703125 0.66723529375 0.0840703125 0.59676470625
0 0.0897265625 0.6650823531250001 0.0393984375 0.6650823531250001 0.0393984375 0.7430117640625 0.0897265625 0.7430117640625 0.0897265625 0.6650823531250001