0 0.9848926375 0.10606060625 0.7660276078125 0.10606060625 0.7660276078125 0.3367965375 0.9848926375 0.3367965375 0.9848926375 0.10606060625
0 0.7528374234374999 0.2753896109375 0.6012116562500001 0.2753896109375 0.6012116562500001 0.3982034625 0.7528374234374999 0.3982034625 0.7528374234374999 0.2753896109375
0 0.831932515625 0.47075757500000004 0.7027300609375 0.47075757500000004 0.7027300609375 0.647510821875 0.831932515625 0.647510821875 0.831932515625 0.47075757500000004
0 0.98619631875 0.42610389687500005 0.8358895703125 0.42610389687500005 0.8358895703125 0.6307792203125 0.98619631875 0.6307792203125 0.98619631875 0.42610389687500005
0 0.6974846625 0.506125540625 0.60122699375 0.506125540625 0.60122699375 0.66426406875 0.6974846625 0.66426406875 0.6974846625 0.506125540625
0 0.987530675 0.7163419906249999 0.833266871875 0.7163419906249999 0.833266871875 0.9303246749999999 0.987530675 0.9303246749999999 0.987530675 0.7163419906249999
0 0.829294478125 0.7238095234374999 0.7053680984375 0.7238095234374999 0.7053680984375 0.9173160171875001 0.829294478125 0.9173160171875001 0.829294478125 0.7238095234374999
0 0.7014110421875001 0.7368398265625 0.605153375 0.7368398265625 0.605153375 0.9042857140624999 0.7014110421875001 0.9042857140624999 0.7014110421875001 0.7368398265625
0 0.758113496875 0.053982684375 0.6012116562500001 0.053982684375 0.6012116562500001 0.145151515625 0.758113496875 0.145151515625 0.758113496875 0.053982684375
0 0.5722239265625 0.148874459375 0.490475459375 0.148874459375 0.490475459375 0.25121212187499997 0.5722239265625 0.25121212187499997 0.5722239265625 0.148874459375
0 0.57616564375 0.3219047625 0.495736196875 0.3219047625 0.495736196875 0.46891774843749995 0.57616564375 0.46891774843749995 0.57616564375 0.3219047625
0 0.5682668718749999 0.5451948046874999 0.4997085890625 0.5451948046874999 0.4997085890625 0.6698701296875 0.5682668718749999 0.6698701296875 0.5682668718749999 0.5451948046874999
0 0.565628834375 0.7479653671875 0.49443251562499996 0.7479653671875 0.49443251562499996 0.8949783546875001 0.565628834375 0.8949783546875001 0.565628834375 0.7479653671875
0 0.49559815937499996 0.37125541093750003 0.4251993859375 0.37125541093750003 0.4251993859375 0.5045887453125 0.49559815937499996 0.5045887453125 0.49559815937499996 0.37125541093750003
0 0.4928220859375 0.1725541125 0.4270552140625 0.1725541125 0.4270552140625 0.3045887453125 0.4928220859375 0.3045887453125 0.4928220859375 0.1725541125
0 0.427024540625 0.23660173125 0.370521471875 0.23660173125 0.370521471875 0.34902597343749997 0.427024540625 0.34902597343749997 0.427024540625 0.23660173125
0 0.42610429375000003 0.42227272656250003 0.3677607359375 0.42227272656250003 0.3677607359375 0.53339826875 0.42610429375000003 0.53339826875 0.42610429375000003 0.42227272656250003
0 0.5002300609375 0.5608225109375 0.43075153437499997 0.5608225109375 0.43075153437499997 0.6954545453125001 0.5002300609375 0.6954545453125001 0.5002300609375 0.5608225109375
0 0.42889570624999995 0.5896103890625 0.375153375 0.5896103890625 0.375153375 0.7098701296875001 0.42889570624999995 0.7098701296875001 0.42889570624999995 0.5896103890625
0 0.49188650312500004 0.7543290046875 0.4214877296875 0.7543290046875 0.4214877296875 0.8889610390625 0.49188650312500004 0.8889610390625 0.49188650312500004 0.7543290046875
0 0.420552146875 0.7582251078125 0.3723926375 0.7582251078125 0.3723926375 0.8915584421875 0.420552146875 0.8915584421875 0.420552146875 0.7582251078125