0 0.4779196859375 0.6207182765625 0.5885471078125 0.630396921875 0.5938839453125 0.5693965999999999 0.48325652343750003 0.5597179546875 0.4779196859375 0.6207182765625
0 0.46624863281250006 0.6925912421875 0.5896522515625 0.7033876593749999 0.5973451984375 0.6154568734375 0.4739415796875 0.60466045625 0.46624863281250006 0.6925912421875
0 0.4734871890625 0.7446703 0.593702984375 0.7551878203125 0.5987899750000001 0.69704325625 0.47857417968749993 0.6865257359375 0.4734871890625 0.7446703
0 0.46295663437499995 0.803794153125 0.588477165625 0.8147757765625 0.5946826546875 0.7438467140625 0.469162121875 0.732865090625 0.46295663437499995 0.803794153125
0 0.8279069671875 0.375404853125 0.8707433390625001 0.37915255000000003 0.876024978125 0.31878315156250003 0.83318860625 0.3150354546875 0.8279069671875 0.375404853125
0 0.8313693421874999 0.4289102234375 0.8790621640625 0.43308280468750004 0.88443676875 0.37165079687499997 0.836743946875 0.367478215625 0.8313693421874999 0.4289102234375
0 0.8337679015624999 0.5225422359375 0.86691628125 0.52544234375 0.8751205421874999 0.431667215625 0.8419721625 0.42876710781250005 0.8337679015624999 0.5225422359375
0 0.8024826890625001 0.5263132328125 0.83401225 0.5290717125 0.8391050515625 0.4708607359375 0.8075754890625 0.46810225625 0.8024826890625001 0.5263132328125
0 0.759282546875 0.5268668671875 0.8005001015625 0.5304729359375 0.80511935625 0.4776746171875 0.7639018015625 0.47406854843749996 0.759282546875 0.5268668671875
0 0.7703854390625 0.204189996875 0.8415137406250001 0.2104129171875 0.8471701484375 0.14575988125 0.776041846875 0.1395369609375 0.7703854390625 0.204189996875
0 1 0.23624085468749997 0.936670184375 0.2307002140625 0.9300695890625 0.306145359375 1 0.312263478125 1 0.23624085468749997
0 0.765115878125 0.6555315484375 0.8685956031250001 0.6645848515624999 0.8735925312499999 0.6074696890625 0.7701128078125 0.5984163859375 0.765115878125 0.6555315484375
0 0.8178759859375001 0.7133666421875 0.8615342187499999 0.7171862421874999 0.86587166875 0.667608953125 0.8222134375 0.6637893515625 0.8178759859375001 0.7133666421875
0 0.7838362328125 0.7114760203125 0.82022224375 0.714659384375 0.8252191734375 0.6575442218750001 0.7888331625 0.6543608578125 0.7838362328125 0.7114760203125
0 0.7571506671875 0.7091413359375001 0.784645640625 0.711546834375 0.7895496046875 0.65549428125 0.7620546296875 0.6530887828124999 0.7571506671875 0.7091413359375001
0 0.8107436359375001 0.7670660265625 0.8592334125000001 0.7713083328125 0.863289059375 0.724952071875 0.8147992828125 0.720709765625 0.8107436359375001 0.7670660265625
0 0.7561562671875001 0.7579403640625 0.8135619875 0.7629627125 0.8173329265625 0.719860690625 0.75992720625 0.714838340625 0.7561562671875001 0.7579403640625
0 0.807365521875 0.8243228171875 0.85505834375 0.8284953984375001 0.8591139906249999 0.7821391390625 0.8114211703124999 0.7779665578125 0.807365521875 0.8243228171875
0 0.7535875625 0.81526796875 0.8093744656249999 0.8201486906250001 0.8143713953124999 0.7630335265625 0.7585844921875 0.75815280625 0.7535875625 0.81526796875
0 0.8040373171875 0.8718301921875 0.8517301390625001 0.8760027734375001 0.8555969484375 0.8318049343749999 0.8079041265625 0.827632353125 0.8040373171875 0.8718301921875
0 0.7492362078125 0.864860771875 0.8001666609375 0.869316609375 0.803655796875 0.829435615625 0.7527253421875 0.8249797781250001 0.7492362078125 0.864860771875
0 0.8095003343749999 0.9396142640624999 0.8458863453125 0.9427976265625 0.8505056 0.8899993078125 0.8141195890624999 0.8868159453125 0.8095003343749999 0.9396142640624999
0 0.7797353671875 0.92615218125 0.81044306875 0.9288387578125 0.8144028453125 0.8835783125000001 0.7836951437499999 0.8808917359375 0.7797353671875 0.92615218125
0 0.742199728125 0.9174643421875001 0.7793826953125 0.9207174296874999 0.783908984375 0.86898171875 0.7467260171875 0.8657286296875 0.742199728125 0.9174643421875001
0 0.9015628359375001 0.8184268843750001 0.9419834359375001 0.8219632296875 0.9467915281250001 0.7670064875 0.9063709281250001 0.76347014375 0.9015628359375001 0.8184268843750001
0 0.9081230703125 0.7527654515625 0.9436872218750001 0.7558769109375 0.948968859375 0.6955075125 0.9134047093750001 0.6923960515625 0.9081230703125 0.7527654515625
0 0.9191400796875 0.6918103609374999 0.9563230468749999 0.6950634499999999 0.9611311390624999 0.6401067078125 0.923948171875 0.6368536203125 0.9191400796875 0.6918103609374999
0 0.8948553703125001 0.89495015 0.9368947859375 0.8986281234375 0.9427400312499999 0.831816665625 0.900700615625 0.82813869375 0.8948553703125001 0.89495015