0 0.5628828125 0.7379529406249999 0.45680468750000003 0.7379529406249999 0.45680468750000003 0.8327294125 0.5628828125 0.8327294125 0.5628828125 0.7379529406249999
0 0.4546875 0.724117646875 0.38821875 0.724117646875 0.38821875 0.8135764703125 0.4546875 0.8135764703125 0.4546875 0.724117646875
0 0.5678359375 0.8188941171874999 0.45044531250000003 0.8188941171874999 0.45044531250000003 0.9157882359375 0.5678359375 0.9157882359375 0.5678359375 0.8188941171874999
0 0.3295234375 0.7049529406249999 0.2581015625 0.7049529406249999 0.2581015625 0.786952940625 0.3295234375 0.786952940625 0.3295234375 0.7049529406249999
0 0.3606484375 0.6186941171875 0.2757890625 0.6186941171875 0.2757890625 0.6921764703125 0.3606484375 0.6921764703125 0.3606484375 0.6186941171875
0 0.6194531249999999 0.5846235296875 0.519046875 0.5846235296875 0.519046875 0.6549058828125001 0.6194531249999999 0.6549058828125001 0.6194531249999999 0.5846235296875
0 0.46246875000000004 0.48025882343750004 0.398125 0.48025882343750004 0.398125 0.5058117640625001 0.46246875000000004 0.5058117640625001 0.46246875000000004 0.48025882343750004
0 0.4709609375 0.509 0.3882265625 0.509 0.3882265625 0.576082353125 0.4709609375 0.576082353125 0.4709609375 0.509
0 0.396703125 0.4185058828125 0.332359375 0.4185058828125 0.332359375 0.465352940625 0.396703125 0.465352940625 0.396703125 0.4185058828125
0 0.3514453125 0.467482353125 0.3316484375 0.467482353125 0.3316484375 0.5100705875 0.3514453125 0.5100705875 0.3514453125 0.467482353125
0 0.3853984375 0.46961176406250005 0.3521640625 0.46961176406250005 0.3521640625 0.5143411765625 0.3853984375 0.5143411765625 0.3853984375 0.46961176406250005
0 0.3556875 0.5121882359375001 0.3330625 0.5121882359375001 0.3330625 0.5558588234374999 0.3556875 0.5558588234374999 0.3556875 0.5121882359375001
0 0.3832734375 0.5132588234375 0.3578203125 0.5132588234375 0.3578203125 0.5611882359375 0.3832734375 0.5611882359375 0.3832734375 0.5132588234375
0 0.147796875 0.61443529375 0.082734375 0.61443529375 0.082734375 0.6794 0.147796875 0.6794 0.147796875 0.61443529375
0 0.20294531249999997 0.6037764703125 0.1463671875 0.6037764703125 0.1463671875 0.6389058828125 0.20294531249999997 0.6389058828125 0.20294531249999997 0.6037764703125
0 0.3273671875 0.42885882343750004 0.2960390625 0.42885882343750004 0.2960390625 0.460317646875 0.3273671875 0.460317646875 0.3273671875 0.42885882343750004
0 0.2739453125 0.41071764687499995 0.24221093749999997 0.41071764687499995 0.24221093749999997 0.43370588281250005 0.2739453125 0.43370588281250005 0.2739453125 0.41071764687499995
0 0.677171875 0.7427058828125 0.659953125 0.7427058828125 0.659953125 0.7875058828125 0.677171875 0.7875058828125 0.677171875 0.7427058828125
0 0.6646484375 0.92543529375 0.6129765625 0.92543529375 0.6129765625 0.9725882359375 0.6646484375 0.9725882359375 0.6646484375 0.92543529375
0 0.810875 0.474717646875 0.78753125 0.474717646875 0.78753125 0.5318705875 0.810875 0.5318705875 0.810875 0.474717646875
0 0.7764375 0.4668 0.7525000000000001 0.4668 0.7525000000000001 0.53536470625 0.7764375 0.53536470625 0.7764375 0.4668
0 0.7390703125 0.46417647031250003 0.7128046875 0.46417647031250003 0.7128046875 0.5266 0.7390703125 0.5266 0.7390703125 0.46417647031250003
0 0.7092968749999999 0.46417647031250003 0.6818593749999999 0.46417647031250003 0.6818593749999999 0.5204352937500001 0.7092968749999999 0.5204352937500001 0.7092968749999999 0.46417647031250003
0 0.5978046875 0.4466 0.5563515625 0.4466 0.5563515625 0.5222 0.5978046875 0.5222 0.5978046875 0.4466
0 0.9669765625 0.59676470625 0.9159296875 0.59676470625 0.9159296875 0.66723529375 0.9669765625 0.66723529375 0.9669765625 0.59676470625
0 0.9606015625 0.6650823531250001 0.9102734375000001 0.6650823531250001 0.9102734375000001 0.7430117640625 0.9606015625 0.7430117640625 0.9606015625 0.6650823531250001