0 0.561338303125 0.5034703953124999 0.797318553125 0.557950728125 0.8406684953125 0.370181496875 0.6046882453125 0.3157011640625 0.561338303125 0.5034703953124999
0 0.7691931421875 0.7492348203125 0.9461783296874999 0.7900950703125 0.9977296125 0.5668019296875 0.820744425 0.5259416796874999 0.7691931421875 0.7492348203125
0 0.512424796875 0.697973178125 0.7503081125 0.7528928687499999 0.7930722453125 0.567661059375 0.5551889296875 0.51274136875 0.512424796875 0.697973178125
0 0.45999643125 0.9077004921875 0.6997828140625 0.963059540625 0.742546946875 0.77782773125 0.5027605640624999 0.7224686828125 0.45999643125 0.9077004921875
0 0.2399754234375 0.8275053046874999 0.3922207453125 0.8626539062499999 0.46427538124999995 0.5505509953125001 0.31203005781250004 0.5154023921875 0.2399754234375 0.8275053046874999
0 0.14149204531249998 0.41188658437500003 0.3146711 0.45186811875000005 0.352748753125 0.286935684375 0.17956969843749998 0.24695415 0.14149204531249998 0.41188658437500003
0 0.093750159375 0.601314521875 0.2612200140625 0.639977984375 0.3004692875 0.46997070625 0.13299943125 0.43130724374999996 0.093750159375 0.601314521875
0 0.276673559375 0 0.256294490625 0.0882714453125 0.5607851359375 0.15856865 0.595347928125 0.00886075 0.5569678031249999 0 0.276673559375 0
0 0.63763924375 0.181657153125 0.8507826953125001 0.230865196875 0.8841738671874999 0.086232140625 0.671030415625 0.037024096875 0.63763924375 0.181657153125
0 0.8957134578125 1 0.9395887828125 0.8099550890625 0.7683127953125 0.7704129109375 0.7185189421875 0.9860937859375 0.7787533734375 1 0.8957134578125 1
0 0.2846915609375 0 0.26449256718749997 0.0874914546875 0.5594678796875 0.155591871875 0.5934448625 0.0084213921875 0.5569678062500001 0 0.2846915609375 0