0 0.5674075109375 0.20068361562499998 0.683608003125 0.171711578125 0.6641366515625 0.09361624843750001 0.5479361578125 0.1225882859375 0.5674075109375 0.20068361562499998
0 0.647636809375 0.2930528765625 0.709985890625 0.2775075046875 0.6882129203125 0.1901808890625 0.6258638390625 0.2057262609375 0.647636809375 0.2930528765625
0 0.6178133625 0.404852640625 0.732118746875 0.37635310781250003 0.7107624203125 0.29069755625 0.596457034375 0.319197090625 0.6178133625 0.404852640625
0 0.686391125 0.49478064687499995 0.753932803125 0.477940615625 0.7311115046875 0.386409384375 0.663569825 0.40324941562500005 0.686391125 0.49478064687499995
0 0.5653714796875 0.5124652000000001 0.6839294890625001 0.4829053671875 0.6632014859375001 0.39976989218750003 0.5446434765625 0.42932972343750003 0.5653714796875 0.5124652000000001
0 0.6559914453125 0.6022509328125001 0.7721919390624999 0.5732788953125 0.749998965625 0.4842677390625 0.6337984718749999 0.5132397765625 0.6559914453125 0.6022509328125001
0 0.67194221875 0.8348141 0.7674102203125 0.8110112546874999 0.7483823921874999 0.7346948 0.6529143890625 0.7584976453125 0.67194221875 0.8348141
0 0.7370125703125 0.90662181875 0.8280384375000001 0.8839265218750001 0.8077001984375001 0.8023543 0.71667433125 0.825049596875 0.7370125703125 0.90662181875
0 1 0.7887982250000001 0.9989079734375 0.7844183453125 0.9739076984375 0.7906516140625001 0.9834972140625 0.8291130578124999 1 0.8249984515625 1 0.7887982250000001
0 0.94246929375 0.8447889734375 0.9636187078124999 0.8395158328125 0.9521106171874999 0.793359403125 0.930961203125 0.7986325437499999 0.94246929375 0.8447889734375
0 0.8317619875 0.740751984375 0.8582025468750001 0.7341596125 0.8473362218749999 0.6905771625 0.8208956625000001 0.6971695343750001 0.8317619875 0.740751984375
0 0.8618253796875001 0.7568602546875 0.8882659390625 0.7502678828125 0.8795298703125001 0.7152294265625 0.8530893109375001 0.7218217984375 0.8618253796875001 0.7568602546875
0 0.8489274203124999 0.709246784375 0.8715246984375 0.70361265 0.863427034375 0.671134696875 0.8408297578124999 0.67676883125 0.8489274203124999 0.709246784375
0 0.90660996875 0.8791443531249999 0.9484312296875 0.8687171421875 0.9345812015625 0.8131677109375 0.8927599390625 0.8235949234375 0.90660996875 0.8791443531249999
0 0.9420142031250001 0.8040500609375 0.9814324671874999 0.794221984375 0.9699243765625001 0.7480655546875 0.9305061125 0.75789363125 0.9420142031250001 0.8040500609375
0 0.5462663671875 0.80194996875 0.5924160578125 0.7904435578125 0.575155603125 0.721215653125 0.5290059125 0.7327220640625 0.5462663671875 0.80194996875
0 0.5618779234375 0.8625138640625 0.6469683109375 0.8412984484375 0.6305613015625 0.7754935296875 0.5454709156249999 0.796708946875 0.5618779234375 0.8625138640625
0 0.5779755828125 0.9147903796874999 0.626050703125 0.9028039046874999 0.6128390796875001 0.849814978125 0.564763959375 0.8618014515624999 0.5779755828125 0.9147903796874999
0 0.593851775 0.9743650374999999 0.6702928859374999 0.955306128125 0.6566545390625 0.90060570625 0.580213428125 0.9196646156250001 0.593851775 0.9743650374999999
0 0.14274351875 0.7938226203125 0.215182159375 0.7757616390625001 0.197098496875 0.7032320328125 0.12465985625 0.7212930140625 0.14274351875 0.7938226203125
0 0.1667668625 0.8475798890625 0.233793071875 0.830868378125 0.216448615625 0.7613035640625 0.14942240625 0.778015075 0.1667668625 0.8475798890625
0 0.18240440625 0.9050025234374999 0.252341503125 0.8875652468749999 0.23425784218749998 0.8150356406249999 0.16432074531250002 0.8324729171874999 0.18240440625 0.9050025234374999
0 0.19759214218750001 0.9499480734375 0.26961385781249997 0.9319910437500001 0.2509757921875 0.8572378421875 0.178954075 0.8751948734375 0.19759214218750001 0.9499480734375
0 0.21791454375 0.9959823890624999 0.2857746015625 0.9790629765625001 0.271934653125 0.9235539749999999 0.2040745953125 0.9404733875 0.21791454375 0.9959823890624999
0 0.020923482812499998 0.445302115625 0.055892031249999995 0.43658347812500004 0.0361485171875 0.357396565625 0.00117996875 0.3661152046875 0.020923482812499998 0.445302115625
0 0.05778166875 0.5186473125 0.0794313921875 0.5132494296875 0.059687878125 0.43406251874999996 0.0380381546875 0.43946040000000003 0.05778166875 0.5186473125
0 0.06869030000000001 0.60318610625 0.10324192343750001 0.59457141875 0.08109935 0.5057624078125 0.0465477265625 0.5143770953125 0.06869030000000001 0.60318610625
0 0.1029641953125 0.6661824265625 0.12461391875000001 0.66078454375 0.1041311984375 0.578632840625 0.082481475 0.5840307234375001 0.1029641953125 0.6661824265625
0 0.066864034375 0.70583680625 0.10557731875000001 0.6961845015625 0.081590090625 0.599976984375 0.042876806249999996 0.6096292890624999 0.066864034375 0.70583680625
0 0.05589367656250001 0.3674174421875 0.0692125015625 0.3640966859375 0.057586810937499996 0.3174685859375 0.0442679859375 0.32078934062500003 0.05589367656250001 0.3674174421875
0 0.09743406875 0.46219000625 0.11060886562500001 0.458905159375 0.098314528125 0.4095952703125 0.08513973281250001 0.41288011718749995 0.09743406875 0.46219000625
0 0.11274638125 0.5757906015625001 0.126618578125 0.5723318749999999 0.113195271875 0.5184939375 0.0993230765625 0.521952665625 0.11274638125 0.5757906015625001
0 0.1273696421875 0.562539865625 0.13892980625 0.55965759375 0.125916425 0.5074637703125 0.1143562609375 0.5103460421875 0.1273696421875 0.562539865625
0 0.1644487390625 0.432434090625 0.20755867499999997 0.421685575 0.1953483390625 0.37271259375 0.152238403125 0.383461109375 0.1644487390625 0.432434090625
0 0.1430029 0.33451937656249997 0.18771230781249998 0.3233720703125 0.175501971875 0.2743990890625 0.1307925640625 0.285546396875 0.1430029 0.33451937656249997
0 0.1692675984375 0.376953628125 0.19441948281250002 0.370682559375 0.182034425 0.321008809375 0.156882540625 0.32727987812500003 0.1692675984375 0.376953628125
0 0.142213159375 0.38747797500000003 0.1641661015625 0.3820044921875 0.152311928125 0.3344600015625 0.1303589875 0.33993348437500004 0.142213159375 0.38747797500000003
0 0.1971910546875 0.4770322046875 0.219947521875 0.47135838124999996 0.20809335 0.42381389062499997 0.1853368828125 0.4294877140625 0.1971910546875 0.4770322046875
0 0.168311784375 0.4887630234375 0.189067015625 0.4835881625 0.1770347625 0.4353294265625 0.1562795296875 0.44050428750000004 0.168311784375 0.4887630234375
0 0.19214304531249998 0.533321290625 0.234457034375 0.522771228125 0.221893896875 0.47238323125 0.17957990625 0.48293329375000005 0.19214304531249998 0.533321290625
0 0.2315364984375 0.6539078078125 0.2674601828125 0.644951028125 0.2579042671875 0.606624346875 0.221980584375 0.6155811265625 0.2315364984375 0.6539078078125
0 0.24352493281249998 0.69688841875 0.279448615625 0.6879316375 0.270601665625 0.6524484609375001 0.2346779828125 0.6614052421875 0.24352493281249998 0.69688841875
0 0.2565418234375 0.738875428125 0.29286726875 0.729818478125 0.2840203203125 0.694335303125 0.24769487343750002 0.703392253125 0.2565418234375 0.738875428125
0 0.2685298265625 0.7818704609375 0.304453509375 0.7729136796875 0.295428478125 0.7367162578124999 0.2595047953125 0.7456730390625 0.2685298265625 0.7818704609375
0 0.282827615625 0.8205178375 0.314763990625 0.8125552046875001 0.306800728125 0.7806163046875 0.2748643546875 0.7885789375 0.282827615625 0.8205178375
0 0.22838925156249998 0.36063839531249997 0.24950834375 0.3553728140625 0.2413502 0.3226522859375 0.22023110781250002 0.3279178671875 0.22838925156249998 0.36063839531249997
0 0.327939490625 0.527254215625 0.34483628125 0.523041371875 0.3382842296875 0.4967625296875 0.3213874390625 0.5009753734375 0.327939490625 0.527254215625
0 0.3355932953125 0.561811021875 0.35701560625 0.5564698406249999 0.3496605078125 0.5269701546875 0.3282381984375 0.5323113359375 0.3355932953125 0.561811021875
0 0.37113358750000003 0.444699615625 0.38501336406250003 0.44123900000000005 0.3792609984375 0.41816752343749997 0.365381221875 0.42162814062500004 0.37113358750000003 0.444699615625
0 0.320952621875 0.3449816046875 0.333627109375 0.3418215 0.3273405 0.3166072875 0.3146660125 0.3197673921875 0.320952621875 0.3449816046875
0 0.1655845671875 0.187151134375 0.190630325 0.18090652499999998 0.1822033796875 0.14710789062500002 0.1571576203125 0.1533524984375 0.1655845671875 0.187151134375
0 0.15171423281250002 0.1250938609375 0.176759990625 0.1188492515625 0.16833304531249998 0.0850506171875 0.1432872875 0.0912952265625 0.15171423281250002 0.1250938609375
0 0.24148644218749998 0.16252250937499998 0.2589896671875 0.158158465625 0.2527030578125 0.132944253125 0.2351998328125 0.13730829687499999 0.24148644218749998 0.16252250937499998
0 0.2375851234375 0.1880009203125 0.265041459375 0.18115528593750002 0.259158053125 0.157558234375 0.2317017171875 0.16440386875 0.2375851234375 0.1880009203125
0 0.222210659375 0.1713221296875 0.24061595625 0.166733175 0.23419494531249999 0.140979909375 0.2157896484375 0.145568865625 0.222210659375 0.1713221296875
0 0.252690065625 0.20873338125 0.27048892812499997 0.2042956265625 0.26527416718749997 0.1833803625 0.2474753046875 0.18781811718750002 0.252690065625 0.20873338125
0 0.22595314218749998 0.14133144687500002 0.25491798593750004 0.1341097 0.24890017812499998 0.10997359375 0.21993533437499999 0.117195340625 0.22595314218749998 0.14133144687500002
0 0.375370059375 0.465178875 0.3893559625 0.4616917984375 0.3841714421875 0.44089782031249997 0.3701855390625 0.4443848984375 0.375370059375 0.465178875
0 0.3808586625 0.487192459375 0.395071978125 0.48364868124999993 0.3894808953125 0.4612240703125 0.375267578125 0.46476784687499995 0.3808586625 0.487192459375
0 0.155241196875 0.157566290625 0.1851763359375 0.1501026234375 0.17721307343749998 0.11816372343749999 0.147277934375 0.125627390625 0.155241196875 0.157566290625