0 0.328125 0.0859375 0.169921875 0.0859375 0.169921875 0.296875 0.328125 0.296875 0.328125 0.0859375
0 0.541015625 0.1067708328125 0.376953125 0.1067708328125 0.376953125 0.3046875 0.541015625 0.3046875 0.541015625 0.1067708328125
0 0.71484375 0.1145833328125 0.55078125 0.1145833328125 0.55078125 0.3229166671875 0.71484375 0.3229166671875 0.71484375 0.1145833328125
0 0.9765625 0.20833333281250002 0.80078125 0.20833333281250002 0.80078125 0.4114583328125 0.9765625 0.4114583328125 0.9765625 0.20833333281250002
0 0.328125 0.3020833328125 0.14453125 0.3020833328125 0.14453125 0.4817708328125 0.328125 0.4817708328125 0.328125 0.3020833328125
0 0.482421875 0.3125 0.349609375 0.3125 0.349609375 0.4895833328125 0.482421875 0.4895833328125 0.482421875 0.3125
0 0.646484375 0.3098958328125 0.49609375 0.3098958328125 0.49609375 0.5026041671875 0.646484375 0.5026041671875 0.646484375 0.3098958328125
0 0.794921875 0.3333333328125 0.65625 0.3333333328125 0.65625 0.4921875 0.794921875 0.4921875 0.794921875 0.3333333328125
0 0.998046875 0.4088541671875 0.810546875 0.4088541671875 0.810546875 0.6510416671875 0.998046875 0.6510416671875 0.998046875 0.4088541671875
0 0.36328125 0.4895833328125 0.162109375 0.4895833328125 0.162109375 0.6901041671875 0.36328125 0.6901041671875 0.36328125 0.4895833328125
0 0.580078125 0.5078125 0.388671875 0.5078125 0.388671875 0.7005208328125 0.580078125 0.7005208328125 0.580078125 0.5078125
0 0.794921875 0.5182291671875 0.599609375 0.5182291671875 0.599609375 0.6979166671875 0.794921875 0.6979166671875 0.794921875 0.5182291671875
0 0.998046875 0.6640625 0.81640625 0.6640625 0.81640625 0.9088541671874999 0.998046875 0.9088541671874999 0.998046875 0.6640625
0 0.341796875 0.6953125 0.15625 0.6953125 0.15625 0.9114583328125001 0.341796875 0.9114583328125001 0.341796875 0.6953125
0 0.583984375 0.7057291671875 0.361328125 0.7057291671875 0.361328125 0.9088541671874999 0.583984375 0.9088541671874999 0.583984375 0.7057291671875
0 0.80078125 0.7135416671875 0.60546875 0.7135416671875 0.60546875 0.9010416671874999 0.80078125 0.9010416671874999 0.80078125 0.7135416671875