0 0.36058203125 0.13073611093749998 0.23866796875000001 0.13073611093749998 0.23866796875000001 0.23279166718750002 0.36058203125 0.23279166718750002 0.36058203125 0.13073611093749998
0 0.43927734375 0.1261458328125 0.36058203125 0.1261458328125 0.36058203125 0.21674305624999998 0.43927734375 0.21674305624999998 0.43927734375 0.1261458328125
0 0.30897265625000003 0.24425694375 0.23930859375 0.24425694375 0.23930859375 0.3348541671875 0.30897265625000003 0.3348541671875 0.30897265625000003 0.24425694375
0 0.4373359375 0.235090278125 0.30767968749999997 0.235090278125 0.30767968749999997 0.3268263890625 0.4373359375 0.3268263890625 0.4373359375 0.235090278125
0 0.36316015625000003 0.33828472187499997 0.23930859375 0.33828472187499997 0.23930859375 0.433465278125 0.36316015625000003 0.433465278125 0.36316015625000003 0.33828472187499997
0 0.43539843749999996 0.3302708328125 0.3618671875 0.3302708328125 0.3618671875 0.42659027812500006 0.43539843749999996 0.42659027812500006 0.43539843749999996 0.3302708328125
0 0.43862500000000004 0.44264583281250003 0.31284375 0.44264583281250003 0.31284375 0.5297986109374999 0.43862500000000004 0.5297986109374999 0.43862500000000004 0.44264583281250003
0 0.3734765625 0.54469444375 0.2522109375 0.54469444375 0.2522109375 0.633 0.3734765625 0.633 0.3734765625 0.54469444375
0 0.31542578125 0.44493055625 0.24576171875 0.44493055625 0.24576171875 0.53781944375 0.31542578125 0.53781944375 0.31542578125 0.44493055625
0 0.10965625000000001 0.8978958328125 0.08449999999999999 0.8978958328125 0.08449999999999999 0.93574305625 0.10965625000000001 0.93574305625 0.10965625000000001 0.8978958328125
0 0.152875 0.8990416671875 0.132234375 0.8990416671875 0.132234375 0.93918055625 0.152875 0.93918055625 0.152875 0.8990416671875
0 0.19802734375 0.9059236109375 0.15545703125000002 0.9059236109375 0.15545703125000002 0.9689930562500001 0.19802734375 0.9689930562500001 0.19802734375 0.9059236109375
0 0.2360859375 0.9300069437499999 0.1948046875 0.9300069437499999 0.1948046875 0.9816041671875 0.2360859375 0.9816041671875 0.2360859375 0.9300069437499999
0 0.19609375 0.8520208328125 0.16190625 0.8520208328125 0.16190625 0.9139513890625001 0.19609375 0.9139513890625001 0.19609375 0.8520208328125
0 0.23415234375 0.7706111109375 0.20834765625 0.7706111109375 0.20834765625 0.81075 0.23415234375 0.81075 0.23415234375 0.7706111109375
0 0.21350390625000001 0.758 0.18899609374999998 0.758 0.18899609374999998 0.7901111109375 0.21350390625000001 0.7901111109375 0.21350390625000001 0.758
0 0.21028125000000003 0.80043055625 0.1831875 0.80043055625 0.1831875 0.837125 0.21028125000000003 0.837125 0.21028125000000003 0.80043055625
0 0.1431953125 0.8554722218749999 0.10385156250000001 0.8554722218749999 0.10385156250000001 0.90019444375 0.1431953125 0.90019444375 0.1431953125 0.8554722218749999
0 0.22576562500000003 0.8462916671875 0.211578125 0.8462916671875 0.211578125 0.8634861109375 0.22576562500000003 0.8634861109375 0.22576562500000003 0.8462916671875
0 0.92566796875 0.6242083328125 0.84334765625 0.6242083328125 0.84334765625 0.6988749999999999 0.92566796875 0.6988749999999999 0.92566796875 0.6242083328125
0 0.9158164062499999 0.68643055625 0.8352929687499999 0.68643055625 0.8352929687499999 0.76318055625 0.9158164062499999 0.76318055625 0.9158164062499999 0.68643055625
0 0.9061171874999999 0.75024305625 0.8314140625 0.75024305625 0.8314140625 0.81750694375 0.9061171874999999 0.81750694375 0.9061171874999999 0.75024305625
0 0.8998125 0.7985416671875 0.82365625 0.7985416671875 0.82365625 0.8709861109375 0.8998125 0.8709861109375 0.8998125 0.7985416671875
0 0.89932421875 0.854590278125 0.81928515625 0.854590278125 0.81928515625 0.9235763890625 0.89932421875 0.9235763890625 0.89932421875 0.854590278125
0 0.79794921875 0.545875 0.76108203125 0.545875 0.76108203125 0.5855416671875 0.79794921875 0.5855416671875 0.79794921875 0.545875
0 0.79794921875 0.5889861109375001 0.76108203125 0.5889861109375001 0.76108203125 0.6312361109375 0.79794921875 0.6312361109375 0.79794921875 0.5889861109375001
0 0.79600390625 0.640722221875 0.7596210937500001 0.640722221875 0.7596210937500001 0.6786666671875 0.79600390625 0.6786666671875 0.79600390625 0.640722221875
0 0.7935820312499999 0.6829861109375 0.75623046875 0.6829861109375 0.75623046875 0.718347221875 0.7935820312499999 0.718347221875 0.7935820312499999 0.6829861109375
0 0.79115234375 0.722652778125 0.75283203125 0.722652778125 0.75283203125 0.7580138890625 0.79115234375 0.7580138890625 0.79115234375 0.722652778125
0 0.8071640625000001 0.40961805625 0.7620546874999999 0.40961805625 0.7620546874999999 0.45704861093750004 0.8071640625000001 0.45704861093750004 0.8071640625000001 0.40961805625
0 0.7877578125 0.35874305624999997 0.7635078125 0.35874305624999997 0.7635078125 0.40617361093750004 0.7877578125 0.40617361093750004 0.7877578125 0.35874305624999997
0 0.8095898437500001 0.30440972187500004 0.7615664062499999 0.30440972187500004 0.7615664062499999 0.35442361093749997 0.8095898437500001 0.35442361093749997 0.8095898437500001 0.30440972187500004
0 0.81977734375 0.360465278125 0.79503515625 0.360465278125 0.79503515625 0.40875694375 0.81977734375 0.40875694375 0.81977734375 0.360465278125
0 0.7896953124999999 0.25095138906250003 0.7668984375 0.25095138906250003 0.7668984375 0.29924305625000003 0.7896953124999999 0.29924305625000003 0.7896953124999999 0.25095138906250003
0 0.8178359374999999 0.25353472187500004 0.7960078125 0.25353472187500004 0.7960078125 0.30354861093749996 0.8178359374999999 0.30354861093749996 0.8178359374999999 0.25353472187500004
0 0.8071601562499999 0.20092361093750002 0.75865234375 0.20092361093750002 0.75865234375 0.24921527812500002 0.8071601562499999 0.24921527812500002 0.8071601562499999 0.20092361093750002
0 0.95074609375 0.24922222187499998 0.9138789062500001 0.24922222187499998 0.9138789062500001 0.3311388890625 0.95074609375 0.3311388890625 0.95074609375 0.24922222187499998
0 0.97936328125 0.25094444375 0.95219921875 0.25094444375 0.95219921875 0.34408333281250003 0.97936328125 0.34408333281250003 0.97936328125 0.25094444375
0 0.9454062499999999 0.40012499999999995 0.9032031249999999 0.40012499999999995 0.9032031249999999 0.4949861109375 0.9454062499999999 0.4949861109375 0.9454062499999999 0.40012499999999995
0 0.978390625 0.42513888906249997 0.9468593750000001 0.42513888906249997 0.9468593750000001 0.521722221875 0.978390625 0.521722221875 0.978390625 0.42513888906249997
0 0.92794921875 0.479465278125 0.90175390625 0.479465278125 0.90175390625 0.5674236109375 0.92794921875 0.5674236109375 0.92794921875 0.479465278125
0 0.97887890625 0.4932638890625 0.92794921875 0.4932638890625 0.92794921875 0.6045138890625 0.97887890625 0.6045138890625 0.97887890625 0.4932638890625
0 0.74944140625 0.0836458328125 0.72324609375 0.0836458328125 0.72324609375 0.11554861093749999 0.74944140625 0.11554861093749999 0.74944140625 0.0836458328125
0 0.76011328125 0.11728472187500001 0.72324609375 0.11728472187500001 0.72324609375 0.14488194375000002 0.76011328125 0.14488194375000002 0.76011328125 0.11728472187500001
0 0.67958984375 0.1103888890625 0.65097265625 0.1103888890625 0.65097265625 0.1336666671875 0.67958984375 0.1336666671875 0.67958984375 0.1103888890625
0 0.6698906250000001 0.134527778125 0.64903125 0.134527778125 0.64903125 0.15694444375 0.6698906250000001 0.15694444375 0.6698906250000001 0.134527778125
0 0.6698906250000001 0.082784721875 0.650484375 0.082784721875 0.650484375 0.1095208328125 0.6698906250000001 0.1095208328125 0.6698906250000001 0.082784721875
0 0.68928515625 0.08881944375 0.67182421875 0.08881944375 0.67182421875 0.11123611093750001 0.68928515625 0.11123611093750001 0.68928515625 0.08881944375
0 0.67959375 0.056909721875 0.649515625 0.056909721875 0.649515625 0.08450694375 0.67959375 0.08450694375 0.67959375 0.056909721875
0 0.6800703125 0.16040277812499998 0.6466015625 0.16040277812499998 0.6466015625 0.1819583328125 0.6800703125 0.1819583328125 0.6800703125 0.16040277812499998
0 0.6757109375 0.4553263890625 0.6548515625 0.4553263890625 0.6548515625 0.48550694375000003 0.6757109375 0.48550694375000003 0.6757109375 0.4553263890625
0 0.6757109375 0.4906736109375 0.6533984375 0.4906736109375 0.6533984375 0.5208541671875 0.6757109375 0.5208541671875 0.6757109375 0.4906736109375
0 0.41495703125 0.7869513890625 0.31257421875 0.7869513890625 0.31257421875 0.8683263890624999 0.41495703125 0.8683263890624999 0.41495703125 0.7869513890625
0 0.36798046875 0.8651111109375 0.27462890624999997 0.8651111109375 0.27462890624999997 0.9518333328124999 0.36798046875 0.9518333328124999 0.36798046875 0.8651111109375
0 0.41555468749999996 0.8758125 0.3679765625 0.8758125 0.3679765625 0.9475486109375 0.41555468749999996 0.9475486109375 0.41555468749999996 0.8758125
0 0.623234375 0.56881944375 0.604453125 0.56881944375 0.604453125 0.59231944375 0.623234375 0.59231944375 0.623234375 0.56881944375
0 0.6131484375 0.4105416671875 0.5968046874999999 0.4105416671875 0.5968046874999999 0.43651388906250005 0.6131484375 0.43651388906250005 0.6131484375 0.4105416671875
0 0.61454296875 0.43650694375 0.59645703125 0.43650694375 0.59645703125 0.45877083281250003 0.61454296875 0.45877083281250003 0.61454296875 0.43650694375
0 0.61384375 0.45939583281249996 0.5961093749999999 0.45939583281249996 0.5961093749999999 0.4797986109375 0.61384375 0.4797986109375 0.61384375 0.45939583281249996
0 0.62184375 0.11190972187499999 0.598890625 0.11190972187499999 0.598890625 0.1341736109375 0.62184375 0.1341736109375 0.62184375 0.11190972187499999
0 0.6218515625000001 0.1385 0.6006328125 0.1385 0.6006328125 0.15952777812500002 0.6218515625000001 0.15952777812500002 0.6218515625000001 0.1385
0 0.62149609375 0.16199305625 0.60062890625 0.16199305625 0.60062890625 0.18425694374999999 0.62149609375 0.18425694374999999 0.62149609375 0.16199305625
0 0.62010546875 0.186722221875 0.60167578125 0.186722221875 0.60167578125 0.20094444375 0.62010546875 0.20094444375 0.62010546875 0.186722221875
0 0.631234375 0.2522638890625 0.604109375 0.2522638890625 0.604109375 0.276375 0.631234375 0.276375 0.631234375 0.2522638890625
0 0.63749609375 0.2788541671875 0.60723828125 0.2788541671875 0.60723828125 0.3060625 0.63749609375 0.3060625 0.63749609375 0.2788541671875
0 0.63262890625 0.3085208328125 0.60793359375 0.3085208328125 0.60793359375 0.33325694375000003 0.63262890625 0.33325694375000003 0.63262890625 0.3085208328125
0 0.63888671875 0.4062083328125 0.6274101562500001 0.4062083328125 0.6274101562500001 0.4297083328125 0.63888671875 0.4297083328125 0.63888671875 0.4062083328125
0 0.6385390625 0.451965278125 0.6267109375000001 0.451965278125 0.6267109375000001 0.47175694375 0.6385390625 0.47175694375 0.6385390625 0.451965278125
0 0.69272265625 0.7420138890625 0.66366796875 0.7420138890625 0.66366796875 0.80843055625 0.69272265625 0.80843055625 0.69272265625 0.7420138890625