0 0.06770293125 0.49117366875 0.098265528125 0.481243278125 0.08149277187500001 0.42962204374999996 0.050930175 0.439552434375 0.06770293125 0.49117366875
0 0.09804860625 0.48231167499999994 0.1250447421875 0.4735401 0.10856669687500001 0.4228258921875 0.08157056093750001 0.43159746875 0.09804860625 0.48231167499999994
0 0.12517996874999998 0.4704926796875 0.144027728125 0.46436867031249995 0.12784439375 0.41456148906249995 0.108996634375 0.420685496875 0.12517996874999998 0.4704926796875
0 0.145633646875 0.4658475765625 0.1690633203125 0.45823481250000003 0.15317469687500002 0.40933465625 0.1297450234375 0.41694741874999997 0.145633646875 0.4658475765625
0 0.1681053078125 0.453541909375 0.1930655875 0.4454318234375 0.1786476546875 0.401057990625 0.15368737500000001 0.409168078125 0.1681053078125 0.453541909375
0 0.1945922875 0.4449309 0.21904236406250002 0.4369865875 0.2055085640625 0.395333834375 0.1810584875 0.40327814687499997 0.1945922875 0.4449309
0 0.220571925 0.436494471875 0.24807826249999998 0.4275571203125 0.232779059375 0.3804710171875 0.20527272187499998 0.38940836874999996 0.220571925 0.436494471875
0 0.29477165 0.3823506953125 0.32380859375000004 0.37291602031250004 0.30585985781249997 0.31767548749999996 0.2768229125 0.3271101625 0.29477165 0.3823506953125
0 0.32211993437499997 0.3694633015625 0.34810061875 0.361021665625 0.33309326562499997 0.31483378125 0.30711258125 0.32327541718749997 0.32211993437499997 0.3694633015625
0 0.349918121875 0.36142417031249996 0.3748784015625 0.3533140828125 0.358989778125 0.304413928125 0.33402949843749996 0.312524015625 0.349918121875 0.36142417031249996
0 0.376247046875 0.34886311875 0.403753384375 0.3399257671875 0.388159471875 0.2919326390625 0.360653134375 0.3008699890625 0.376247046875 0.34886311875
0 0.2869358890625 0.4379565890625 0.31495242968750004 0.42885346249999995 0.298474384375 0.37813925312499996 0.27045784375 0.3872423796875 0.2869358890625 0.4379565890625
0 0.312540553125 0.42663851406250003 0.33801103593750004 0.418362653125 0.32300368281249997 0.37217476875 0.2975332 0.3804506296875 0.312540553125 0.42663851406250003
0 0.3388120390625 0.41910030625 0.364792725 0.41065867031250003 0.34801996874999996 0.359037434375 0.322039284375 0.367479071875 0.3388120390625 0.41910030625
0 0.366397596875 0.41214278281250005 0.39390393437500004 0.40320543124999997 0.3771311796875 0.35158419687500003 0.349624840625 0.3605215484375 0.366397596875 0.41214278281250005
0 0.395807040625 0.40559055781250003 0.42229297343749994 0.39698475625 0.403754815625 0.3399301703125 0.37726888281250004 0.34853597187499996 0.395807040625 0.40559055781250003
0 0.42103882031250006 0.3913804234375 0.44905535937499996 0.382277296875 0.43346144531249997 0.3342841671875 0.40544490624999996 0.34338729218749997 0.42103882031250006 0.3913804234375
0 0.45146514375 0.3845026609375 0.47591522187499996 0.3765583484375 0.4597318875 0.32675116718749997 0.435281809375 0.334695478125 0.45146514375 0.3845026609375
0 0.1282720359375 0.5736022375000001 0.1522119109375 0.5658237015625 0.1366179984375 0.517830571875 0.112678121875 0.525609109375 0.1282720359375 0.5736022375000001
0 0.15039297812500002 0.56541679375 0.1768789109375 0.5568109921875 0.16305039999999998 0.5142512124999999 0.13656446718749998 0.5228570140625 0.15039297812500002 0.56541679375
0 0.1776046046875 0.555572415625 0.20154447968750003 0.547793878125 0.1877159703125 0.5052340984375 0.16377609375 0.5130126359375 0.1776046046875 0.555572415625
0 0.2015483875 0.5477974765625 0.22854452187500002 0.5390259000000001 0.2144213015625 0.49555909531250003 0.1874251671875 0.504330671875 0.2015483875 0.5477974765625
0 0.1253717671875 0.6236079625000001 0.1488014390625 0.6159952 0.1343835078125 0.57162136875 0.1109538359375 0.5792341296875 0.1253717671875 0.6236079625000001
0 0.15006159375 0.6215927156250001 0.1719656140625 0.6144756671875 0.156076990625 0.5655755109375 0.1341729703125 0.572692559375 0.15006159375 0.6215927156250001
0 0.1723138546875 0.6103562499999999 0.1957435296875 0.6027434875 0.1816203078125 0.5592766828125 0.158190634375 0.5668894453125 0.1723138546875 0.6103562499999999
0 0.196036809375 0.6036461125 0.2215072921875 0.59537025 0.20561866874999998 0.54647009375 0.18014818593749998 0.55474595625 0.196036809375 0.6036461125
0 0.22252522031250002 0.59503950625 0.24748549843749998 0.5869294203125001 0.232186296875 0.539843315625 0.2072260171875 0.5479534015625 0.22252522031250002 0.59503950625
0 0.2503262671875 0.58700918125 0.271720084375 0.5800579078125 0.2564208828125 0.5329718046874999 0.23502706562500003 0.5399230765625 0.2503262671875 0.58700918125
0 0.27135149375 0.57717905625 0.295801571875 0.5692347437499999 0.2828543328125 0.5293872375 0.25840425312500004 0.53733155 0.27135149375 0.57717905625
0 0.2579278265625 0.7317147875 0.3180326171875 0.7121855578125 0.299494459375 0.6551309734374999 0.23938966874999998 0.674660203125 0.2579278265625 0.7317147875
0 0.5963345343750001 0.5877186937500001 0.630973796875 0.576463715625 0.6106702359375 0.5139757796875 0.576030975 0.5252307593750001 0.5963345343750001 0.5877186937500001
0 0.6304635953125 0.576629490625 0.656949528125 0.5680236890625 0.6398849234374999 0.515504234375 0.613398990625 0.5241100359375 0.6304635953125 0.576629490625
0 0.6844009046874999 0.5641083765625 0.7276987421875 0.5500400562500001 0.7065139109375 0.48483985 0.6632160734375 0.49890817031249995 0.6844009046874999 0.5641083765625
0 0.5853647265624999 0.6423422015625 0.6164375265625 0.6322460375000001 0.5934872921875 0.561612478125 0.5624144921875 0.5717086421875 0.5853647265624999 0.6423422015625
0 0.613674546875 0.6341416984375 0.6437269421875 0.6243770828125 0.6275436078125 0.5745699015625 0.5974912125 0.5843345156249999 0.613674546875 0.6341416984375
0 0.64386216875 0.6213296640625 0.6718787078124999 0.6122265375 0.6565795046875 0.5651404343750001 0.628562965625 0.5742435593749999 0.64386216875 0.6213296640625
0 0.677264103125 0.6114746328125 0.7078267015625 0.60154424375 0.687231290625 0.5381580875 0.65666869375 0.5480884765625 0.677264103125 0.6114746328125
0 0.70827985 0.606410921875 0.7398628515625 0.5961489828125 0.7236795171875 0.5463418015625 0.6920965156250001 0.5566037406250001 0.70827985 0.606410921875
0 0.7399420703125 0.598128809375 0.768979015625 0.5886941343750001 0.7522062593750001 0.5370729 0.7231693156250001 0.5465075749999999 0.7399420703125 0.598128809375
0 0.884704821875 0.5600981203125001 0.9560192015625001 0.536926675 0.9333636765625 0.46720014218749994 0.8620492984375 0.4903715875 0.884704821875 0.5600981203125001