0 0.27734375 0.23697916718749998 0.140625 0.23697916718749998 0.140625 0.4270833328125 0.27734375 0.4270833328125 0.27734375 0.23697916718749998
0 0.23828125 0.4270833328125 0.08984375 0.4270833328125 0.08984375 0.6171875 0.23828125 0.6171875 0.23828125 0.4270833328125
0 0.369140625 0.421875 0.255859375 0.421875 0.255859375 0.6171875 0.369140625 0.6171875 0.369140625 0.421875
0 0.3125 0.6302083328125 0.193359375 0.6302083328125 0.193359375 0.8229166671874999 0.3125 0.8229166671874999 0.3125 0.6302083328125
0 0.421875 0.6380208328125 0.326171875 0.6380208328125 0.326171875 0.7994791671875 0.421875 0.7994791671875 0.421875 0.6380208328125
0 0.30078125 0.8307291671874999 0.1953125 0.8307291671874999 0.1953125 0.984375 0.30078125 0.984375 0.30078125 0.8307291671874999
0 0.17578125 0.7109375 0.083984375 0.7109375 0.083984375 0.8723958328125001 0.17578125 0.8723958328125001 0.17578125 0.7109375
0 0.171875 0.8958333328125001 0.078125 0.8958333328125001 0.078125 0.9973958328125001 0.171875 0.9973958328125001 0.171875 0.8958333328125001
0 0.40625 0.8072916671874999 0.30859375 0.8072916671874999 0.30859375 0.9427083328125001 0.40625 0.9427083328125001 0.40625 0.8072916671874999
0 0.7252197265625 0.69474609375 0.6325341796874999 0.69474609375 0.6325341796874999 0.7932747390625 0.7252197265625 0.7932747390625 0.7252197265625 0.69474609375
0 0.7577880859375 0.5160416671875 0.6588330078125 0.5160416671875 0.6588330078125 0.59203125 0.7577880859375 0.59203125 0.7577880859375 0.5160416671875
0 0.7515283203124999 0.5978776046875 0.6588427734375 0.5978776046875 0.6588427734375 0.6847265625000001 0.7515283203124999 0.6847265625000001 0.7515283203124999 0.5978776046875
0 0.6400488281250001 0.3799348953125 0.5930761718750001 0.3799348953125 0.5930761718750001 0.43170572968750004 0.6400488281250001 0.43170572968750004 0.6400488281250001 0.3799348953125
0 0.5498681640624999 0.40164062500000003 0.5260693359374999 0.40164062500000003 0.5260693359374999 0.4383854171875 0.5498681640624999 0.4383854171875 0.5498681640624999 0.40164062500000003