0 0.7262823578125001 0.28505267500000003 0.9403646625000001 0.2395480765625 0.8923919640625 0.013854279687500002 0.6783096609375 0.059358878125 0.7262823578125001 0.28505267500000003
0 0.5778352484375 0.379384875 0.726147628125 0.3478601046875 0.70061319375 0.22773003125 0.5523008125 0.2592548 0.5778352484375 0.379384875
0 0.728969146875 0.60213740625 0.85534821875 0.57527470625 0.8185991515625 0.40238394218750007 0.69222008125 0.42924664218749997 0.728969146875 0.60213740625
0 1 0.51383991875 0.9602078984375 0.3266328046875 0.8131857140625 0.3578833359375 0.8557401062500001 0.5580860125 1 0.527422625 1 0.51383991875
0 0.6331673609374999 0.6396282296875 0.72732156875 0.619615134375 0.6944427203125 0.46493231249999994 0.6002885124999999 0.48494540781250006 0.6331673609374999 0.6396282296875
0 1 0.61489691875 0.8709642203125 0.6423243203125 0.9154537218750001 0.8516309703125 1 0.8336601046875 1 0.61489691875
0 0.7876451921875 0.8654982328124999 0.9088634828125001 0.8397324890625001 0.8686312203125001 0.6504545765625 0.7474129296875 0.6762203203125 0.7876451921875 0.8654982328124999
0 0.6869112484375 0.8735884859375 0.7810654546875 0.8535753906249999 0.746251496875 0.6897885984375 0.652097290625 0.7098016921875 0.6869112484375 0.8735884859375
0 0.525222790625 0.1318627203125 0.67869595 0.0992409921875 0.6597408828125 0.01006441875 0.5062677250000001 0.042686146875 0.525222790625 0.1318627203125
0 0.43895768437499993 0.258628996875 0.5189197515624999 0.2416325359375 0.49764255625000003 0.141531196875 0.4176804890625 0.1585276578125 0.43895768437499993 0.258628996875
0 0.4893670078125 0.4704834640625 0.568038878125 0.4537612421875 0.537473159375 0.30996084218750003 0.45880128906250006 0.326683065625 0.4893670078125 0.4704834640625
0 0.53503294375 0.666218646875 0.6020930625 0.6519645796875 0.5761716046875 0.530013709375 0.5091114859375 0.5442677781249999 0.53503294375 0.666218646875
0 0.5766747953125 0.887504675 0.6463153046875 0.872702128125 0.6157495859375001 0.7289017265625 0.5461090765625001 0.7437042734375 0.5766747953125 0.887504675
0 0.42778801250000004 0.5200403921875 0.49664840468750004 0.5054036640625 0.4689268453125 0.3749839828125 0.400066453125 0.3896207109375 0.42778801250000004 0.5200403921875
0 0.3880209484375 0.3240250234375 0.45235065625 0.310351321875 0.4248991125 0.1812019625 0.3605694046875 0.1948756640625 0.3880209484375 0.3240250234375
0 0.3419616234375 0.3792452171875 0.3972299640625 0.36749756875 0.37385565 0.2575300671875 0.318587309375 0.269277715625 0.3419616234375 0.3792452171875
0 0.377594371875 0.560162525 0.4346629828125 0.5480322171875 0.4115586828125 0.4393350359375 0.35449007187500003 0.4514653421875 0.377594371875 0.560162525
0 0.4729020640625 0.705580959375 0.54086231875 0.6911355625 0.5128707453125 0.5594455609375 0.444910490625 0.573890959375 0.4729020640625 0.705580959375
0 0.42151602656250003 0.7312410359375 0.474083959375 0.720067378125 0.44908055312500006 0.6024356015625 0.3965126203125 0.613609259375 0.42151602656250003 0.7312410359375
0 0.5040729578125 0.8967849265625001 0.57293335 0.8821481984374999 0.5449417765625 0.750458196875 0.476081384375 0.765094925 0.5040729578125 0.8967849265625001
0 0.4565907421875 0.9095330125000001 0.5036978515625 0.8995200875 0.4759762921875 0.7691004078125 0.42886918281249997 0.7791133328125001 0.4565907421875 0.9095330125000001