0 0.353515625 0.20052083281250002 0.21875 0.20052083281250002 0.21875 0.4088541671875 0.353515625 0.4088541671875 0.353515625 0.20052083281250002
0 0.314453125 0.4036458328125 0.171875 0.4036458328125 0.171875 0.6354166671875 0.314453125 0.6354166671875 0.314453125 0.4036458328125
0 0.291015625 0.6171875 0.1328125 0.6171875 0.1328125 0.9895833328125001 0.291015625 0.9895833328125001 0.291015625 0.6171875
0 0.486328125 0.2708333328125 0.369140625 0.2708333328125 0.369140625 0.4869791671875 0.486328125 0.4869791671875 0.486328125 0.2708333328125
0 0.4765625 0.4895833328125 0.349609375 0.4895833328125 0.349609375 0.703125 0.4765625 0.703125 0.4765625 0.4895833328125
0 0.46875 0.6979166671875 0.314453125 0.6979166671875 0.314453125 0.9895833328125001 0.46875 0.9895833328125001 0.46875 0.6979166671875
0 0.642578125 0.2838541671875 0.490234375 0.2838541671875 0.490234375 0.6197916671875 0.642578125 0.6197916671875 0.642578125 0.2838541671875
0 0.640625 0.6119791671875 0.474609375 0.6119791671875 0.474609375 0.9895833328125001 0.640625 0.9895833328125001 0.640625 0.6119791671875
0 0.853515625 0.20052083281250002 0.646484375 0.20052083281250002 0.646484375 0.4453125 0.853515625 0.4453125 0.853515625 0.20052083281250002
0 0.85546875 0.46875 0.646484375 0.46875 0.646484375 0.7005208328125 0.85546875 0.7005208328125 0.85546875 0.46875
0 0.869140625 1 0.869140625 0.7213541671875 0.65234375 0.7213541671875 0.65234375 1 0.869140625 1