0 0.037752604687500003 0.33320370312500003 0.0006640624999999999 0.33320370312500003 0.0006640624999999999 0.39677777812500004 0.037752604687500003 0.39677777812500004 0.037752604687500003 0.33320370312500003
0 0.082125 0.3391388890625 0.0402083328125 0.3391388890625 0.0402083328125 0.398453703125 0.082125 0.398453703125 0.082125 0.3391388890625
0 0.12304947968749999 0.33533796250000003 0.0838359375 0.33533796250000003 0.0838359375 0.3930324078125 0.12304947968749999 0.3930324078125 0.12304947968749999 0.33533796250000003
0 0.16496093750000002 0.33533796250000003 0.1271015625 0.33533796250000003 0.1271015625 0.3930324078125 0.16496093750000002 0.3930324078125 0.16496093750000002 0.33533796250000003
0 0.20146875 0.33774074062500004 0.1676666671875 0.33774074062500004 0.1676666671875 0.3894259265625 0.20146875 0.3894259265625 0.20146875 0.33774074062500004
0 0.2373046875 0.33774074062500004 0.20485156249999997 0.33774074062500004 0.20485156249999997 0.3906296296875 0.2373046875 0.3906296296875 0.2373046875 0.33774074062500004
0 0.2751666671875 0.3389398140625 0.23865625000000001 0.3389398140625 0.23865625000000001 0.38341203749999997 0.2751666671875 0.38341203749999997 0.2751666671875 0.3389398140625
0 0.0960052078125 0.454328703125 0.047328125 0.454328703125 0.047328125 0.5084120375000001 0.0960052078125 0.5084120375000001 0.0960052078125 0.454328703125
0 0.1338619796875 0.45673148125 0.0966796875 0.45673148125 0.0966796875 0.5084166671875 0.1338619796875 0.5084166671875 0.1338619796875 0.45673148125
0 0.1730755203125 0.455527778125 0.1345390625 0.455527778125 0.1345390625 0.5023981484375 0.1730755203125 0.5023981484375 0.1730755203125 0.455527778125
0 0.2197291671875 0.44230555625 0.1764583328125 0.44230555625 0.1764583328125 0.4927870375 0.2197291671875 0.4927870375 0.2197291671875 0.44230555625
0 0.060171875 0.518027778125 0.0114947921875 0.518027778125 0.0114947921875 0.5648981484375 0.060171875 0.5648981484375 0.060171875 0.518027778125
0 0.1034375 0.5132175921875 0.06219791718749999 0.5132175921875 0.06219791718749999 0.5588935187499999 0.1034375 0.5588935187499999 0.1034375 0.5132175921875
0 0.2819244796875 0.4747546296875 0.2427109375 0.4747546296875 0.2427109375 0.5312453703125 0.2819244796875 0.5312453703125 0.2819244796875 0.4747546296875
0 0.24474218749999999 0.4987916671875 0.2136432296875 0.4987916671875 0.2136432296875 0.5324490734375 0.24474218749999999 0.5324490734375 0.24474218749999999 0.4987916671875
0 0.21296614531250002 0.4988009265625 0.1744296875 0.4988009265625 0.1744296875 0.5432731484375 0.21296614531250002 0.5432731484375 0.21296614531250002 0.4988009265625
0 0.1757786453125 0.5036064812500001 0.1372421875 0.5036064812500001 0.1372421875 0.546875 0.1757786453125 0.546875 0.1757786453125 0.5036064812500001
0 0.13724479218750002 0.5120185187499999 0.1034427078125 0.5120185187499999 0.1034427078125 0.5516851859374999 0.13724479218750002 0.5516851859374999 0.13724479218750002 0.5120185187499999
0 0.3665182296875 0.30432870312500004 0.3359296875 0.30432870312500004 0.3359296875 0.3529861109375 0.3665182296875 0.3529861109375 0.3665182296875 0.30432870312500004
0 0.39442187500000003 0.3062361109375 0.3675885421875 0.3062361109375 0.3675885421875 0.351078703125 0.39442187500000003 0.351078703125 0.39442187500000003 0.3062361109375
0 0.4234010421875 0.3110046296875 0.3933489578125 0.3110046296875 0.3933489578125 0.35297685156249997 0.4234010421875 0.35297685156249997 0.4234010421875 0.3110046296875
0 0.447546875 0.3100509265625 0.4217864578125 0.3100509265625 0.4217864578125 0.35393055625000003 0.447546875 0.35393055625000003 0.447546875 0.3100509265625
0 0.3455859375 0.35393055625000003 0.3107057296875 0.35393055625000003 0.3107057296875 0.40068055625000004 0.3455859375 0.40068055625000004 0.3455859375 0.35393055625000003
0 0.37080989531249997 0.35584259218750003 0.3434401046875 0.35584259218750003 0.3434401046875 0.40163888906249995 0.37080989531249997 0.40163888906249995 0.37080989531249997 0.35584259218750003
0 0.3981796875 0.3539351859375 0.36973697968749997 0.3539351859375 0.36973697968749997 0.40163888906249995 0.3981796875 0.40163888906249995 0.3981796875 0.3539351859375
0 0.4244739578125 0.355847221875 0.3965677078125 0.355847221875 0.3965677078125 0.3959120375 0.4244739578125 0.3959120375 0.4244739578125 0.355847221875
0 0.4464739578125 0.35489351875 0.4234010421875 0.35489351875 0.4234010421875 0.3987731484375 0.4464739578125 0.3987731484375 0.4464739578125 0.35489351875
0 0.4711588546875 0.35489351875 0.44754947968750003 0.35489351875 0.44754947968750003 0.39495833281250003 0.4711588546875 0.39495833281250003 0.4711588546875 0.35489351875
0 0.4931588546875 0.3529861109375 0.4727682296875 0.3529861109375 0.4727682296875 0.396865740625 0.4931588546875 0.396865740625 0.4931588546875 0.3529861109375
0 0.24201822968750003 0.6162916671875001 0.17708593749999998 0.6162916671875001 0.17708593749999998 0.6878379625 0.24201822968750003 0.6878379625 0.24201822968750003 0.6162916671875001
0 0.5656380203125 0.5152638890625 0.5179348953125 0.5152638890625 0.5179348953125 0.555884259375 0.5656380203125 0.555884259375 0.5656380203125 0.5152638890625
0 0.6069322921875 0.5024351859375 0.5764635421875 0.5024351859375 0.5764635421875 0.54376851875 0.6069322921875 0.54376851875 0.6069322921875 0.5024351859375
0 0.5287578125 0.5501851859375 0.5027005203125 0.5501851859375 0.5027005203125 0.6000740734375001 0.5287578125 0.6000740734375001 0.5287578125 0.5501851859375
0 0.5680468750000001 0.5558888890625 0.530765625 0.5558888890625 0.530765625 0.5943703703125001 0.5680468750000001 0.5943703703125001 0.5680468750000001 0.5558888890625
0 0.6197578125 0.5437731484375 0.5712526046875 0.5437731484375 0.5712526046875 0.5786898140625001 0.6197578125 0.5786898140625001 0.6197578125 0.5437731484375
0 0.7071510421875 0.5124166671875 0.670671875 0.5124166671875 0.670671875 0.5551759265625 0.7071510421875 0.5551759265625 0.7071510421875 0.5124166671875