0 0.653517453125 0.282668059375 0.8111185671875001 0.2688797484375 0.792734153125 0.058744928125 0.6351330390625 0.0725332390625 0.653517453125 0.282668059375
0 0.4421178453125 0.3090054703125 0.6055560390625 0.29470648125 0.5883064640625 0.09754294687500001 0.424868271875 0.1118419359375 0.4421178453125 0.3090054703125
0 0.270539965625 0.34231538906250003 0.4339781578125 0.3280164 0.41582071249999997 0.12047583749999999 0.25238251875 0.1347748265625 0.270539965625 0.34231538906250003
0 0 0.25291531875 0.017534050000000002 0.45333041874999996 0.1926463984375 0.4380100734375 0.1749428890625 0.23565802656249998 0 0.2509635453125 0 0.25291531875
0 0.6696321875 0.46686030624999997 0.8525273078125 0.4508590578125 0.836866509375 0.271855321875 0.6539713890625001 0.287856571875 0.6696321875 0.46686030624999997
0 0.5166033624999999 0.4880909375 0.6489104703125 0.4765155640625 0.6334766421875 0.3001060875 0.5011695328125 0.311681459375 0.5166033624999999 0.4880909375
0 0.35430001093749997 0.5153612125 0.504118353125 0.5022538046875 0.48732271562499996 0.310278784375 0.33750437187500004 0.323386190625 0.35430001093749997 0.5153612125
0 0.20551948750000001 0.5179213640625 0.3436636734375 0.5058353140625 0.329818621875 0.347585634375 0.191674434375 0.35967168437499997 0.20551948750000001 0.5179213640625
0 0 0.4994208765625 0.0170124921875 0.693874553125 0.2037989984375 0.6775328515625 0.1826909671875 0.4362669484375 0 0.45225033750000004 0 0.4994208765625
0 0.6527671640625 0.6774649390625 0.85317351875 0.6599316546875 0.8356969765625 0.46017386250000003 0.6352906218750001 0.477707146875 0.6527671640625 0.6774649390625
0 0.43770313906249997 0.706737059375 0.6283810296875 0.6900549046875 0.6115853921875 0.49807988593749997 0.42090750000000005 0.5147620390625 0.43770313906249997 0.706737059375
0 0.22344996562500002 0.7228676703125 0.4180192421875 0.7058450640625 0.40235844531250003 0.526841328125 0.20778916875000003 0.543863934375 0.22344996562500002 0.7228676703125
0 0.0394823328125 0.9507059984374999 0.22043175937499998 0.9348749749999999 0.1990967609375 0.6910148140625 0.0181473328125 0.7068458375 0.0394823328125 0.9507059984374999
0 0.6934620703125 0.8961042984375001 0.8783028843749999 0.8799328234375 0.8594645328125001 0.664609490625 0.6746237203125001 0.680780965625 0.6934620703125 0.8961042984375001
0 0.4519692 0.9146180749999999 0.673778175 0.895212303125 0.656074665625 0.6928602546875 0.4342656890625 0.7122660265625 0.4519692 0.9146180749999999
0 0.23531639843750002 0.9257303953125 0.42988567499999997 0.9087077890625 0.4135439734375 0.721921284375 0.21897469531249997 0.738943890625 0.23531639843750002 0.9257303953125