0 0.600250534375 0.21158824062499998 0.72084661875 0.1946395671875 0.7097823562500001 0.1159132546875 0.5891862734375 0.1328619296875 0.600250534375 0.21158824062499998
0 0.6228473171875 0.41337941562499997 0.7547463828125001 0.3948422109375 0.7434463 0.314437946875 0.6115472343749999 0.3329751515625 0.6228473171875 0.41337941562499997
0 0.534053821875 0.3216569453125 0.6659528875 0.303119740625 0.652064571875 0.204299240625 0.52016550625 0.22283644531250002 0.534053821875 0.3216569453125
0 0.6659542578125001 0.309949909375 0.742266790625 0.29922488281250004 0.7304969984375 0.2154784625 0.654184465625 0.22620349062499998 0.6659542578125001 0.309949909375
0 0.6428474078125 0.61723961875 0.762499640625 0.60042359375 0.7502582078125 0.5133212640625 0.6306059734375 0.5301372890625 0.6428474078125 0.61723961875
0 0.5679559234375 0.5286966375000001 0.6923196671875 0.5112184531249999 0.6791368828125 0.4174180609375 0.5547731375 0.4348962453125 0.5679559234375 0.5286966375000001
0 0.8280406656249999 0.748486034375 0.85053831875 0.7453241953124999 0.8451801546875 0.707198875 0.8226825015625 0.7103607140625 0.8280406656249999 0.748486034375
0 0.8034542218749999 0.77470463125 0.8290851453125001 0.7711024390625 0.8229421984374999 0.72739310625 0.7973112765625 0.7309952984375 0.8034542218749999 0.77470463125
0 0.8332725625 0.7932911578125 0.8615261484375001 0.789320375 0.8559051015625 0.7493245484375 0.827651515625 0.75329533125 0.8332725625 0.7932911578125
0 0.9117427703125 0.850545465625 0.9515004859375 0.8449578843750001 0.9456184890625 0.803105303125 0.9058607734375 0.8086928859375 0.9117427703125 0.850545465625
0 0.8659573609375 0.915774590625 0.907811659375 0.9098923531249999 0.9006229828125001 0.85874225625 0.858768684375 0.8646244937500001 0.8659573609375 0.915774590625
0 0.8595524984375 0.8702016296874999 0.8977397109374999 0.8648347671875 0.8881986218750001 0.7969463890624999 0.850011409375 0.8023132515625001 0.8595524984375 0.8702016296874999
0 0.9475757484375 0.873952946875 0.9737327515624999 0.8702768203125 0.9694203187499999 0.8395922640625001 0.9432633156250001 0.843268390625 0.9475757484375 0.873952946875
0 0.9219400171875 0.8889444234375 0.9297501421875 0.9445163421875 0.9658485078125001 0.9394430484375 0.9580383828124999 0.8838711296874999 0.9219400171875 0.8889444234375
0 0.6469069625 0.7123081703125 0.6830053281249999 0.7072348765625 0.67633855 0.659798284375 0.640240184375 0.6648715796875 0.6469069625 0.7123081703125
0 0.6007407671875 0.774743659375 0.6886270578125 0.762392046875 0.68143838125 0.71124195 0.5935520890625 0.7235935625 0.6007407671875 0.774743659375
0 0 0.4153249984375 0.0718736765625 0.40522381249999995 0.05710393125 0.3001316140625 0 0.30815704843749997 0 0.4153249984375
0 0.056566662499999996 0.4709170703125 0.086383015625 0.4667266546875 0.0747504640625 0.38395674999999996 0.0449341109375 0.388147165625 0.056566662499999996 0.4709170703125
0 0 0.42145817812499997 0.011309184375 0.5019272046875 0.0521113234375 0.49619283750000004 0.038126359375 0.39668464999999997 0 0.4020429609375 0 0.42145817812499997
0 0.059829975 0.558664075 0.09749884375 0.5533700609375 0.08364338906249999 0.45478337343749997 0.0459745203125 0.4600773875 0.059829975 0.558664075
0 0.028952503125 0.5895466593750001 0.06139151875 0.584987653125 0.0479284546875 0.48919296875 0.015489439062499999 0.493751975 0.028952503125 0.5895466593750001
0 0.0832352875 0.6189096578125 0.11357772031249999 0.6146453078125 0.101813728125 0.530940146875 0.0714712953125 0.5352044984375001 0.0832352875 0.6189096578125
0 0.036933753125 0.66904286875 0.089247759375 0.6616906140625 0.0744780140625 0.556598415625 0.0221640078125 0.56395066875 0.036933753125 0.66904286875
0 0.1133035921875 0.760751184375 0.1891596734375 0.75009030625 0.1783099703125 0.6728906593749999 0.1024538890625 0.6835515359375 0.1133035921875 0.760751184375
0 0.126901884375 0.8233217671874999 0.2022318859375 0.812734825 0.19203745625 0.7401976890624999 0.11670745468749999 0.75078463125 0.126901884375 0.8233217671874999
0 0.14232804375000002 0.872374459375 0.21661362187500002 0.8619343031250001 0.20680965156250003 0.7921754187500001 0.1325240734375 0.8026155765625 0.14232804375000002 0.872374459375
0 0.158406578125 0.926069034375 0.23217381406249998 0.9157017250000001 0.22158699375 0.840372584375 0.1478197578125 0.8507398921875 0.158406578125 0.926069034375
0 0.1701769453125 0.9794223703125 0.24237367656250003 0.96927578125 0.2315239734375 0.89207613125 0.1593272421875 0.9022227203125001 0.1701769453125 0.9794223703125
0 0.16068464531249999 0.2969488796875 0.208813221875 0.29018485 0.20149310312500002 0.2380995 0.153364528125 0.2448635296875 0.16068464531249999 0.2969488796875
0 0.18448360156250002 0.3448108265625 0.2101145234375 0.3412086359375 0.2035791875 0.2947072984375 0.1779482640625 0.2983094890625 0.18448360156250002 0.3448108265625
0 0.1563624234375 0.349723740625 0.17937841875 0.346489053125 0.17231924999999998 0.29626045625 0.1493032546875 0.29949514375 0.1563624234375 0.349723740625
0 0.1716648796875 0.3978400921875 0.220837878125 0.390929278125 0.21391015000000002 0.341635934375 0.1647371515625 0.3485467484375 0.1716648796875 0.3978400921875
0 0.203435875 0.44932222343749995 0.2248813671875 0.44630825625000003 0.217953640625 0.3970149125 0.196508146875 0.4000288796875 0.203435875 0.44932222343749995
0 0.1700829109375 0.45495639062500004 0.195195490625 0.451427046875 0.187875371875 0.399341696875 0.1627627921875 0.4028710390625 0.1700829109375 0.45495639062500004
0 0.1900978421875 0.5024174593749999 0.23508541093750002 0.49609486875000003 0.22802624218749998 0.4458662734375 0.1830386734375 0.4521888625 0.1900978421875 0.5024174593749999
0 0.147850840625 0.5092945890625 0.1865641328125 0.503853790625 0.179767846875 0.4554957 0.1410545546875 0.46093649843750006 0.147850840625 0.5092945890625
0 0.23590523437500002 0.06539338125000001 0.2720036 0.060320087499999994 0.2683445078125 0.0342842890625 0.2322461421875 0.0393575828125 0.23590523437500002 0.06539338125000001
0 0.2484603265625 0.1015675390625 0.2704319 0.0984796359375 0.265988025 0.066859825 0.24401645312500003 0.069947728125 0.2484603265625 0.1015675390625
0 0.24858604843749998 0.136648390625 0.275787475 0.1328254796875 0.27081976874999997 0.09747841093750001 0.2436183421875 0.101301321875 0.24858604843749998 0.136648390625
0 0.257476303125 0.1695367296875 0.2789217953125 0.16652276093750001 0.27408553125 0.132110946875 0.2526400375 0.1351249140625 0.257476303125 0.1695367296875
0 0.24556117031250002 0.335287234375 0.27014766875 0.331831828125 0.2649190125 0.29462800625 0.24033251406249997 0.2980834125 0.24556117031250002 0.335287234375
0 0.32792975625 0.1556589453125 0.3569801984375 0.151576171875 0.3539319203125 0.1298865515625 0.324881478125 0.133969325 0.32792975625 0.1556589453125
0 0.33250656093750003 0.18188133906249998 0.360102546875 0.1780029765625 0.3565459015625 0.15269612500000002 0.328949915625 0.1565744875 0.33250656093750003 0.18188133906249998
0 0.3354089 0.20253255312500001 0.3615504296875 0.1988586015625 0.35908204062500004 0.181295096875 0.3329405109375 0.18496905 0.3354089 0.20253255312500001
0 0.3380220875 0.22323141875000002 0.3673587796875 0.219108415625 0.3646004453125 0.199481853125 0.3352637546875 0.20360485625 0.3380220875 0.22323141875000002
0 0.29175580624999997 0.27976226249999997 0.3208062484375 0.2756794890625 0.317757971875 0.2539898671875 0.2887075296875 0.258072640625 0.29175580624999997 0.27976226249999997
0 0.30250269687500003 0.33722862187499997 0.323128125 0.33432990625 0.3165232015625 0.287333434375 0.2958977734375 0.29023215 0.30250269687500003 0.33722862187499997
0 0.3070752875 0.3676592203125 0.32450555312499996 0.36520955625 0.320732415625 0.3383622890625 0.30330215 0.340811953125 0.3070752875 0.3676592203125
0 0.31034146875 0.3972145078125 0.330672909375 0.39435711093750003 0.325593090625 0.3582123265625 0.30526165 0.3610697234375 0.31034146875 0.3972145078125
0 0.23896551875 0.2813959828125 0.2839917703125 0.27506795624999997 0.28079852031249997 0.25234680625 0.23577226874999999 0.25867483281250003 0.23896551875 0.2813959828125
0 0.3250766921875 0.5104813453125 0.3506379859375 0.5068889390625 0.3456296875 0.47125304218749997 0.32006839375 0.47484544843750004 0.3250766921875 0.5104813453125
0 0.328633609375 0.5442104 0.35274044843749996 0.54082240625 0.3486039140625 0.5113894375 0.32449707656250004 0.51477743125 0.328633609375 0.5442104
0 0.33501552343749996 0.57491266875 0.359416346875 0.57148335625 0.3552063609375 0.541527746875 0.33080553749999997 0.5449570593749999 0.33501552343749996 0.57491266875
0 0.301542396875 0.5601287390625 0.328844396875 0.55629169375 0.322312925 0.5098178640625 0.29501092500000003 0.513654909375 0.301542396875 0.5601287390625
0 0.2727024359375 0.6268403296875 0.2915871578125 0.6241862546875 0.28781402031250003 0.5973389874999999 0.2689292984375 0.5999930625000001 0.2727024359375 0.6268403296875
0 0.25375165 0.6332063906250001 0.27060167968750004 0.6308382734375 0.26639169375 0.6008826640625 0.24954166249999998 0.60325078125 0.25375165 0.6332063906250001
0 0.23682816718750002 0.6350518671875001 0.2533842109375 0.6327250656250001 0.24852088437500003 0.5981207000000001 0.23196484062499997 0.6004475 0.23682816718750002 0.6350518671875001
0 0.4076368578125 0.634223215625 0.42622759375 0.6316104578124999 0.42150923906250004 0.5980376203125 0.402918503125 0.600650378125 0.4076368578125 0.634223215625
0 0.380195515625 0.4516544546875 0.3935563984375 0.44977670625000005 0.3902181765625 0.4260240265625 0.37685729375 0.42790177500000004 0.380195515625 0.4516544546875
0 0.38157443281250003 0.4762014359375 0.396676021875 0.474079046875 0.39333779999999996 0.45032636718749997 0.37823621093750004 0.45244875625000003 0.38157443281250003 0.4762014359375
0 0.513169909375 0.222543303125 0.6042436265625 0.2097437265625 0.5897058359375 0.106301975 0.4986321203125 0.11910155156249999 0.513169909375 0.222543303125
0 0.3920444359375 0.60776073125 0.40800477187500006 0.6055176515625 0.40471294062499996 0.5820950609375 0.3887526046875 0.5843381390625 0.3920444359375 0.60776073125
0 0.4069222 0.6694993140625 0.42439888437500006 0.6670431265625 0.42022175781250004 0.63732133125 0.4027450734375 0.63977751875 0.4069222 0.6694993140625
0 0.247325796875 0.6662135874999999 0.26809821562499997 0.6632942140625 0.2644913140625 0.6376297671875 0.24371889375000003 0.640549140625 0.247325796875 0.6662135874999999
0 0.24624728125 0.7044861546875001 0.26524804999999996 0.7018157703125001 0.260628275 0.668944371875 0.24162750625 0.6716147546875 0.24624728125 0.7044861546875001
0 0.2642327890625 0.7001211296875 0.285005209375 0.6972017562499999 0.28076429531249997 0.6670260890625 0.259991875 0.6699454609375 0.2642327890625 0.7001211296875
0 0.19923901093750002 0.1549231859375 0.2273610765625 0.1509708875 0.22248808437499998 0.1162977515625 0.19436601874999998 0.12025005 0.19923901093750002 0.1549231859375
0 0.191704275 0.09030826875 0.218557559375 0.0865342859375 0.21412721562499998 0.055010753125 0.18727393125 0.0587847359375 0.191704275 0.09030826875
0 0.175486590625 0.164229171875 0.2005682234375 0.16070417812499999 0.195820875 0.126925034375 0.170739240625 0.130450028125 0.175486590625 0.164229171875
0 0.192395459375 0.1871195140625 0.2308998671875 0.181708071875 0.22659516562499998 0.1510785296875 0.1880907578125 0.156489971875 0.192395459375 0.1871195140625
0 0.19006245625 0.122692203125 0.22248600000000002 0.11813537031250002 0.2178024375 0.0848101 0.1853788953125 0.08936693125 0.19006245625 0.122692203125
0 0.258576196875 0.20032214375000001 0.285684784375 0.19651228125 0.281571446875 0.16724435625 0.2544628578125 0.1710542203125 0.258576196875 0.20032214375000001