0 0.3180136140625 0.17000124375 0.43564526875 0.20152055156249998 0.4562213828125 0.1247294484375 0.338589728125 0.09321014062500001 0.3180136140625 0.17000124375
0 0.25996796875 0.3645802671875 0.3886247609375 0.3990537515625 0.4096394296875 0.320625940625 0.2809826375 0.2861524578125 0.25996796875 0.3645802671875
0 0.35927776875 0.2843626875 0.4879345609375 0.3188361703125 0.51376254375 0.2224448234375 0.3851057515625 0.18797133906250002 0.35927776875 0.2843626875
0 0.2840073609375 0.27119653593750004 0.3584440203125 0.291141778125 0.380332203125 0.20945396875000002 0.30589554375 0.189508725 0.2840073609375 0.27119653593750004
0 0.22721843437499997 0.5676843921875 0.343929440625 0.5989570125 0.3666947328125 0.5139957859375001 0.2499837265625 0.48272316562500006 0.22721843437499997 0.5676843921875
0 0.30774666875 0.48769696093750003 0.42905336875 0.5202009921874999 0.453569284375 0.42870635312500005 0.332262584375 0.39620232031249997 0.30774666875 0.48769696093750003
0 0.1221770421875 0.7007757109375 0.14412166875000001 0.70665575625 0.15408620312500002 0.6694676125 0.13214157499999998 0.6635875671875 0.1221770421875 0.7007757109375
0 0.14032872968750001 0.7289762921875 0.16532960624999998 0.7356752578125 0.1767535921875 0.6930403640625 0.1517527140625 0.6863414 0.14032872968750001 0.7289762921875
0 0.10590932812500001 0.7431048703124999 0.1334684 0.7504893015625 0.1439218125 0.7114766312499999 0.1163627421875 0.7040922000000001 0.10590932812500001 0.7431048703124999
0 0.0098251390625 0.7873625515625 0.0486055515625 0.7977537328125 0.0595442515625 0.75692995 0.0207638390625 0.7465387703124999 0.0098251390625 0.7873625515625
0 0.0452747953125 0.8571373375 0.086100253125 0.8680764875 0.0994689765625 0.818183734375 0.05864351718750001 0.8072445859374999 0.0452747953125 0.8571373375
0 0.06076280625 0.8136430671875001 0.098011321875 0.8236237765625001 0.11575480468749999 0.75740419375 0.078506290625 0.747423484375 0.06076280625 0.8136430671875001
0 0 0.81389019375 0.0101870125 0.8166197953125 0.0182068078125 0.7866895109375001 0 0.7818110109374999 0 0.81389019375
0 0 0.88366349375 0.0192802359375 0.8888296171875 0.0338046578125 0.8346237375 0 0.8255658078125 0 0.88366349375
0 0.2931031875 0.683387440625 0.3283142015625 0.692822203125 0.340712353125 0.646551671875 0.3055013390625 0.637116909375 0.2931031875 0.683387440625
0 0.28080139375 0.7374483609375 0.3665273109375 0.7604185515624999 0.3798960328125 0.7105257984375 0.294170115625 0.6875556078125 0.28080139375 0.7374483609375
0 1 0.3652557234375 0.9639526171874999 0.35559685625 0.936485446875 0.458105734375 1 0.4751244078125 1 0.3652557234375
0 0.9145889468749999 0.5173819 0.94367236875 0.5251747796874999 0.9653053281249999 0.44443947968749997 0.9362219046875 0.4366466 0.9145889468749999 0.5173819
0 1 0.46150765 0.971021878125 0.453742984375 0.9450141578125001 0.5508051140625 0.9848133203125 0.56146926875 1 0.5047918109375 1 0.46150765
0 0.8929967984375 0.6020247999999999 0.9297397109375 0.6118700328125 0.9555065859375 0.5157067515625 0.918763671875 0.50586151875 0.8929967984375 0.6020247999999999
0 0.9249817703125001 0.6378070953125 0.9566233875 0.646285440625 0.9816605359375 0.55284553125 0.95001891875 0.5443671859375 0.9249817703125001 0.6378070953125
0 0.8695701984375 0.6608837875 0.89916676875 0.668814165625 0.92104416875 0.5871666015625 0.8914475968750001 0.5792362234375 0.8695701984375 0.6608837875
0 0.8879854265624999 0.710543503125 0.9390134765625 0.724216428125 0.9664806484374999 0.62170755 0.9154525984375 0.6080346249999999 0.8879854265624999 0.710543503125
0 0.778045028125 0.786108078125 0.8520364562499999 0.805934021875 0.8722135578125 0.7306320546875 0.7982221296875001 0.7108061109375 0.778045028125 0.786108078125
0 0.7574358078125 0.846692553125 0.8309140875000001 0.8663809984374999 0.8498725828125 0.79562693125 0.776394303125 0.7759384859375 0.7574358078125 0.846692553125
0 0.7371653625000001 0.8937726109374999 0.8096248921875 0.9131880828125001 0.8278572562500001 0.8451439765625001 0.7553977265625 0.8257285031249999 0.7371653625000001 0.8937726109374999
0 0.7151685546875 0.9452429484374999 0.7871224828125001 0.9645229453124999 0.8068107031249999 0.89104550625 0.734856775 0.8717655093750001 0.7151685546875 0.9452429484374999
0 0.7732367296875 1 0.789114815625 0.9407421796875 0.7186927859375001 0.9218726531250001 0.698515684375 0.9971746218750001 0.7090601390625 1 0.7732367296875 1
0 0.8145863515625 0.327235521875 0.8615318562500001 0.33981453125 0.87514501875 0.289009515625 0.8281995140625 0.27643050625 0.8145863515625 0.327235521875
0 0.8070765124999999 0.3777203953125 0.8320773890625001 0.384419359375 0.8442311 0.33906109375 0.8192302234375 0.332362128125 0.8070765124999999 0.3777203953125
0 0.83693999375 0.386707240625 0.8593902234374999 0.3927227625 0.8725181 0.3437288578125 0.8500678718750001 0.3377133375 0.83693999375 0.386707240625
0 0.7903736671875 0.4257635796875 0.8383379218749999 0.4386155625 0.8512213578125 0.390533921875 0.8032571046875001 0.3776819375 0.7903736671875 0.4257635796875
0 0.7796113171875 0.48023699375 0.8005296484375 0.48584204375000006 0.8134130859375001 0.43776040156249996 0.7924947546875 0.4321553515625 0.7796113171875 0.48023699375
0 0.8084520968750001 0.488935428125 0.832947371875 0.4954989171875 0.8465605359374999 0.44469390156250005 0.8220652609375 0.43813041249999995 0.8084520968750001 0.488935428125
0 0.7634158703125 0.5284089453124999 0.8072975796874999 0.5401670125 0.82042545625 0.491173109375 0.7765437484375 0.479415040625 0.7634158703125 0.5284089453124999
0 0.8106299046875 0.5420232875 0.8483915671875 0.5521414953125 0.8610305640625 0.5049721171875 0.8232689015625001 0.4948539109375 0.8106299046875 0.5420232875
0 0.7798804515625 0.0913831671875 0.815091465625 0.1008179296875 0.82189625 0.07542212968749999 0.7866852359375 0.065987365625 0.7798804515625 0.0913831671875
0 0.7767899578125 0.129449821875 0.7982214375 0.13519236875 0.8064856734375001 0.1043498203125 0.78505419375 0.098607271875 0.7767899578125 0.129449821875
0 0.7672885968750001 0.162886975 0.793821371875 0.1699964109375 0.8030597734375 0.1355182265625 0.7765269984375001 0.128408790625 0.7672885968750001 0.162886975
0 0.7600709734375 0.19595110625 0.7809893046874999 0.20155615624999998 0.789983265625 0.1679902328125 0.769064934375 0.1623851828125 0.7600709734375 0.19595110625
0 0.748633590625 0.3610972796875 0.77261571875 0.367523271875 0.78233940625 0.331233975 0.758357278125 0.3248079828125 0.748633590625 0.3610972796875
0 0.6844159375000001 0.171603 0.7127522765625 0.1791957 0.7184211328125001 0.15803924062500002 0.69008479375 0.150446540625 0.6844159375000001 0.171603
0 0.67809624375 0.1974523046875 0.7050138796875001 0.2046648625 0.7116281453125 0.1799800921875 0.684710509375 0.17276753281249999 0.67809624375 0.1974523046875
0 0.6741174921875001 0.21797602187499998 0.699616425 0.224808440625 0.7042068687499999 0.20767667343750001 0.6787079359375 0.2008442546875 0.6741174921875001 0.21797602187499998
0 0.66588460625 0.23736703750000002 0.6945001578125 0.2450345515625 0.6996298078125001 0.2258904390625 0.6710142546875 0.21822292499999998 0.66588460625 0.23736703750000002
0 0.7051958609375 0.299189765625 0.7335322015625 0.3067824640625 0.7392010578125 0.2856260046875 0.7108647171875 0.27803330625 0.7051958609375 0.299189765625
0 0.6957436046875001 0.35712004531249997 0.715862028125 0.3625107609375 0.7281451484375 0.31666953124999997 0.7080267250000001 0.31127881562500004 0.6957436046875001 0.35712004531249997
0 0.6906131609374999 0.3876016578125 0.707614965625 0.3921572765625 0.7146318375 0.36596995468750004 0.6976300328125 0.3614143359375 0.6906131609374999 0.3876016578125
0 0.68093958125 0.41578033750000004 0.700771246875 0.42109421718749995 0.7102181421875 0.3858379234375 0.6903864765625001 0.3805240453125 0.68093958125 0.41578033750000004
0 0.7418104578125 0.303069346875 0.7857298984375001 0.314837525 0.79166835625 0.29267489375 0.7477489171875 0.28090671562499997 0.7418104578125 0.303069346875
0 0.647409140625 0.525040240625 0.6723421015625 0.5317210078125 0.6816559921875001 0.49696109374999997 0.65672303125 0.4902803265625 0.647409140625 0.525040240625
0 0.6411869015625 0.558464546875 0.6647011578125 0.564765171875 0.6723938359375 0.536055709375 0.6488795796875 0.5297550828124999 0.6411869015625 0.558464546875
0 0.630824134375 0.5880833671875 0.65462515 0.5944608296875 0.6624544265625001 0.5652415734375 0.638653409375 0.5588641109375 0.630824134375 0.5880833671875
0 0.6630196046875 0.576730725 0.68965048125 0.583866446875 0.7017970015625 0.5385350125 0.675166125 0.531399290625 0.6630196046875 0.576730725
0 0.6917248671875 0.6486597265625 0.7101453734375001 0.6535954859374999 0.7171622453125 0.6274081640625 0.6987417390624999 0.6224724046875 0.6917248671875 0.6486597265625
0 0.7117432453125 0.6578196484375 0.7281790765625 0.662223615625 0.736008353125 0.633004359375 0.719572521875 0.6286003921875001 0.7117432453125 0.6578196484375
0 0.7286024359375001 0.6617906578125 0.7447515078125 0.6661177890625 0.7537957953125 0.6323640484374999 0.7376467234375 0.6280369171875 0.7286024359375001 0.6617906578125
0 0.5571832375 0.6396200484375 0.5753169859375 0.644478971875 0.5840916703125 0.6117314031250001 0.565957921875 0.6068724796875 0.5571832375 0.6396200484375
0 0.6117708671875 0.46312327499999995 0.6248033203125 0.466615309375 0.6310113828125 0.4434465046875 0.6179789296875 0.43995447031249996 0.6117708671875 0.46312327499999995
0 0.6057127875 0.4868642828125 0.62044315625 0.4908112734375 0.62665121875 0.46764246875 0.61192085 0.4636954796875 0.6057127875 0.4868642828125
0 0.43190673124999995 0.19920315 0.520741721875 0.22300641406250002 0.5477775281249999 0.12210741249999998 0.4589425375 0.0983041484375 0.43190673124999995 0.19920315
0 0.57845014375 0.6159425374999999 0.5940181515625 0.6201139718750001 0.600139940625 0.59726714375 0.5845719328125 0.5930957078125 0.57845014375 0.6159425374999999
0 0.5546801609374999 0.6750114703125 0.5717272421875 0.6795792234375 0.5794954078125001 0.6505880328125 0.5624483265625 0.64602028125 0.5546801609374999 0.6750114703125
0 0.7102726640625 0.6903387624999999 0.7305344671875 0.695767896875 0.7372421953125 0.67073431875 0.7169803906250001 0.665305184375 0.7102726640625 0.6903387624999999
0 0.708406990625 0.7289205328125 0.7269406921875 0.7338866234375 0.735532046875 0.70182325 0.71699834375 0.6968571609375 0.708406990625 0.7289205328125
0 0.689359403125 0.72193311875 0.7096212078125 0.727362253125 0.7175079984375 0.697928346875 0.6972461953125 0.6924992125 0.689359403125 0.72193311875
0 0.8131426625 0.186798825 0.8405734468749999 0.19414888125000002 0.8496357078125 0.16032806093750002 0.8222049234375 0.1529780046875 0.8131426625 0.186798825
0 0.8297334062499999 0.123915403125 0.8559265984375 0.130933846875 0.8641656703124999 0.100185209375 0.837972478125 0.09316676406249999 0.8297334062499999 0.123915403125
0 0.838549615625 0.1997247921875 0.8630147062500001 0.20628019218750002 0.8718433109375001 0.1733313890625 0.8473782218749999 0.1667759890625 0.838549615625 0.1997247921875
0 0.8058843296875 0.216875628125 0.8434422421875001 0.226939240625 0.851447659375 0.1970626171875 0.813889746875 0.1869990046875 0.8058843296875 0.216875628125
0 0.8219830453125001 0.15480218125 0.8536095687499999 0.1632764828125 0.8623195499999999 0.1307703953125 0.8306930250000001 0.12229609374999999 0.8219830453125001 0.15480218125
0 0.7497035921874999 0.22489288593749998 0.7761458109375 0.2319780578125 0.7837953515625 0.20342958281249998 0.7573531328125 0.1963444109375 0.7497035921874999 0.22489288593749998