0 1 0.3337931046875 0.9273563640625 0.29185228125 0.8119883984375 0.491675459375 1 0.600224009375 1 0.3337931046875
0 0.638550134375 0.462447440625 0.7698619 0.538260325 0.8312688265625001 0.431900409375 0.699957059375 0.356087525 0.638550134375 0.462447440625
0 0.601813971875 0.72911315 0.7137065796875001 0.7937143765625 0.802083203125 0.640641575 0.6901905953125 0.5760403468749999 0.601813971875 0.72911315
0 0.725499290625 0.7812029125 0.855668753125 0.8563562859375 0.9580064140625 0.67910225625 0.8278369515625 0.6039488828125 0.725499290625 0.7812029125
0 0.5055331140625 0.692870353125 0.5888947 0.7409991875 0.6679639640625 0.6040472046875001 0.584602378125 0.5559183703125 0.5055331140625 0.692870353125
0 0.7742767984375 1 0.8140429546875 0.931122996875 0.68044658125 0.8539910953125001 0.5961483015625 1 0.7742767984375 1
0 0.5915613765625001 1 0.673272621875 0.858471971875 0.565949228125 0.7965087828125 0.46919598125000006 0.9640903218749999 0.53139336875 1 0.5915613765625001 1
0 0.3889226375 0.9026983859375 0.472284221875 0.9508272203124999 0.556007165625 0.805814828125 0.47264558125 0.75768599375 0.3889226375 0.9026983859375
0 0.7650761078125 0.2432980265625 0.9009570874999999 0.321748946875 0.946541503125 0.242794421875 0.8106605234375 0.1643435015625 0.7650761078125 0.2432980265625
0 0.6161454453124999 0.2797811078125 0.6869416937499999 0.320655340625 0.738110525 0.232028325 0.6673142765625 0.19115409218749999 0.6161454453124999 0.2797811078125
0 0.5118485640625 0.4709500796875 0.5815025078125 0.511164803125 0.6550090015625 0.383847821875 0.58535505625 0.3436330984375 0.5118485640625 0.4709500796875
0 0.414812565625 0.6469661421875 0.47418577968750003 0.6812452828125 0.5365234421875 0.573273284375 0.477150228125 0.53899414375 0.414812565625 0.6469661421875
0 0.2976892390625 0.8392775468749999 0.3593470609375 0.8748757062499999 0.4328535546875 0.747558725 0.3711957328125 0.711960565625 0.2976892390625 0.8392775468749999
0 0.43292639531250005 0.4665736625 0.493893521875 0.5017730499999999 0.5605601890624999 0.3863029953125 0.49959306249999996 0.3511036078125 0.43292639531250005 0.4665736625
0 0.5345335890625 0.29429649687500004 0.5914893718750001 0.3271799328125 0.6575066875 0.2128345859375 0.60055090625 0.17995115 0.5345335890625 0.29429649687500004
0 0.46335531874999997 0.30451339375 0.5122884109375 0.33276492812499997 0.5685005328125 0.235402678125 0.5195674390625 0.20715114375 0.46335531874999997 0.30451339375
0 0.368778303125 0.46280411718750003 0.41930530624999995 0.4919758953125 0.474868078125 0.395738353125 0.42434107499999996 0.366566575 0.368778303125 0.46280411718750003
0 0.342301796875 0.63464436875 0.40247196562500004 0.66938363125 0.4697879828125 0.5527888703125 0.4096178140625 0.51804960625 0.342301796875 0.63464436875
0 0.2869445859375 0.6193295515624999 0.3334868109375 0.6462007171875 0.39361668125 0.5420527265625 0.34707445625 0.5151815609375 0.2869445859375 0.6193295515624999
0 0.23752585937499998 0.79759400625 0.2984929859375 0.8327933921874999 0.365809003125 0.7161986312499999 0.3048418765625 0.68099924375 0.23752585937499998 0.79759400625
0 0.1937095609375 0.7752958765625 0.2354169203125 0.79937563125 0.3020835875 0.6839055765625 0.260376228125 0.6598258218749999 0.1937095609375 0.7752958765625