0 0.03117664375 0.29515639843749997 0.2492088265625 0.3142317421875 0.2693187875 0.08437383125 0.05128660625 0.0652984859375 0.03117664375 0.29515639843749997
0 0.25699685156249996 0.3765545953125 0.4080456375 0.3897696515625 0.41874957031250004 0.26742314375 0.267700784375 0.2542080875 0.25699685156249996 0.3765545953125
0 0.15647417187499998 0.6180196734375001 0.2851849734375 0.629280409375 0.3005900328125 0.4531997625 0.1718792328125 0.4419390265625 0.15647417187499998 0.6180196734375001
0 0.0042556453125 0.5879067640625 0.15399043125 0.6010068609375 0.1718290609375 0.39711038906249996 0.022094275 0.3840102921875 0.0042556453125 0.5879067640625
0 0.28895026874999996 0.646427071875 0.3848416484375 0.6548164812499999 0.3986243296875 0.4972797171875 0.30273295 0.488890309375 0.28895026874999996 0.646427071875
0 0 0.8882241125 0.1304960421875 0.8996410375 0.1491458625 0.686472621875 0 0.67342405 0 0.8882241125
0 0.13558710000000002 0.8870280984375001 0.2590419015625 0.8978289953124999 0.2759071046875 0.7050588515625 0.1524523015625 0.69425795625 0.13558710000000002 0.8870280984375001
0 0.264119565625 0.8851931562500001 0.36001094375 0.8935825640624999 0.3746048140625 0.7267738593749999 0.2787134359375 0.7183844500000001 0.264119565625 0.8851931562500001
0 0.2737957859375 0.12400574843750001 0.4301005671875 0.13768064375 0.43804645468750003 0.0468587375 0.2817416734375 0.033183840625 0.2737957859375 0.12400574843750001
0 0.4497342 0.2458641046875 0.5311715890625 0.25298895312499997 0.5400909046875 0.1510407171875 0.4586535140625 0.14391586875 0.4497342 0.2458641046875
0 0.4268331859375 0.46239775312500003 0.506956575 0.46940764062499996 0.5197695999999999 0.32295408281250004 0.4396462125 0.3159441953125 0.4268331859375 0.46239775312500003
0 0.417187746875 0.663273871875 0.4854851453125 0.6692491203125 0.496351315625 0.5450482234375 0.42805391718749997 0.5390729750000001 0.417187746875 0.663273871875
0 0.40019627187499995 0.8877554125 0.47112166718750004 0.89396058125 0.4839346921875 0.747507021875 0.413009296875 0.7413018546875 0.40019627187499995 0.8877554125
0 0.5039851546875 0.5049549296875 0.5741160390625 0.5110905875 0.5857368046875 0.3782646265625 0.5156059203125001 0.37212896875 0.5039851546875 0.5049549296875
0 0.5241818125 0.30595794062500004 0.589698421875 0.3116899015625 0.6012059984375 0.1801577 0.5356893890625 0.1744257390625 0.5241818125 0.30595794062500004
0 0.58585601875 0.35596070625 0.6421440765625 0.360885271875 0.6519424953125 0.2488888390625 0.5956544375 0.243964271875 0.58585601875 0.35596070625
0 0.570703659375 0.5397116140625 0.628825203125 0.5447965890625001 0.6385104312500001 0.43409391406250003 0.5803888890625 0.4290089375 0.570703659375 0.5397116140625
0 0.48273582812500004 0.6946907312499999 0.55194996875 0.7007461828125 0.5636839234375 0.5666264640625001 0.49446978281250004 0.5605710125 0.48273582812500004 0.6946907312499999
0 0.5525423328125 0.7152686578125 0.606080159375 0.7199526109375001 0.6165614859375 0.6001504953125 0.5630236609375 0.5954665421875001 0.5525423328125 0.7152686578125
0 0.474182434375 0.8881880625 0.54431331875 0.8943237203125 0.5560472734374999 0.7602040015625 0.4859163890625 0.75406834375 0.474182434375 0.8881880625
0 0.5450189625 0.89699278125 0.5929952109375 0.9011901578125 0.6046159765625 0.7683641984375 0.5566397296875001 0.7641668203124999 0.5450189625 0.89699278125