0 0.10948828125000001 0.906409721875 0.08640234375 0.906409721875 0.08640234375 0.9357291671875 0.10948828125000001 0.9357291671875 0.10948828125000001 0.906409721875
0 0.19290625 0.856902778125 0.1615 0.856902778125 0.1615 0.9091805562499999 0.19290625 0.9091805562499999 0.19290625 0.856902778125
0 0.19140234375 0.9109513890625 0.15451953125 0.9109513890625 0.15451953125 0.9623541671875 0.19140234375 0.9623541671875 0.19140234375 0.9109513890625
0 0.23427343750000001 0.9251250000000001 0.1928984375 0.9251250000000001 0.1928984375 0.97031944375 0.23427343750000001 0.97031944375 0.23427343750000001 0.9251250000000001
0 0.21084765625 0.7842291671875 0.18243359374999998 0.7842291671875 0.18243359374999998 0.8329652781249999 0.21084765625 0.8329652781249999 0.21084765625 0.7842291671875
0 0.23576953125000003 0.7665138890625001 0.20685546875 0.7665138890625001 0.20685546875 0.80993055625 0.23576953125000003 0.80993055625 0.23576953125000003 0.7665138890625001
0 0.36328125 0.148152778125 0.24609375 0.148152778125 0.24609375 0.22454166718750002 0.36328125 0.22454166718750002 0.36328125 0.148152778125
0 0.30961328125 0.24124305625 0.24262109375000002 0.24124305625 0.24262109375000002 0.33667361093750003 0.30961328125 0.33667361093750003 0.30961328125 0.24124305625
0 0.43629687500000003 0.24200694375 0.31090625 0.24200694375 0.31090625 0.31988194375 0.43629687500000003 0.31988194375 0.43629687500000003 0.24200694375
0 0.36366015625000003 0.3452361109375 0.24304296875000003 0.3452361109375 0.24304296875000003 0.44065277812500003 0.36366015625000003 0.44065277812500003 0.36366015625000003 0.3452361109375
0 0.3165703125 0.44818055625 0.2453671875 0.44818055625 0.2453671875 0.538847221875 0.3165703125 0.538847221875 0.3165703125 0.44818055625
0 0.43876953125 0.4413333328125 0.31560546875 0.4413333328125 0.31560546875 0.532 0.43876953125 0.532 0.43876953125 0.4413333328125
0 0.37333984375 0.5422708328125 0.24825390625 0.5422708328125 0.24825390625 0.6346458328125 0.37333984375 0.6346458328125 0.37333984375 0.5422708328125
0 0.8076874999999999 0.196027778125 0.7573125 0.196027778125 0.7573125 0.25175000000000003 0.8076874999999999 0.25175000000000003 0.8076874999999999 0.196027778125
0 0.7908984375 0.25075694375 0.7685078125 0.25075694375 0.7685078125 0.30349305625 0.7908984375 0.30349305625 0.7908984375 0.25075694375
0 0.81944140625 0.25374305625 0.79649609375 0.25374305625 0.79649609375 0.30150694375 0.81944140625 0.30150694375 0.81944140625 0.25374305625
0 0.8088046875 0.3035 0.7617890625 0.3035 0.7617890625 0.35525 0.8088046875 0.35525 0.8088046875 0.3035
0 0.78866015625 0.3552361109375 0.76179296875 0.3552361109375 0.76179296875 0.40598611093750003 0.78866015625 0.40598611093750003 0.78866015625 0.3552361109375
0 0.8194453125000001 0.3622083328125 0.7970546875 0.3622083328125 0.7970546875 0.4079861109375 0.8194453125000001 0.4079861109375 0.8194453125000001 0.3622083328125
0 0.80656640625 0.41096527812500006 0.76346484375 0.41096527812500006 0.76346484375 0.45275694375000003 0.80656640625 0.45275694375000003 0.80656640625 0.41096527812500006
0 0.98232421875 0.2467708328125 0.91516015625 0.2467708328125 0.91516015625 0.3403125 0.98232421875 0.3403125 0.98232421875 0.2467708328125
0 0.93474609375 0.32937500000000003 0.9106757812499999 0.32937500000000003 0.9106757812499999 0.4079861109375 0.93474609375 0.4079861109375 0.93474609375 0.32937500000000003
0 0.9795234374999999 0.3373333328125 0.9381015625 0.3373333328125 0.9381015625 0.4268888890625 0.9795234374999999 0.4268888890625 0.9795234374999999 0.3373333328125
0 0.94314453125 0.40300694375 0.9039648437500001 0.40300694375 0.9039648437500001 0.4965486109375 0.94314453125 0.4965486109375 0.94314453125 0.40300694375
0 0.9739296875000001 0.41395138906250006 0.9392265625 0.41395138906250006 0.9392265625 0.522409721875 0.9739296875000001 0.522409721875 0.9739296875000001 0.41395138906250006
0 0.9201953125 0.61794444375 0.8418359375 0.61794444375 0.8418359375 0.702527778125 0.9201953125 0.702527778125 0.9201953125 0.61794444375
0 0.9101171875 0.687597221875 0.8345546875000001 0.687597221875 0.8345546875000001 0.7662083328125 0.9101171875 0.7662083328125 0.9101171875 0.687597221875
0 0.90844140625 0.7472916671875 0.82783984375 0.7472916671875 0.82783984375 0.8269027781249999 0.90844140625 0.8269027781249999 0.90844140625 0.7472916671875
0 0.90060546875 0.7950625 0.82000390625 0.7950625 0.82000390625 0.8756597218750001 0.90060546875 0.8756597218750001 0.90060546875 0.7950625
0 0.88884765625 0.8487986109375001 0.81496484375 0.8487986109375001 0.81496484375 0.9234236109375 0.88884765625 0.9234236109375 0.88884765625 0.8487986109375001
0 0.88248828125 0.3166458328125 0.8672460937500001 0.3166458328125 0.8672460937500001 0.36499305625 0.88248828125 0.36499305625 0.88248828125 0.3166458328125
0 0.89891796875 0.214097221875 0.86723828125 0.214097221875 0.86723828125 0.26456944375 0.89891796875 0.26456944375 0.89891796875 0.214097221875
0 0.7462109375 0.014347221875 0.7199140625 0.014347221875 0.7199140625 0.05206944375 0.7462109375 0.05206944375 0.7462109375 0.014347221875
0 0.7495 0.0435625 0.719015625 0.0435625 0.719015625 0.084465278125 0.7495 0.084465278125 0.7495 0.0435625
0 0.7491992187500001 0.078097221875 0.71991015625 0.078097221875 0.71991015625 0.11687499999999999 0.7491992187500001 0.11687499999999999 0.7491992187500001 0.078097221875
0 0.729171875 0.2257986109375 0.697796875 0.2257986109375 0.697796875 0.2624513890625 0.729171875 0.2624513890625 0.729171875 0.2257986109375
0 0.73096875 0.2640486109375 0.69809375 0.2640486109375 0.69809375 0.3001736109375 0.73096875 0.3001736109375 0.73096875 0.2640486109375
0 0.7318710937499999 0.3049513890625 0.69780078125 0.3049513890625 0.69780078125 0.34479861093749997 0.7318710937499999 0.34479861093749997 0.7318710937499999 0.3049513890625
0 0.69272265625 0.038784721875 0.6682148437500001 0.038784721875 0.6682148437500001 0.0738541671875 0.69272265625 0.0738541671875 0.69272265625 0.038784721875
0 0.69660546875 0.07438194375 0.66941015625 0.07438194375 0.66941015625 0.10678472187500002 0.69660546875 0.10678472187500002 0.69660546875 0.07438194375
0 0.6927187499999999 0.10838194375000001 0.6715 0.10838194375000001 0.6715 0.14025694375 0.6927187499999999 0.14025694375 0.6927187499999999 0.10838194375000001
0 0.67479296875 0.4563611109375 0.65506640625 0.4563611109375 0.65506640625 0.4861111109375 0.67479296875 0.4861111109375 0.67479296875 0.4563611109375
0 0.6753828125 0.49037499999999995 0.6535703125000001 0.49037499999999995 0.6535703125000001 0.520652778125 0.6753828125 0.520652778125 0.6753828125 0.49037499999999995
0 0.7798671875000001 0.5609583328125 0.7631015624999999 0.5609583328125 0.7631015624999999 0.5945416671875 0.7798671875000001 0.5945416671875 0.7798671875000001 0.5609583328125
0 0.7633359375000001 0.5638958328125 0.7451484374999999 0.5638958328125 0.7451484374999999 0.59874305625 0.7633359375000001 0.59874305625 0.7633359375000001 0.5638958328125
0 0.7786875 0.6348541671875 0.760265625 0.6348541671875 0.760265625 0.6659236109375 0.7786875 0.6659236109375 0.7786875 0.6348541671875
0 0.760265625 0.6352638890625 0.741375 0.6352638890625 0.741375 0.6671805562500001 0.760265625 0.6671805562500001 0.760265625 0.6352638890625
0 0.82805078125 0.7142083328125 0.80490234375 0.7142083328125 0.80490234375 0.7872638890625 0.82805078125 0.7872638890625 0.82805078125 0.7142083328125
0 0.6601250000000001 0.8372361109374999 0.606984375 0.8372361109374999 0.606984375 0.9312916671875 0.6601250000000001 0.9312916671875 0.6601250000000001 0.8372361109374999
0 0.711375 0.83806944375 0.6601250000000001 0.83806944375 0.6601250000000001 0.9325416671875001 0.711375 0.9325416671875001 0.711375 0.83806944375