0 0.7258693375 0.3023746015625 0.839463846875 0.3482697625 0.8712221609374999 0.269665175 0.7576276515625 0.2237700140625 0.7258693375 0.3023746015625
0 0.7388657671875001 0.42296130937500004 0.8014434343750001 0.44824432812500004 0.836620034375 0.3611791875 0.7740423671875 0.33589616875 0.7388657671875001 0.42296130937500004
0 0.6240332890625 0.362507575 0.742386859375 0.41032552187500004 0.7814708140625 0.3135893390625 0.66311724375 0.2657713921875 0.6240332890625 0.362507575
0 0.6475106171875 0.49436927500000005 0.7645023859375 0.5416370171875 0.8001680562500001 0.4533613890625 0.6831762875 0.4060936453125 0.6475106171875 0.49436927500000005
0 0.586797603125 0.458589909375 0.64869436875 0.4835978265625 0.68387096875 0.3965326859375 0.621974203125 0.37152477031250003 0.586797603125 0.458589909375
0 0.6542935390625 0.6068207046875 0.7195948078125001 0.6332041312500001 0.75379326875 0.5485599703124999 0.688492 0.5221765453125 0.6542935390625 0.6068207046875
0 0.54528830625 0.5515375046875 0.6575210140625 0.5968824609375 0.6887902593749999 0.519488365625 0.57655755 0.4741434078125 0.54528830625 0.5515375046875
0 0.5676110265625 0.6744841921875 0.6771273765625 0.71873166875 0.7113258359375 0.634087509375 0.6018094875 0.58984003125 0.5676110265625 0.6744841921875
0 0.43651742968749996 0.8775436140625 0.5331039093750001 0.9165670859375 0.5658403640625 0.83554151875 0.46925388281249997 0.7965180468749999 0.43651742968749996 0.8775436140625
0 0.629318815625 0.8907433250000001 0.6541716890625 0.9007845375000001 0.6705919437500001 0.8601429796875 0.6457390703125 0.8501017671875 0.629318815625 0.8907433250000001
0 0.63928364375 0.9204594765625 0.668113265625 0.9321073999999999 0.6831079359375 0.8949942906249999 0.6542783125 0.8833463671875 0.63928364375 0.9204594765625
0 0.6678568953124999 1 0.6861176 0.954803171875 0.6508266640625 0.9405447078125 0.62726286875 0.9988671484375 0.630066775 1 0.6678568953124999 1
0 0.6167211218750001 0.9391084046874999 0.6306361234375 0.94473043125 0.6392052500000001 0.9235211 0.6252902484375 0.917899075 0.6167211218750001 0.9391084046874999
0 0.6081597999999999 0.9602984203125 0.620582615625 0.9653175624999999 0.6277209515625 0.9476495593750001 0.6152981375000001 0.9426304156249999 0.6081597999999999 0.9602984203125
0 0.4555863609375 0.9644453687500001 0.5430603625 0.9997871593750001 0.5734034953125 0.9246852671875001 0.48592949374999994 0.8893434765625001 0.4555863609375 0.9644453687500001
0 0.18116517031249998 0.8165647874999999 0.2522396078125 0.8452807234374999 0.27937257187500003 0.77812428125 0.20829813437500003 0.7494083453125 0.18116517031249998 0.8165647874999999
0 0.24589904843750002 0.8509428 0.28963605000000003 0.8686136953125001 0.313553640625 0.80941558125 0.2698166390625 0.7917446859374999 0.24589904843750002 0.8509428
0 0.20083754531250003 0.8923482843749999 0.26595047968749996 0.9186556171875001 0.28451431718750003 0.8727085062500001 0.21940138281250002 0.8464011734374999 0.20083754531250003 0.8923482843749999
0 0.162446125 0.86862080625 0.2007141890625 0.8840821078125 0.21891902968750002 0.8390235468749999 0.180650965625 0.8235622453125 0.162446125 0.86862080625
0 0.1438762921875 0.17761169375000002 0.177675040625 0.19126727500000001 0.2083771734375 0.1152768296875 0.174578425 0.1016212484375 0.1438762921875 0.17761169375000002
0 0.11547690937499999 0.169215915625 0.142814346875 0.18026095625 0.1720856890625 0.107811840625 0.144748253125 0.0967667984375 0.11547690937499999 0.169215915625
0 0.13279011875 0.2522775640625 0.1531664328125 0.2605101296875 0.1820839796875 0.18893668749999998 0.161707665625 0.180704121875 0.13279011875 0.2522775640625
0 0.089785925 0.3315214796875 0.1225922984375 0.34477611406249997 0.1575763921875 0.25818744374999997 0.12477001875 0.244932809375 0.089785925 0.3315214796875
0 0.050408646875 0.34027601875 0.0797308359375 0.35212295312499997 0.11721751093749999 0.259340178125 0.0878953203125 0.2474932453125 0.050408646875 0.34027601875
0 0.0808459359375 0.4008753609375 0.106691184375 0.41131751875000006 0.13703431875 0.3362156265625 0.11118906875000001 0.32577346875 0.0808459359375 0.4008753609375
0 0.022846095312500002 0.41136332031249995 0.0640985328125 0.4280303859375 0.104082584375 0.3290663875 0.062830146875 0.31239932187499997 0.022846095312500002 0.41136332031249995
0 0.0373935046875 0.5313333515625 0.1064759453125 0.5592444703125 0.1357472875 0.48679535312500005 0.06666484687499999 0.45888423593749994 0.0373935046875 0.5313333515625
0 0.0182448703125 0.58732023125 0.090311684375 0.6164371140625 0.11708565 0.550169221875 0.0450188359375 0.5210523390625 0.0182448703125 0.58732023125
0 0.0052067234375 0.6396117796875 0.0757813515625 0.6681257796875 0.10219631874999999 0.602746440625 0.0316216921875 0.5742324390625 0.0052067234375 0.6396117796875
0 0 0.6950599375000001 0.061760673437500004 0.7200128703125 0.0892474328125 0.6519807546874999 0.0141962453125 0.6216581062500001 0 0.6567950453125 0 0.6950599375000001
0 0 0.7454290078125 0.049731339062500005 0.7655217734375 0.07507971875 0.7027823328125 0 0.6724481578125 0 0.7454290078125
0 0.196878140625 0.22978653906250002 0.2106555140625 0.23535295937499998 0.2289800203125 0.18999821562500002 0.215202646875 0.1844317953125 0.196878140625 0.22978653906250002
0 0.142763271875 0.3313999609375 0.1557728203125 0.33665615937500004 0.1757518390625 0.2872063546875 0.162742290625 0.28195015625000003 0.142763271875 0.3313999609375
0 0.160636665625 0.3312288234375 0.1751818625 0.3371054640625 0.1962586859375 0.2849384953125 0.1817134890625 0.2790618546875 0.160636665625 0.3312288234375
0 0.2345959421875 0.1342210546875 0.24786626093750003 0.13958261249999998 0.2654623640625 0.0960307265625 0.2521920453125 0.09066916875 0.2345959421875 0.1342210546875
0 0.30864926875 0.15516773125 0.35279191249999997 0.17300251718749998 0.3722194265625 0.12491773125000001 0.3280767828125 0.1070829453125 0.30864926875 0.15516773125
0 0.3048218875 0.2079675359375 0.328298471875 0.21745269218750002 0.34681028125 0.1716343578125 0.323333696875 0.16214920156249998 0.3048218875 0.2079675359375
0 0.2764228640625 0.1996542921875 0.297856746875 0.20831414218750002 0.3172842609375 0.1602293578125 0.29585037812500004 0.1515695078125 0.2764228640625 0.1996542921875
0 0.2669454875 0.2517666828125 0.30955972656249997 0.268983953125 0.3297208453125 0.21908343281249998 0.28710660625 0.2018661625 0.2669454875 0.2517666828125
0 0.268015784375 0.3049574359375 0.29225295 0.31474988593750003 0.31149836406250003 0.26711581562500003 0.28726119843750003 0.25732336562499997 0.268015784375 0.3049574359375
0 0.2389264109375 0.2932120546875 0.26112811874999997 0.3021821265625 0.279639928125 0.2563637921875 0.25743822031249997 0.2473937203125 0.2389264109375 0.2932120546875
0 0.2307637203125 0.34426028125 0.2738850140625 0.3616824140625 0.2912938140625 0.3185941203125 0.248172521875 0.30117198749999996 0.2307637203125 0.34426028125
0 0.360932996875 0.22852576562500002 0.3861915125 0.23873086875 0.39993749375 0.20470837031250003 0.374678978125 0.19450326874999999 0.360932996875 0.22852576562500002
0 0.347585821875 0.2600804609375 0.36774482656249996 0.268225228125 0.380393003125 0.23691989531250002 0.360233996875 0.22877512812499998 0.347585821875 0.2600804609375
0 0.338125365625 0.3216818078125 0.3536919125 0.32797109999999996 0.365970684375 0.2975800734375 0.3504041375 0.29129078124999996 0.338125365625 0.3216818078125
0 0.19200380156250002 0.46737921718750003 0.22696153125000001 0.48150305624999995 0.24144111562499998 0.44566482656249995 0.2064833859375 0.43154098750000003 0.19200380156250002 0.46737921718750003
0 0.1752913984375 0.5102245875 0.20948130312500002 0.52403820625 0.2239608875 0.488199975 0.189770984375 0.47438635625 0.1752913984375 0.5102245875
0 0.1623770390625 0.5487998515625 0.19579911875 0.5623032484375 0.2089935953125 0.5296457734375 0.175571515625 0.5161423765625 0.1623770390625 0.5487998515625
0 0.14696909062500002 0.5942768953125 0.1806519421875 0.6078856515625 0.19604723125 0.5697809703125001 0.16236438125 0.556172215625 0.14696909062500002 0.5942768953125
0 0.1341607625 0.6318389343749999 0.1691184921875 0.6459627734375 0.1815793640625 0.6151210328125 0.146621634375 0.6009971937499999 0.1341607625 0.6318389343749999
0 0.34311548125 0.4226684859375 0.35993517656249996 0.429464084375 0.371537575 0.4007471390625 0.3547178796875 0.3939515421875 0.34311548125 0.4226684859375
0 0.3307237640625 0.4501377875 0.35196931249999996 0.458721546875 0.3618235484375 0.43433145937499995 0.34057799843750003 0.42574770156249997 0.3307237640625 0.4501377875
0 0.397864046875 0.38208353125 0.4104751953125 0.3871787671875 0.419216015625 0.3655444765625 0.40660486718750005 0.360449240625 0.397864046875 0.38208353125
0 0.42868241406249996 0.3771510765625 0.44217728437500003 0.382603359375 0.44996598125 0.3633256609375 0.43647110937500005 0.357873378125 0.42868241406249996 0.3771510765625
0 0.419724284375 0.3986975671875 0.43321915625 0.40414985000000003 0.4411639375 0.3844858265625 0.42766906562500007 0.37903354375 0.419724284375 0.3986975671875
0 0.41171205781250003 0.4178924421875 0.42543148124999997 0.42343545000000005 0.43242413749999997 0.40612801875000004 0.4187047125 0.40058501093750004 0.41171205781250003 0.4178924421875
0 0.4464181015625 0.26763278281249997 0.459253803125 0.2728187421875 0.4686293734375 0.249613390625 0.455793671875 0.24442743125000002 0.4464181015625 0.26763278281249997
0 0.43228674062500005 0 0.42364072343750003 0.0213996453125 0.4479792984375 0.03123306875 0.460598278125 0 0.43228674062500005 0
0 0.41397430156250004 0.050434404687500003 0.4374291546875 0.05991078125 0.44998367968749997 0.02883724375 0.426528825 0.01936086875 0.41397430156250004 0.050434404687500003
0 0.4893279203125 0.0493096328125 0.5158830453125 0.0600386 0.5251025296875 0.037219575 0.4985474046875 0.026490609375 0.4893279203125 0.0493096328125
0 0.48829373125000003 0.07543573125 0.5059971484375 0.0825883765625 0.51473796875 0.0609540875 0.4970345515625 0.053801442187500007 0.48829373125000003 0.07543573125
0 0.47050009375 0.0691529046875 0.4873197875 0.075948503125 0.49526456874999997 0.056284478125 0.478444875 0.04948888125 0.47050009375 0.0691529046875
0 0.4706047578125 0.0943684921875 0.4969353296875 0.10500673437500001 0.5051974875 0.0845571796875 0.47886691406250004 0.0739189375 0.4706047578125 0.0943684921875
0 0.47175805468750004 0.1195433859375 0.4881358890625 0.1261604609375 0.496559334375 0.1053117015625 0.48018150000000004 0.0986946265625 0.47175805468750004 0.1195433859375
0 0.453557778125 0.11173311718750001 0.471478503125 0.1189735609375 0.4795845734375 0.0989103328125 0.46166384843749997 0.0916698890625 0.453557778125 0.11173311718750001
0 0.5244604609375 0.1172660609375 0.54196105625 0.12433676093749998 0.55084755625 0.10234190000000001 0.5333469609375 0.0952712 0.5244604609375 0.1172660609375
0 0.5148771812499999 0.13835775156250002 0.5329862421875 0.1456742875 0.5412223843749999 0.12528911874999998 0.523113325 0.117972584375 0.5148771812499999 0.13835775156250002
0 0.5056037984375 0.1595896265625 0.5240098468750001 0.167026153125 0.5318141515625 0.14770982187499998 0.513408103125 0.1402732953125 0.5056037984375 0.1595896265625
0 0.5421819625000001 0.1437797203125 0.55395285 0.14853546875 0.561538634375 0.1297599953125 0.5497677453125001 0.125004246875 0.5421819625000001 0.1437797203125