0 0.8061223953125 0.641402778125 0.7436067703125 0.641402778125 0.7436067703125 0.718671296875 0.8061223953125 0.718671296875 0.8061223953125 0.641402778125
0 0.5666328125 0.54435648125 0.5514817703125 0.54435648125 0.5514817703125 0.576347221875 0.5666328125 0.576347221875 0.5666328125 0.54435648125
0 0.5824166671875 0.5438009265625 0.5637916671875 0.5438009265625 0.5637916671875 0.581402778125 0.5824166671875 0.581402778125 0.5824166671875 0.5438009265625
0 0.6215598953125 0.5600740734375 0.6004088546874999 0.5600740734375 0.6004088546874999 0.598796296875 0.6215598953125 0.598796296875 0.6215598953125 0.5600740734375
0 0.6019869796874999 0.5909398140625 0.5839921875 0.5909398140625 0.5839921875 0.6234861109375001 0.6019869796874999 0.6234861109375001 0.6019869796874999 0.5909398140625
0 0.61903125 0.5903796296875 0.5991458328125 0.5903796296875 0.5991458328125 0.633027778125 0.61903125 0.633027778125 0.61903125 0.5903796296875
0 0.6373411453125 0.6004722218749999 0.6180859375 0.6004722218749999 0.6180859375 0.6425648140625 0.6373411453125 0.6425648140625 0.6373411453125 0.6004722218749999
0 0.5521119796875 0.57185648125 0.5404296875 0.57185648125 0.5404296875 0.6027175921875 0.5521119796875 0.6027175921875 0.5521119796875 0.57185648125
0 0.5669453125 0.5746620375 0.5521067703125 0.5746620375 0.5521067703125 0.6083379625 0.5669453125 0.6083379625 0.5669453125 0.5746620375
0 0.5814661453125 0.5791574078124999 0.5644192703125 0.5791574078124999 0.5644192703125 0.61619444375 0.5814661453125 0.61619444375 0.5814661453125 0.5791574078124999
0 0.48061718750000004 0.38362962968750003 0.4711848953125 0.38362962968750003 0.4711848953125 0.40570370312500004 0.48061718750000004 0.40570370312500004 0.48061718750000004 0.38362962968750003
0 0.4884765625 0.382509259375 0.4804609375 0.382509259375 0.4804609375 0.40513888906249995 0.4884765625 0.40513888906249995 0.4884765625 0.382509259375
0 0.4982161453125 0.38110648125 0.48815885468750003 0.38110648125 0.48815885468750003 0.4043009265625 0.4982161453125 0.4043009265625 0.4982161453125 0.38110648125
0 0.5081223953125 0.3797175921875 0.4982213546875 0.3797175921875 0.4982213546875 0.4040231484375 0.5081223953125 0.4040231484375 0.5081223953125 0.3797175921875
0 0.527296875 0.4048611109375 0.5079635421875001 0.4048611109375 0.5079635421875001 0.43000925937499995 0.527296875 0.43000925937499995 0.527296875 0.4048611109375
0 0.5073333328125 0.40514351875 0.49806249999999996 0.40514351875 0.49806249999999996 0.43168981406249995 0.5073333328125 0.43168981406249995 0.5073333328125 0.40514351875
0 0.4982161453125 0.40681481406250003 0.4880026046875 0.40681481406250003 0.4880026046875 0.43251851874999997 0.4982161453125 0.43251851874999997 0.4982161453125 0.40681481406250003
0 0.4876901046875 0.4079398140625 0.47983072968749996 0.4079398140625 0.47983072968749996 0.4325231484375 0.4876901046875 0.4325231484375 0.4876901046875 0.4079398140625
0 0.47259895781249994 0.4098888890625 0.46364062500000003 0.4098888890625 0.46364062500000003 0.432796296875 0.47259895781249994 0.432796296875 0.47259895781249994 0.4098888890625
0 0.4249791671875 0.44705555625000004 0.4174375 0.44705555625000004 0.4174375 0.46661111093749996 0.4249791671875 0.46661111093749996 0.4249791671875 0.44705555625000004
0 0.43440885468749996 0.4481666671875 0.4260807296875 0.4481666671875 0.4260807296875 0.46688888906250003 0.43440885468749996 0.46688888906250003 0.43440885468749996 0.4481666671875
0 0.4515416671875 0.44901388906250006 0.4353541671875 0.44901388906250006 0.4353541671875 0.467171296875 0.4515416671875 0.467171296875 0.4515416671875 0.44901388906250006
0 0.42356249999999995 0.4649351859375 0.412875 0.4649351859375 0.412875 0.486453703125 0.42356249999999995 0.486453703125 0.42356249999999995 0.4649351859375
0 0.4353489578125 0.46744907343750003 0.4243489578125 0.46744907343750003 0.4243489578125 0.488125 0.4353489578125 0.488125 0.4353489578125 0.46744907343750003
0 0.452328125 0.46800925937500004 0.436453125 0.46800925937500004 0.436453125 0.489527778125 0.452328125 0.489527778125 0.452328125 0.46800925937500004
0 0.4226197921875 0.40625925937499996 0.4114635421875 0.40625925937499996 0.4114635421875 0.4255370375 0.4226197921875 0.4255370375 0.4226197921875 0.40625925937499996
0 0.43425 0.40625925937499996 0.42325 0.40625925937499996 0.42325 0.42525925937500003 0.43425 0.42525925937500003 0.43425 0.40625925937499996
0 0.447140625 0.4048611109375 0.4348802078125 0.4048611109375 0.4348802078125 0.42330555625 0.447140625 0.42330555625 0.447140625 0.4048611109375
0 0.45143750000000005 0.5296157406249999 0.43532291718750005 0.5296157406249999 0.43532291718750005 0.5559398140625 0.45143750000000005 0.5559398140625 0.45143750000000005 0.5296157406249999