0 0.26374708125 0.322253878125 0.3911704828125 0.366129275 0.4589971828125 0.1691462375 0.3315737796875 0.125270840625 0.26374708125 0.322253878125
0 0.1456643625 0.5212119234375 0.280474628125 0.5676308203125 0.35593183125 0.3484871921875 0.221121565625 0.30206829375 0.1456643625 0.5212119234375
0 0 0.84562965 0.14300865000000001 0.894871478125 0.26424887343750003 0.5427643015625 0.11466487968750001 0.4912584015625 0 0.8242693937500001 0 0.84562965
0 0.38050919843750003 0.445084915625 0.49131215624999997 0.483237434375 0.5616823578125001 0.2788675328125 0.4508793984375 0.2407150140625 0.38050919843750003 0.445084915625
0 0.2916718390625 0.6430960625 0.4117083765625 0.6844279578125 0.48123074375 0.48252034374999997 0.36119420625 0.44118845 0.2916718390625 0.6430960625
0 0.165169240625 0.90250198125 0.311059803125 0.95273613125 0.4060171796875 0.6769598796875 0.26012661875 0.62672573125 0.165169240625 0.90250198125
0 0.45176606875 0.6100858703125 0.5958099140625001 0.6596841437500001 0.705180465625 0.342048996875 0.5611366203125 0.2924507234375 0.45176606875 0.6100858703125
0 0.47656410156250006 1 0.5965066984375 0.6516614046875 0.43953584218749997 0.597612003125 0.31659994999999996 0.95464375625 0.44832404531250003 1 0.47656410156250006 1
0 0.6563082062500001 0.49598259999999994 0.8520600984375 0.5633853828125 0.9317564703125001 0.3319303140625 0.736004578125 0.26452753281249997 0.6563082062500001 0.49598259999999994
0 0.5732205 0.7372868203125 0.770819109375 0.8053254765625001 0.8462763109375 0.58618185 0.648677703125 0.5181431921875 0.5732205 0.7372868203125
0 0.718246953125 1 0.77696345 0.8294749093749999 0.571977978125 0.75889275 0.48895809375 1 0.718246953125 1