0 0.2563932296875 0.641402778125 0.19387760468749998 0.641402778125 0.19387760468749998 0.718671296875 0.2563932296875 0.718671296875 0.2563932296875 0.641402778125
0 0.4485182296875 0.54435648125 0.43336718750000003 0.54435648125 0.43336718750000003 0.576347221875 0.4485182296875 0.576347221875 0.4485182296875 0.54435648125
0 0.43620833281250004 0.5438009265625 0.4175833328125 0.5438009265625 0.4175833328125 0.581402778125 0.43620833281250004 0.581402778125 0.43620833281250004 0.5438009265625
0 0.3995911453125 0.5600740734375 0.3784401046875 0.5600740734375 0.3784401046875 0.598796296875 0.3995911453125 0.598796296875 0.3995911453125 0.5600740734375
0 0.4160078125 0.5909398140625 0.39801302031249997 0.5909398140625 0.39801302031249997 0.6234861109375001 0.4160078125 0.6234861109375001 0.4160078125 0.5909398140625
0 0.4008541671875 0.5903796296875 0.38096874999999997 0.5903796296875 0.38096874999999997 0.633027778125 0.4008541671875 0.633027778125 0.4008541671875 0.5903796296875
0 0.38191406250000004 0.6004722218749999 0.3626588546875 0.6004722218749999 0.3626588546875 0.6425648140625 0.38191406250000004 0.6425648140625 0.38191406250000004 0.6004722218749999
0 0.4595703125 0.57185648125 0.44788802031249997 0.57185648125 0.44788802031249997 0.6027175921875 0.4595703125 0.6027175921875 0.4595703125 0.57185648125
0 0.44789322968749995 0.5746620375 0.4330546875 0.5746620375 0.4330546875 0.6083379625 0.44789322968749995 0.6083379625 0.44789322968749995 0.5746620375
0 0.43558072968749995 0.5791574078124999 0.41853385468750004 0.5791574078124999 0.41853385468750004 0.61619444375 0.43558072968749995 0.61619444375 0.43558072968749995 0.5791574078124999
0 0.5288151046875 0.38362962968750003 0.5193828125 0.38362962968750003 0.5193828125 0.40570370312500004 0.5288151046875 0.40570370312500004 0.5288151046875 0.38362962968750003
0 0.5195390625 0.382509259375 0.5115234375 0.382509259375 0.5115234375 0.40513888906249995 0.5195390625 0.40513888906249995 0.5195390625 0.382509259375
0 0.5118411453125 0.38110648125 0.5017838546875 0.38110648125 0.5017838546875 0.4043009265625 0.5118411453125 0.4043009265625 0.5118411453125 0.38110648125
0 0.5017786453124999 0.3797175921875 0.4918776046875 0.3797175921875 0.4918776046875 0.4040231484375 0.5017786453124999 0.4040231484375 0.5017786453124999 0.3797175921875
0 0.49203645781249994 0.4048611109375 0.47270312499999995 0.4048611109375 0.47270312499999995 0.43000925937499995 0.49203645781249994 0.43000925937499995 0.49203645781249994 0.4048611109375
0 0.5019375 0.40514351875 0.4926666671875 0.40514351875 0.4926666671875 0.43168981406249995 0.5019375 0.43168981406249995 0.5019375 0.40514351875
0 0.5119973953125 0.40681481406250003 0.5017838546875 0.40681481406250003 0.5017838546875 0.43251851874999997 0.5119973953125 0.43251851874999997 0.5119973953125 0.40681481406250003
0 0.5201692703125 0.4079398140625 0.5123098953125 0.4079398140625 0.5123098953125 0.4325231484375 0.5201692703125 0.4325231484375 0.5201692703125 0.4079398140625
0 0.536359375 0.4098888890625 0.5274010421875001 0.4098888890625 0.5274010421875001 0.432796296875 0.536359375 0.432796296875 0.536359375 0.4098888890625
0 0.5825625 0.44705555625000004 0.5750208328124999 0.44705555625000004 0.5750208328124999 0.46661111093749996 0.5825625 0.46661111093749996 0.5825625 0.44705555625000004
0 0.5739192703125 0.4481666671875 0.5655911453125 0.4481666671875 0.5655911453125 0.46688888906250003 0.5739192703125 0.46688888906250003 0.5739192703125 0.4481666671875
0 0.5646458328125 0.44901388906250006 0.5484583328125 0.44901388906250006 0.5484583328125 0.467171296875 0.5646458328125 0.467171296875 0.5646458328125 0.44901388906250006
0 0.587125 0.4649351859375 0.5764375 0.4649351859375 0.5764375 0.486453703125 0.587125 0.486453703125 0.587125 0.4649351859375
0 0.5756510421875001 0.46744907343750003 0.5646510421875 0.46744907343750003 0.5646510421875 0.488125 0.5756510421875001 0.488125 0.5756510421875001 0.46744907343750003
0 0.563546875 0.46800925937500004 0.547671875 0.46800925937500004 0.547671875 0.489527778125 0.563546875 0.489527778125 0.563546875 0.46800925937500004
0 0.5885364578125001 0.40625925937499996 0.5773802078125 0.40625925937499996 0.5773802078125 0.4255370375 0.5885364578125001 0.4255370375 0.5885364578125001 0.40625925937499996
0 0.57675 0.40625925937499996 0.56575 0.40625925937499996 0.56575 0.42525925937500003 0.57675 0.42525925937500003 0.57675 0.40625925937499996
0 0.5651197921875 0.4048611109375 0.5528593749999999 0.4048611109375 0.5528593749999999 0.42330555625 0.5651197921875 0.42330555625 0.5651197921875 0.4048611109375
0 0.5646770828125 0.5296157406249999 0.5485625 0.5296157406249999 0.5485625 0.5559398140625 0.5646770828125 0.5559398140625 0.5646770828125 0.5296157406249999