0 0.36096484375000004 0.14497916718749998 0.23997265625000003 0.14497916718749998 0.23997265625000003 0.228159721875 0.36096484375000004 0.228159721875 0.36096484375000004 0.14497916718749998
0 0.30749218749999996 0.24599305624999998 0.23663281249999998 0.24599305624999998 0.23663281249999998 0.3363125 0.30749218749999996 0.3363125 0.30749218749999996 0.24599305624999998
0 0.43649609375000004 0.24004861093750002 0.31016015625 0.24004861093750002 0.31016015625 0.3232291671875 0.43649609375000004 0.3232291671875 0.43649609375000004 0.24004861093750002
0 0.3649765625 0.3505625 0.2393046875 0.3505625 0.2393046875 0.44088194375 0.3649765625 0.44088194375 0.3649765625 0.3505625
0 0.4345 0.33274305625 0.36698437500000003 0.33274305625 0.36698437500000003 0.42661805625 0.4345 0.42661805625 0.4345 0.33274305625
0 0.31684765625 0.44325694374999997 0.24465234374999997 0.44325694374999997 0.24465234374999997 0.5383263890625 0.31684765625 0.5383263890625 0.31684765625 0.44325694374999997
0 0.43917578125 0.44325694374999997 0.31885546875 0.44325694374999997 0.31885546875 0.52763194375 0.43917578125 0.52763194375 0.43917578125 0.44325694374999997
0 0.37433203125 0.5418888890625 0.25066796875 0.5418888890625 0.25066796875 0.6286388890625 0.37433203125 0.6286388890625 0.37433203125 0.5418888890625
0 0.44184765625000005 0.5347569437499999 0.37366796875 0.5347569437499999 0.37366796875 0.6310208328125 0.44184765625000005 0.6310208328125 0.44184765625000005 0.5347569437499999
0 0.38471484375 0.6863958328125 0.34783203125 0.6863958328125 0.34783203125 0.7323541671875 0.38471484375 0.7323541671875 0.38471484375 0.6863958328125
0 0.40816015625 0.7360347218750001 0.35127734374999997 0.7360347218750001 0.35127734374999997 0.7795486109375 0.40816015625 0.7795486109375 0.40816015625 0.7360347218750001
0 0.2334609375 0.770284721875 0.20914843749999998 0.770284721875 0.20914843749999998 0.81024305625 0.2334609375 0.81024305625 0.2334609375 0.770284721875
0 0.21031640624999998 0.75844444375 0.18966796875 0.75844444375 0.18966796875 0.79455555625 0.21031640624999998 0.79455555625 0.21031640624999998 0.75844444375
0 0.20898046875 0.7954513890625 0.18550390625 0.7954513890625 0.18550390625 0.8398541671875 0.20898046875 0.8398541671875 0.20898046875 0.7954513890625
0 0.23646093750000002 0.743347221875 0.21447656249999997 0.743347221875 0.21447656249999997 0.769097221875 0.23646093750000002 0.769097221875 0.23646093750000002 0.743347221875
0 0.13804296875 0.860277778125 0.10756640625 0.860277778125 0.10756640625 0.8999444437499999 0.13804296875 0.8999444437499999 0.13804296875 0.860277778125
0 0.1871640625 0.8632361109375 0.1615234375 0.8632361109375 0.1615234375 0.9097083328125001 0.1871640625 0.9097083328125001 0.1871640625 0.8632361109375
0 0.15435937500000002 0.8972708328125 0.135046875 0.8972708328125 0.135046875 0.941090278125 0.15435937500000002 0.941090278125 0.15435937500000002 0.8972708328125
0 0.18733203125 0.9212638890625 0.15802734375 0.9212638890625 0.15802734375 0.9712916671875 0.18733203125 0.9712916671875 0.18733203125 0.9212638890625
0 0.23329687500000001 0.9295416671875 0.19732812500000002 0.9295416671875 0.19732812500000002 0.966847221875 0.23329687500000001 0.966847221875 0.23329687500000001 0.9295416671875
0 0.22701953125 0.84580555625 0.21230859375 0.84580555625 0.21230859375 0.8599166671875 0.22701953125 0.8599166671875 0.22701953125 0.84580555625
0 0.24290625000000002 0.8482916671874999 0.22865625 0.8482916671874999 0.22865625 0.8644861109375 0.24290625000000002 0.8644861109375 0.24290625000000002 0.8482916671874999
0 0.2095078125 0.84538194375 0.1908203125 0.84538194375 0.1908203125 0.8590902781249999 0.2095078125 0.8590902781249999 0.2095078125 0.84538194375
0 0.21464453125 0.86075694375 0.19899609375 0.86075694375 0.19899609375 0.874465278125 0.21464453125 0.874465278125 0.21464453125 0.86075694375
0 0.22795703125000003 0.8628333328125001 0.21301171874999997 0.8628333328125001 0.21301171874999997 0.8773611109375 0.22795703125000003 0.8773611109375 0.22795703125000003 0.8628333328125001
0 0.24314062500000003 0.8632500000000001 0.22889062500000001 0.8632500000000001 0.22889062500000001 0.8786111109375 0.24314062500000003 0.8786111109375 0.24314062500000003 0.8632500000000001
0 0.21511328125 0.8761180562499999 0.19923046875 0.8761180562499999 0.19923046875 0.88899305625 0.21511328125 0.88899305625 0.21511328125 0.8761180562499999
0 0.22888671875000002 0.8765277781249999 0.21417578124999997 0.8765277781249999 0.21417578124999997 0.89230555625 0.22888671875000002 0.89230555625 0.22888671875000002 0.8765277781249999
0 0.24500390625000001 0.87694444375 0.22935546874999999 0.87694444375 0.22935546874999999 0.8939722218749999 0.24500390625000001 0.8939722218749999 0.24500390625000001 0.87694444375
0 0.21534375 0.8902291671875 0.200859375 0.8902291671875 0.200859375 0.9018541671875001 0.21534375 0.9018541671875001 0.21534375 0.8902291671875
0 0.22865234375000001 0.8918958328125 0.21394140625000002 0.8918958328125 0.21394140625000002 0.9056041671875 0.22865234375000001 0.9056041671875 0.22865234375000001 0.8918958328125
0 0.215578125 0.9043541671875 0.201328125 0.9043541671875 0.201328125 0.9180624999999999 0.215578125 0.9180624999999999 0.215578125 0.9043541671875
0 0.2300625 0.9076736109375 0.215578125 0.9076736109375 0.215578125 0.920965278125 0.2300625 0.920965278125 0.2300625 0.9076736109375
0 0.2450078125 0.90850694375 0.2307578125 0.90850694375 0.2307578125 0.9213819437499999 0.2450078125 0.9213819437499999 0.2450078125 0.90850694375
0 0.10629296875000001 0.90405555625 0.08616015625 0.90405555625 0.08616015625 0.93319444375 0.10629296875000001 0.93319444375 0.10629296875000001 0.90405555625
0 0.145625 0.944847221875 0.11659375000000001 0.944847221875 0.11659375000000001 0.9914583328125 0.145625 0.9914583328125 0.145625 0.944847221875
0 0.9838164062500001 0.2455763890625 0.91451171875 0.2455763890625 0.91451171875 0.3429791671875 0.9838164062500001 0.3429791671875 0.9838164062500001 0.2455763890625
0 0.93464453125 0.32549305624999997 0.9098242187500001 0.32549305624999997 0.9098242187500001 0.41206250000000005 0.93464453125 0.41206250000000005 0.93464453125 0.32549305624999997
0 0.9866250000000001 0.3413125 0.939328125 0.3413125 0.939328125 0.43371527812500005 0.9866250000000001 0.43371527812500005 0.9866250000000001 0.3413125
0 0.94588671875 0.39875 0.9060820312500001 0.39875 0.9060820312500001 0.501972221875 0.94588671875 0.501972221875 0.94588671875 0.39875
0 0.98615234375 0.423715278125 0.9463476562500001 0.423715278125 0.9463476562500001 0.520284721875 0.98615234375 0.520284721875 0.98615234375 0.423715278125
0 0.92528515625 0.47949305625000005 0.9009335937499999 0.47949305625000005 0.9009335937499999 0.5735625 0.92528515625 0.5735625 0.92528515625 0.47949305625000005
0 0.9856875 0.5027986109375 0.92621875 0.5027986109375 0.92621875 0.6002013890625 0.9856875 0.6002013890625 0.9856875 0.5027986109375
0 0.83912109375 0.598534721875 0.8161757812499999 0.598534721875 0.8161757812499999 0.66763194375 0.83912109375 0.66763194375 0.83912109375 0.598534721875
0 0.8695546875 0.62518055625 0.8395859375000001 0.62518055625 0.8395859375000001 0.7042638890624999 0.8695546875 0.7042638890624999 0.8695546875 0.62518055625
0 0.8339726562499999 0.6609791671874999 0.8082148437500001 0.6609791671874999 0.8082148437500001 0.723409721875 0.8339726562499999 0.723409721875 0.8339726562499999 0.6609791671874999
0 0.9140429687499999 0.684277778125 0.8283476562500001 0.684277778125 0.8283476562500001 0.76919444375 0.9140429687499999 0.76919444375 0.9140429687499999 0.684277778125
0 0.9056171875000001 0.746715278125 0.8288203125000001 0.746715278125 0.8288203125000001 0.8174791671875001 0.9056171875000001 0.8174791671875001 0.9056171875000001 0.746715278125
0 0.8985859375 0.80249305625 0.8264765625000001 0.80249305625 0.8264765625000001 0.8724236109374999 0.8985859375 0.8724236109374999 0.8985859375 0.80249305625
0 0.89484375 0.8524375 0.8208593750000001 0.8524375 0.8208593750000001 0.939840278125 0.89484375 0.939840278125 0.89484375 0.8524375
0 0.80868359375 0.1989583328125 0.75905078125 0.1989583328125 0.75905078125 0.25056944375 0.80868359375 0.25056944375 0.80868359375 0.1989583328125
0 0.7913593750000001 0.2522291671875 0.765140625 0.2522291671875 0.765140625 0.2971875 0.7913593750000001 0.2971875 0.7913593750000001 0.2522291671875
0 0.81992578125 0.253902778125 0.79557421875 0.253902778125 0.79557421875 0.303847221875 0.81992578125 0.303847221875 0.81992578125 0.253902778125
0 0.8105546875 0.303847221875 0.7627890625 0.303847221875 0.7627890625 0.3554583328125 0.8105546875 0.3554583328125 0.8105546875 0.303847221875
0 0.8503554687499999 0.3080138890625 0.8119570312500001 0.3080138890625 0.8119570312500001 0.357125 0.8503554687499999 0.357125 0.8503554687499999 0.3080138890625
0 0.78808203125 0.3529583328125 0.76513671875 0.3529583328125 0.76513671875 0.4087361109375 0.78808203125 0.4087361109375 0.78808203125 0.3529583328125
0 0.82086328125 0.36045138906249996 0.79557421875 0.36045138906249996 0.79557421875 0.405409721875 0.82086328125 0.405409721875 0.82086328125 0.36045138906249996
0 0.80821875 0.41040277812500003 0.762796875 0.41040277812500003 0.762796875 0.45868055625000004 0.80821875 0.45868055625000004 0.80821875 0.41040277812500003
0 0.7534296875 0.20311805624999998 0.7365703124999999 0.20311805624999998 0.7365703124999999 0.2455763890625 0.7534296875 0.2455763890625 0.7534296875 0.20311805624999998
0 0.7637343750000001 0.2522291671875 0.731890625 0.2522291671875 0.731890625 0.29802083281249997 0.7637343750000001 0.29802083281249997 0.7637343750000001 0.2522291671875
0 0.760921875 0.29969444375 0.733296875 0.29969444375 0.733296875 0.347972221875 0.760921875 0.347972221875 0.760921875 0.29969444375
0 0.762796875 0.34630555625000004 0.735171875 0.34630555625000004 0.735171875 0.40041666718749996 0.762796875 0.40041666718749996 0.762796875 0.34630555625000004
0 0.7632656250000001 0.39791666718749996 0.733765625 0.39791666718749996 0.733765625 0.45119444375000006 0.7632656250000001 0.45119444375000006 0.7632656250000001 0.39791666718749996
0 0.72580078125 0.26556250000000003 0.70191796875 0.26556250000000003 0.70191796875 0.3005208328125 0.72580078125 0.3005208328125 0.72580078125 0.26556250000000003
0 0.72486328125 0.3005208328125 0.7028554687499999 0.3005208328125 0.7028554687499999 0.33547916718750004 0.72486328125 0.33547916718750004 0.72486328125 0.3005208328125
0 0.7295507812500001 0.33298611093749997 0.70473046875 0.33298611093749997 0.70473046875 0.36462500000000003 0.7295507812500001 0.36462500000000003 0.7295507812500001 0.33298611093749997
0 0.7164375 0.363777778125 0.703328125 0.363777778125 0.703328125 0.3929166671875 0.7164375 0.3929166671875 0.7164375 0.363777778125
0 0.73282421875 0.38959027812499997 0.69817578125 0.38959027812499997 0.69817578125 0.42538194375 0.73282421875 0.42538194375 0.73282421875 0.38959027812499997
0 0.75324609375 0.0482083328125 0.7219257812500001 0.0482083328125 0.7219257812500001 0.08609722187499999 0.75324609375 0.08609722187499999 0.75324609375 0.0482083328125
0 0.75937890625 0.115375 0.72321484375 0.115375 0.72321484375 0.144652778125 0.75937890625 0.144652778125 0.75937890625 0.115375
0 0.7487265625 0.0820763890625 0.7228984374999999 0.0820763890625 0.7228984374999999 0.1136458328125 0.7487265625 0.1136458328125 0.7487265625 0.0820763890625
0 0.7477578125 0.016069443750000002 0.7209609375 0.016069443750000002 0.7209609375 0.04993055625 0.7477578125 0.04993055625 0.7477578125 0.016069443750000002
0 0.6931953125 0.0401736109375 0.6699453125 0.0401736109375 0.6699453125 0.073465278125 0.6931953125 0.073465278125 0.6931953125 0.0401736109375
0 0.69609765625 0.07231944375 0.66865234375 0.07231944375 0.66865234375 0.1050416671875 0.69609765625 0.1050416671875 0.69609765625 0.07231944375
0 0.6935156250000001 0.10217361093749999 0.6702656250000001 0.10217361093749999 0.6702656250000001 0.14063194375000002 0.6935156250000001 0.14063194375000002 0.6935156250000001 0.10217361093749999
0 0.69835546875 0.1394791671875 0.67091015625 0.1394791671875 0.67091015625 0.1693263890625 0.69835546875 0.1693263890625 0.69835546875 0.1394791671875
0 0.6208750000000001 0.113652778125 0.6014999999999999 0.113652778125 0.6014999999999999 0.13373611093749999 0.6208750000000001 0.13373611093749999 0.6208750000000001 0.113652778125
0 0.62119140625 0.1320138890625 0.60149609375 0.1320138890625 0.60149609375 0.15898611093749998 0.62119140625 0.15898611093749998 0.62119140625 0.1320138890625
0 0.77971875 0.5630833328125 0.763578125 0.5630833328125 0.763578125 0.59694444375 0.77971875 0.59694444375 0.77971875 0.5630833328125
0 0.7632578125 0.5619236109375 0.7438828125 0.5619236109375 0.7438828125 0.595215278125 0.7632578125 0.595215278125 0.7632578125 0.5619236109375
0 0.76099609375 0.638847221875 0.74420703125 0.638847221875 0.74420703125 0.6675416671875001 0.76099609375 0.6675416671875001 0.76099609375 0.638847221875
0 0.77971875 0.63655555625 0.761640625 0.63655555625 0.761640625 0.6669722218749999 0.77971875 0.6669722218749999 0.77971875 0.63655555625
0 0.6744687500000001 0.4557361109375 0.652515625 0.4557361109375 0.652515625 0.4867361109375 0.6744687500000001 0.4867361109375 0.6744687500000001 0.4557361109375
0 0.6386328125 0.40178472187500003 0.6250703125 0.40178472187500003 0.6250703125 0.42646527812499996 0.6386328125 0.42646527812499996 0.6386328125 0.40178472187500003
0 0.638953125 0.42876388906249996 0.62571875 0.42876388906249996 0.62571875 0.45056944374999996 0.638953125 0.45056944374999996 0.638953125 0.42876388906249996
0 0.6402421875 0.451722221875 0.6241015625 0.451722221875 0.6241015625 0.47352777812499997 0.6402421875 0.47352777812499997 0.6402421875 0.451722221875
0 0.639921875 0.4712361109375 0.6247499999999999 0.4712361109375 0.6247499999999999 0.49362500000000004 0.639921875 0.49362500000000004 0.639921875 0.4712361109375
0 0.639921875 0.49420833281250004 0.6247499999999999 0.49420833281250004 0.6247499999999999 0.5142916671875 0.639921875 0.5142916671875 0.639921875 0.49420833281250004
0 0.6386328125 0.5148611109375001 0.6250703125 0.5148611109375001 0.6250703125 0.53380555625 0.6386328125 0.53380555625 0.6386328125 0.5148611109375001
0 0.6760859375 0.49133333281249997 0.6518671875 0.49133333281249997 0.6518671875 0.5188888890625 0.6760859375 0.5188888890625 0.6760859375 0.49133333281249997