0 0.75790625 0.14737499999999998 0.635390625 0.14737499999999998 0.635390625 0.232152778125 0.75790625 0.232152778125 0.75790625 0.14737499999999998
0 0.76010546875 0.24518749999999997 0.69261328125 0.24518749999999997 0.69261328125 0.339090278125 0.76010546875 0.339090278125 0.76010546875 0.24518749999999997
0 0.69114453125 0.221722221875 0.56349609375 0.221722221875 0.56349609375 0.32605555625 0.69114453125 0.32605555625 0.69114453125 0.221722221875
0 0.76083984375 0.3443125 0.63466015625 0.3443125 0.63466015625 0.43952083281250004 0.76083984375 0.43952083281250004 0.76083984375 0.3443125
0 0.63172265625 0.3351875 0.56496484375 0.3351875 0.56496484375 0.429090278125 0.63172265625 0.429090278125 0.63172265625 0.3351875
0 0.75350390625 0.4499513890625 0.6830742187500001 0.4499513890625 0.6830742187500001 0.54124305625 0.75350390625 0.54124305625 0.75350390625 0.4499513890625
0 0.68234375 0.447347221875 0.561296875 0.447347221875 0.561296875 0.53081944375 0.68234375 0.53081944375 0.68234375 0.447347221875
0 0.74616796875 0.545159721875 0.62805078125 0.545159721875 0.62805078125 0.6364513890625 0.74616796875 0.6364513890625 0.74616796875 0.545159721875
0 0.6867421874999999 0.78644444375 0.5825703125 0.78644444375 0.5825703125 0.8738333328125 0.6867421874999999 0.8738333328125 0.6867421874999999 0.78644444375
0 0.9179882812500001 0.902465278125 0.88957421875 0.902465278125 0.88957421875 0.9377291671875 0.9179882812500001 0.9377291671875 0.9179882812500001 0.902465278125
0 0.8681289062499999 0.89675694375 0.84615234375 0.89675694375 0.84615234375 0.9415486109375 0.8681289062499999 0.9415486109375 0.8681289062499999 0.89675694375
0 0.84615234375 0.9148680562499999 0.80380078125 0.9148680562499999 0.80380078125 0.9567986109375 0.84615234375 0.9567986109375 0.84615234375 0.9148680562499999
0 0.79308203125 0.7700138890625 0.76627734375 0.7700138890625 0.76627734375 0.8138472218749999 0.79308203125 0.8138472218749999 0.79308203125 0.7700138890625
0 0.8177421875 0.7976388890624999 0.7866484375 0.7976388890624999 0.7866484375 0.8376666671875 0.8177421875 0.8376666671875 0.8177421875 0.7976388890624999
0 0.8429375 0.851965278125 0.804875 0.851965278125 0.804875 0.9148680562499999 0.8429375 0.9148680562499999 0.8429375 0.851965278125
0 0.7877226562499999 0.840534721875 0.77271484375 0.840534721875 0.77271484375 0.863409721875 0.7877226562499999 0.863409721875 0.7877226562499999 0.840534721875
0 0.78611328125 0.8672083328125 0.77271484375 0.8672083328125 0.77271484375 0.8862638890625 0.78611328125 0.8862638890625 0.78611328125 0.8672083328125
0 0.9866015625 0.8919930562499999 0.9587265625000001 0.8919930562499999 0.9587265625000001 0.9215347218750001 0.9866015625 0.9215347218750001 0.9866015625 0.8919930562499999
0 0.7271484375 0.8662638890625001 0.6328046875 0.8662638890625001 0.6328046875 0.9472638890624999 0.7271484375 0.9472638890624999 0.7271484375 0.8662638890625001
0 0.399625 0.8405208328124999 0.32296874999999997 0.8405208328124999 0.32296874999999997 0.9129513890625001 0.399625 0.9129513890625001 0.399625 0.8405208328124999
0 0.4430390625 0.8567291671874999 0.3958671875 0.8567291671874999 0.3958671875 0.9205763890625001 0.4430390625 0.9205763890625001 0.4430390625 0.8567291671874999
0 0.43982421875 0.9262916671875001 0.36959765624999996 0.9262916671875001 0.36959765624999996 0.9758472218750001 0.43982421875 0.9758472218750001 0.43982421875 0.9262916671875001
0 0.36638671875 0.91963194375 0.32511328125 0.91963194375 0.32511328125 0.9682291671875 0.36638671875 0.9682291671875 0.36638671875 0.91963194375
0 0.08549218750000001 0.252534721875 0.0490390625 0.252534721875 0.0490390625 0.33449305625000003 0.08549218750000001 0.33449305625000003 0.08549218750000001 0.252534721875
0 0.049046875000000004 0.2592083328125 0.0195625 0.2592083328125 0.0195625 0.337347221875 0.049046875000000004 0.337347221875 0.049046875000000004 0.2592083328125
0 0.08870703125 0.33068055625000004 0.06673046875000001 0.33068055625000004 0.06673046875000001 0.40787500000000004 0.08870703125 0.40787500000000004 0.08870703125 0.33068055625000004
0 0.09192578125 0.40406944375 0.05654296875 0.40406944375 0.05654296875 0.4974583328125 0.09192578125 0.4974583328125 0.09192578125 0.40406944375
0 0.05493749999999999 0.42025694375 0.0233125 0.42025694375 0.0233125 0.5203263890625001 0.05493749999999999 0.5203263890625001 0.05493749999999999 0.42025694375
0 0.10210937499999999 0.48411111093750003 0.07423437499999999 0.48411111093750003 0.07423437499999999 0.5651111109375 0.10210937499999999 0.5651111109375 0.10210937499999999 0.48411111093750003
0 0.06887890625000001 0.4898263890625 0.02438671875 0.4898263890625 0.02438671875 0.5965625 0.06887890625000001 0.5965625 0.06887890625000001 0.4898263890625
0 0.15732421875 0.6242083328125 0.08281640625 0.6242083328125 0.08281640625 0.702347221875 0.15732421875 0.702347221875 0.15732421875 0.6242083328125
0 0.16376171875 0.6899583328125 0.08603515625 0.6899583328125 0.08603515625 0.76143055625 0.16376171875 0.76143055625 0.16376171875 0.6899583328125
0 0.16965234375 0.7442847218749999 0.09353515625 0.7442847218749999 0.09353515625 0.8147986109375 0.16965234375 0.8147986109375 0.16965234375 0.7442847218749999
0 0.17608984375 0.7947847218749999 0.09514453125 0.7947847218749999 0.09514453125 0.8681597218749999 0.17608984375 0.8681597218749999 0.17608984375 0.7947847218749999
0 0.181984375 0.84719444375 0.098359375 0.84719444375 0.098359375 0.9148611109375 0.181984375 0.9148611109375 0.181984375 0.84719444375
0 0.1325859375 0.314097221875 0.11772656249999999 0.314097221875 0.11772656249999999 0.3630138890625 0.1325859375 0.3630138890625 0.1325859375 0.314097221875
0 0.11964843750000001 0.42416666718749996 0.1056171875 0.42416666718749996 0.1056171875 0.47750000000000004 0.11964843750000001 0.47750000000000004 0.11964843750000001 0.42416666718749996
0 0.1378125 0.41438194375000004 0.122125 0.41438194375000004 0.122125 0.47064583281249994 0.1378125 0.47064583281249994 0.1378125 0.41438194375000004
0 0.13121093749999999 0.21330555625 0.1168984375 0.21330555625 0.1168984375 0.26027777812499997 0.13121093749999999 0.26027777812499997 0.13121093749999999 0.21330555625
0 0.241015625 0.20009722187499998 0.19340625 0.20009722187499998 0.19340625 0.2519583328125 0.241015625 0.2519583328125 0.241015625 0.20009722187499998
0 0.23495703125 0.25293055625 0.20963671874999998 0.25293055625 0.20963671874999998 0.30234722187499996 0.23495703125 0.30234722187499996 0.23495703125 0.25293055625
0 0.20330859375000002 0.2534166671875 0.18019140625000002 0.2534166671875 0.18019140625000002 0.305277778125 0.20330859375000002 0.305277778125 0.20330859375000002 0.2534166671875
0 0.23688671874999997 0.3033263890625 0.19092578124999998 0.3033263890625 0.19092578124999998 0.3571458328125 0.23688671874999997 0.3571458328125 0.23688671874999997 0.3033263890625
0 0.237984375 0.3546875 0.21184375000000003 0.3546875 0.21184375000000003 0.4060625 0.237984375 0.4060625 0.237984375 0.3546875
0 0.20441796874999998 0.356652778125 0.18047265625 0.356652778125 0.18047265625 0.40606944375 0.20441796874999998 0.40606944375 0.20441796874999998 0.356652778125
0 0.23853515625 0.40998611093750004 0.19202734375 0.40998611093750004 0.19202734375 0.4564583328125 0.23853515625 0.4564583328125 0.23853515625 0.40998611093750004
0 0.29660546875 0.26369444375 0.26936328125000003 0.26369444375 0.26936328125000003 0.3003888890625 0.29660546875 0.3003888890625 0.29660546875 0.26369444375
0 0.29055078125 0.30088194375 0.26880859375 0.30088194375 0.26880859375 0.33464583281250004 0.29055078125 0.33464583281250004 0.29055078125 0.30088194375
0 0.29990234375 0.362527778125 0.28311328125 0.362527778125 0.28311328125 0.39530555624999997 0.29990234375 0.39530555624999997 0.29990234375 0.362527778125
0 0.23991406249999997 0.5464791671875 0.2022109375 0.5464791671875 0.2022109375 0.58513194375 0.23991406249999997 0.58513194375 0.23991406249999997 0.5464791671875
0 0.239640625 0.5924652781249999 0.202765625 0.5924652781249999 0.202765625 0.63111805625 0.239640625 0.63111805625 0.239640625 0.5924652781249999
0 0.2412890625 0.6365000000000001 0.20524218749999998 0.6365000000000001 0.20524218749999998 0.671722221875 0.2412890625 0.671722221875 0.2412890625 0.6365000000000001
0 0.24432031250000003 0.6785625 0.2079921875 0.6785625 0.2079921875 0.719659721875 0.24432031250000003 0.719659721875 0.24432031250000003 0.6785625
0 0.247890625 0.7260208328125 0.21018750000000003 0.7260208328125 0.21018750000000003 0.7592847218750001 0.247890625 0.7592847218750001 0.247890625 0.7260208328125
0 0.3437109375 0.456097221875 0.3255703125 0.456097221875 0.3255703125 0.48706944375 0.3437109375 0.48706944375 0.3437109375 0.456097221875
0 0.34728515625 0.49087500000000006 0.32437109375 0.49087500000000006 0.32437109375 0.51718055625 0.34728515625 0.51718055625 0.34728515625 0.49087500000000006
0 0.37473046875 0.405597221875 0.36112890625 0.405597221875 0.36112890625 0.42893055625 0.37473046875 0.42893055625 0.37473046875 0.405597221875
0 0.40241015625000004 0.3920208328125 0.38785546875 0.3920208328125 0.38785546875 0.41281249999999997 0.40241015625000004 0.41281249999999997 0.40241015625000004 0.3920208328125
0 0.40217578125 0.4149375 0.38762109375 0.4149375 0.38762109375 0.43614583281249997 0.40217578125 0.43614583281249997 0.40217578125 0.4149375
0 0.4021796875 0.43827777812499996 0.3873828125 0.43827777812499996 0.3873828125 0.45694444375 0.4021796875 0.45694444375 0.4021796875 0.43827777812499996
0 0.3771171875 0.27959722187499997 0.3632734375 0.27959722187499997 0.3632734375 0.30462500000000003 0.3771171875 0.30462500000000003 0.3771171875 0.27959722187499997
0 0.278078125 0.016125 0.2535 0.016125 0.2535 0.0517638890625 0.278078125 0.0517638890625 0.278078125 0.016125
0 0.27616406250000003 0.050062499999999996 0.24991406249999998 0.050062499999999996 0.24991406249999998 0.0848541671875 0.27616406250000003 0.0848541671875 0.27616406250000003 0.050062499999999996
0 0.277125 0.08188194374999999 0.25182812499999996 0.08188194374999999 0.25182812499999996 0.11539583281250002 0.277125 0.11539583281250002 0.277125 0.08188194374999999
0 0.3499140625 0.06151388906250001 0.32127343750000004 0.06151388906250001 0.32127343750000004 0.086125 0.3499140625 0.086125 0.3499140625 0.06151388906250001
0 0.3491953125 0.087402778125 0.3301015625 0.087402778125 0.3301015625 0.11073611093749999 0.3491953125 0.11073611093749999 0.3491953125 0.087402778125
0 0.329390625 0.09036805625 0.31124999999999997 0.09036805625 0.31124999999999997 0.1115763890625 0.329390625 0.1115763890625 0.329390625 0.09036805625
0 0.34919140625 0.1128611109375 0.32079296875 0.1128611109375 0.32079296875 0.1349166671875 0.34919140625 0.1349166671875 0.34919140625 0.1128611109375
0 0.34895703125 0.135340278125 0.33129296875 0.135340278125 0.33129296875 0.1578263890625 0.34895703125 0.1578263890625 0.34895703125 0.135340278125
0 0.3308203125 0.1357638890625 0.31149218749999996 0.1357638890625 0.31149218749999996 0.157402778125 0.3308203125 0.157402778125 0.3308203125 0.1357638890625
0 0.3981796875 0.11225 0.3793046875 0.11225 0.3793046875 0.135972221875 0.3981796875 0.135972221875 0.3981796875 0.11225
0 0.3978515625 0.13713194374999998 0.3783203125 0.13713194374999998 0.3783203125 0.15911805625 0.3978515625 0.15911805625 0.3978515625 0.13713194374999998
0 0.39752734375 0.16144444375 0.37767578125 0.16144444375 0.37767578125 0.18227777812499998 0.39752734375 0.18227777812499998 0.39752734375 0.16144444375
0 0.41836328125 0.1336666671875 0.40566796875 0.1336666671875 0.40566796875 0.1539166671875 0.41836328125 0.1539166671875 0.41836328125 0.1336666671875